!!USGS Station ID 03609750: Tennessee River at Highway 60 near Paducah, KY
197310										
YYYYMM  Flow_cms  Sed_ton  TP_ton   TN_ton  NO2+3_ton NO3_ton  Sed_sd  TP_sd   TN_sd   NO2+3_sd   NO3_sd 
197310         927     8290     197    1130        424   -9999    1388      21     125         86   -9999
197311        1320    15100     307    1989       1100   -9999    2300      38     306        283   -9999
197312        3270    47200     859    6630       4460   -9999    6750     107    1093       1060   -9999
197401        7450   103000    2070   20560      15800   -9999   21050     323    4622       4570   -9999
197402        6040    73800    1400   15270      11800   -9999   11275     193    3064       3030   -9999
197403        2470    29400     532    5480       3850   -9999    3575      57     811        790   -9999
197404        2280    23600     446    4260       2710   -9999    2950      48     611        585   -9999
197405        1500    13300     271    2200       1020   -9999    1700      27     241        200   -9999
197406        2330    21300     432    3210       1280   -9999    3175      57     421        335   -9999
197407        1010     8060     177    1249        337   -9999     983      18     124         66   -9999
197408        1070     9720     201    1317        334   -9999    1135      20     128         65   -9999
197409        1150    12000     228    1401        403   -9999    1370      23     135         80   -9999
197410         904    10300     192    1166        412   -9999    1253      20     119         84   -9999
197411        1080    14600     239    1574        773   -9999    1675      27     189        167   -9999
197412        1810    30200     444    3570       2280   -9999    3475      51     535        518   -9999
197501        4580    82700    1200   11810       8620   -9999    9825     150    2033       2000   -9999
197502        4540    68700    1010   11120       8270   -9999    7850     123    1889       1863   -9999
197503        6470    87000    1560   17460      12700   -9999   17125     243    3789       3730   -9999
197504        3900    47700     827    8470       5540   -9999    6775     115    1593       1550   -9999
197505        1760    18900     325    2800       1280   -9999    2375      34     300        258   -9999
197506        1210    10900     203    1622        532   -9999    1263      20     152        105   -9999
197507        1120    10500     199    1492        382   -9999    1218      20     134         74   -9999
197508        1020    10100     190    1344        314   -9999    1170      19     119         61   -9999
197509        1060    11900     209    1371        372   -9999    1423      21     123         75   -9999
197510        1940    30400     462    2950       1160   -9999    4550      56     342        281   -9999
197511        1560    24800     360    2480       1200   -9999    3350      39     275        245   -9999
197512        1740    30400     423    3410       2040   -9999    4150      46     447        425   -9999
197601        3120    57700     789    7730       5360   -9999    7875      90    1167       1140   -9999
197602        2270    34300     488    5310       3700   -9999    4525      54     796        780   -9999
197603        1800    24300     370    3960       2540   -9999    3175      39     530        513   -9999
197604        1210    13000     222    2244       1260   -9999    1668      25     303        286   -9999
197605         920     7960     157    1418        554   -9999    1063      17     147        118   -9999
197606        1270    11300     216    1838        568   -9999    1368      22     162        112   -9999
197607        1300    12100     235    1881        461   -9999    1530      24     163         92   -9999
197608         997     9240     186    1407        307   -9999    1083      19     118         60   -9999
197609         895     8630     172    1222        295   -9999    1080      17     104         58   -9999
197610         900    10200     192    1319        422   -9999    1323      21     125         87   -9999
197611         933    11200     201    1441        610   -9999    1545      23     161        135   -9999
197612        1170    16200     268    2214       1220   -9999    2175      32     295        274   -9999
197701        1560    22600     360    3550       2270   -9999    3050      41     512        493   -9999
197702        1140    12200     217    2342       1500   -9999    1775      28     381        368   -9999
197703        3520    44600     806    9360       6320   -9999    6175      98    1518       1475   -9999
197704        3180    32600     654    7030       4150   -9999    4750      84    1134       1078   -9999
197705        1200     9610     212    2043        823   -9999    1153      22     203        165   -9999
197706         979     6500     161    1467        407   -9999     810      16     130         81   -9999
197707         960     6550     168    1456        316   -9999     815      17     127         62   -9999
197708         889     6290     164    1336        266   -9999     828      17     117         52   -9999
197709        1050     8610     207    1558        368   -9999    1103      21     141         74   -9999
197710        1600    16900     363    2618        848   -9999    2550      38     257        171   -9999
197711        3160    38300     796    6120       3010   -9999    6825     103     878        770   -9999
197712        4290    53800    1170   10080       5960   -9999   10300     165    1679       1563   -9999
197801        3340    39600     846    9100       6070   -9999    6750      99    1407       1350   -9999
197802        2200    20500     460    5250       3460   -9999    3425      52     794        763   -9999
197803        2400    21200     522    6130       3860   -9999    3700      57     873        828   -9999
197804         683     3370     114    1225        567   -9999     863      16     177        153   -9999
197805        2090    13100     403    4080       1730   -9999    2645      49     531        435   -9999
197806        1140     5550     191    1859        499   -9999    1065      19     177         98   -9999
197807         961     4460     168    1568        318   -9999     915      17     149         62   -9999
197808        1080     5530     204    1780        340   -9999    1180      21     176         67   -9999
197809         946     4840     183    1486        316   -9999    1100      19     150         63   -9999
197810         699     7760     118     892        291   -9999     910      16      91         42   -9999
197811         705     8900     118    1056        520   -9999    1180      17     110         77   -9999
197812        2520    45200     619    6050       4150   -9999    5900      83     647        595   -9999
197901        4750    90700    1130   14100      10700   -9999   12850     169    1845       1770   -9999
197902        2360    31700     432    6330       4830   -9999    3500      58     705        675   -9999
197903        4290    62100     843   11520       8520   -9999    7700     121    1399       1330   -9999
197904        3510    38700     620    7090       4650   -9999    4575      84     720        640   -9999
197905        1950    17400     316    3010       1590   -9999    2000      44     288        210   -9999
197906        1770    14200     272    2170        910   -9999    1800      39     223        126   -9999
197907        1410    11500     221    1538        508   -9999    1415      33     171         67   -9999
197908        1250    11100     196    1289        417   -9999    1275      31     149         56   -9999
197909        2040    23600     374    2245        955   -9999    3275      64     269        154   -9999
197910        1710    22000     338    2590        870   -9999    2275      21     203        122   -9999
197911        3210    54800     720    6390       3270   -9999    7325      54     675        558   -9999
197912        2850    51800     639    7000       4140   -9999    6150      46     700        618   -9999
198001        2670    45900     579    7840       5160   -9999    4875      40     782        725   -9999
198002        1590    20300     278    4040       2550   -9999    2075      18     378        353   -9999
198003        5380    84400    1460   17490      12100   -9999   15275     153    2617       2445   -9999
198004        3260    38200     734    7850       4690   -9999    5475      61     907        808   -9999
198005        1920    17200     389    3320       1400   -9999    2200      29     290        208   -9999
198006         951     6330     147    1270        351   -9999     685      11     102         48   -9999
198007        1090     7910     179    1409        319   -9999     805      13     111         41   -9999
198008         890     6870     139    1113        225   -9999     683      11      94         29   -9999
198009         861     7570     128    1074        243   -9999     770      10      93         32   -9999
198010         513     5920    72.1     676        157   -9999    1090       5      71         30   -9999
198011         758    10200     113    1134        384   -9999    1745       7     108         73   -9999
198012         775    10200     118    1338        545   -9999    1818       8     134        105   -9999
198101         613     6410    87.8    1130        507   -9999    1315       6     132        111   -9999
198102        1280    12300     197    2560       1360   -9999    2043      13     284        261   -9999
198103         805     6190     123    1556        731   -9999    1145       8     174        152   -9999
198104         855     5490     128    1448        598   -9999     993       9     149        121   -9999
198105         662     3920      99     978        302   -9999     745       7      98         62   -9999
198106        1690    12800     301    2458        758   -9999    2365      22     236        158   -9999
198107        1100     8760     178    1455        315   -9999    1410      12     123         59   -9999
198108         928     8740     143    1180        225   -9999    1370      10     102         43   -9999
198109         964    11000     145    1214        254   -9999    1703      10     106         50   -9999
198110         962    13200     161    1627        417   -9999    2115       9     181         73   -9999
198111         820    11100     127    1445        455   -9999    1928       8     167         86   -9999
198112        1350    20700     249    3070       1300   -9999    3450      13     342        231   -9999
198201        4290    76400    1090   14870       8720   -9999   17000      88    2341       1973   -9999
198202        3940    51000     870   12630       7530   -9999   10125      66    1840       1548   -9999
198203        2410    25700     531    7540       4150   -9999    4550      35     986        788   -9999
198204        1320     9610     233    3040       1320   -9999    1673      13     360        244   -9999
198205         978     6360     164    1950        650   -9999    1145       9     236        124   -9999
198206         816     5120     127    1399        349   -9999     928       8     183         68   -9999
198207        1080     8740     187    1875        395   -9999    1455      10     248         71   -9999
198208        1280    12900     230    2223        443   -9999    2120      12     301         79   -9999
198209        1110    12900     187    1879        379   -9999    2053      10     259         66   -9999
198210         933    12400     153    1674        394   -9999    1725      10     208         67   -9999
198211        1150    16100     195    2290        720   -9999    2350      13     274        128   -9999
198212        4250    79600    1030   12410       5770   -9999   14650      89    1780       1270   -9999
198301        2550    38100     555    7610       3700   -9999    6075      42     969        695   -9999
198302        2610    29300     511    7550       3900   -9999    4475      38     959        713   -9999
198303        1680    16600     338    5020       2450   -9999    2600      25     649        470   -9999
198304        3470    34100     789   10310       4890   -9999    5825      67    1435        973   -9999
198305        4270    46800    1110   12080       4950   -9999   10500     116    2036       1240   -9999
198306        2190    19900     449    4920       1530   -9999    3475      35     718        335   -9999
198307        1190    10700     207    2315        485   -9999    1535      13     331         85   -9999
198308        1070    11300     182    2032        372   -9999    1583      11     304         64   -9999
198309         823     9190     127    1484        264   -9999    1280       9     237         45   -9999
198310         653     7890    84.7    1176        317   -9999    1133       9     169         76   -9999
198311        1190    16800     173    2750       1010   -9999    2500      17     391        257   -9999
198312        3890    68800     853   12840       5810   -9999   12075     109    2046       1535   -9999
198401        1810    22600     282    5680       2780   -9999    3175      27     832        680   -9999
198402        1560    14400     215    4710       2410   -9999    2075      21     725        613   -9999
198403        2280    21000     367    7760       3940   -9999    2875      37    1139        930   -9999
198404        2020    16300     312    6050       2770   -9999    2300      32     880        660   -9999
198405        5970    64200    1660   20720       8720   -9999   13975     363    3952       2733   -9999
198406        1190     8910     152    2527        757   -9999    1215      16     364        177   -9999
198407        1200    10900     157    2467        617   -9999    1465      17     367        144   -9999
198408        1270    13900     167    2609        609   -9999    1900      18     397        145   -9999
198409         987    11600     120    1907        457   -9999    1540      13     305        114   -9999
198410         966    15100     122    2090        620   -9999    2500      14     251        134   -9999
198411        1610    29200     234    4190       1560   -9999    5200      29     530        364   -9999
198412        1900    32700     296    5770       2470   -9999    5900      37     754        575   -9999
198501        1510    19000     211    4820       2280   -9999    3700      27     648        530   -9999
198502        3030    31100     511   10570       5380   -9999    5700      73    1548       1278   -9999
198503         910     5460     109    2660       1240   -9999    1153      14     378        301   -9999
198504         458     1770    50.5    1073        432   -9999     375       8     168        114   -9999
198505         883     4740     105    2161        771   -9999     855      14     293        175   -9999
198506         753     4160    82.8    1573        453   -9999     715      11     227        103   -9999
198507         898     7350     104    1917        477   -9999    1223      14     272        107   -9999
198508        1110    13200     133    2429        579   -9999    2183      19     342        133   -9999
198509         750     8570    80.8    1511        371   -9999    1400      12     233         89   -9999
198510         839    10600     114    1667        337   -9999    2490      13     192         49   -9999
198511        1080    13100     152    2345        605   -9999    3155      17     269         92   -9999
198512        1240    13200     188    3160       1030   -9999    3243      21     361        161   -9999
198601         805     4620     109    2160        860   -9999    1348      12     239        143   -9999
198602        1730    12900     293    4870       1960   -9999    3320      37     649        320   -9999
198603        1310     7910     210    3830       1490   -9999    1880      24     458        223   -9999
198604         281      668    35.9     608        223   -9999     231       8      86         41   -9999
198605         416     1990    57.3     864        213   -9999     565       9     122         33   -9999
198606         811     5900     114    1657        317   -9999    1535      13     237         52   -9999
198607         499     3340    63.9     914        139   -9999     790       8     137         21   -9999
198608         484     4030    61.9     870        118   -9999     963       8     137         18   -9999
198609         777     9870     104    1483        203   -9999    2328      12     228         35   -9999
198610       -9999    -9999   -9999   -9999      -9999   -9999   -9999   -9999   -9999      -9999   -9999
198611       -9999    -9999   -9999   -9999      -9999   -9999   -9999   -9999   -9999      -9999   -9999
198612       -9999    -9999   -9999   -9999      -9999   -9999   -9999   -9999   -9999      -9999   -9999
198701       -9999    -9999   -9999   -9999      -9999   -9999   -9999   -9999   -9999      -9999   -9999
198702       -9999    -9999   -9999   -9999      -9999   -9999   -9999   -9999   -9999      -9999   -9999
198703       -9999    -9999   -9999   -9999      -9999   -9999   -9999   -9999   -9999      -9999   -9999
198704       -9999    -9999   -9999   -9999      -9999   -9999   -9999   -9999   -9999      -9999   -9999
198705       -9999    -9999   -9999   -9999      -9999   -9999   -9999   -9999   -9999      -9999   -9999
198706       -9999    -9999   -9999   -9999      -9999   -9999   -9999   -9999   -9999      -9999   -9999
198707       -9999    -9999   -9999   -9999      -9999   -9999   -9999   -9999   -9999      -9999   -9999
198708       -9999    -9999   -9999   -9999      -9999   -9999   -9999   -9999   -9999      -9999   -9999
198709       -9999    -9999   -9999   -9999      -9999   -9999   -9999   -9999   -9999      -9999   -9999
198710       -9999    -9999   -9999   -9999      -9999   -9999   -9999   -9999   -9999      -9999   -9999
198711       -9999    -9999   -9999   -9999      -9999   -9999   -9999   -9999   -9999      -9999   -9999
198712       -9999    -9999   -9999   -9999      -9999   -9999   -9999   -9999   -9999      -9999   -9999
198801       -9999    -9999   -9999   -9999      -9999   -9999   -9999   -9999   -9999      -9999   -9999
198802       -9999    -9999   -9999   -9999      -9999   -9999   -9999   -9999   -9999      -9999   -9999
198803       -9999    -9999   -9999   -9999      -9999   -9999   -9999   -9999   -9999      -9999   -9999
198804       -9999    -9999   -9999   -9999      -9999   -9999   -9999   -9999   -9999      -9999   -9999
198805       -9999    -9999   -9999   -9999      -9999   -9999   -9999   -9999   -9999      -9999   -9999
198806       -9999    -9999   -9999   -9999      -9999   -9999   -9999   -9999   -9999      -9999   -9999
198807       -9999    -9999   -9999   -9999      -9999   -9999   -9999   -9999   -9999      -9999   -9999
198808       -9999    -9999   -9999   -9999      -9999   -9999   -9999   -9999   -9999      -9999   -9999
198809       -9999    -9999   -9999   -9999      -9999   -9999   -9999   -9999   -9999      -9999   -9999
198810       -9999    -9999   -9999   -9999      -9999   -9999   -9999   -9999   -9999      -9999   -9999
198811       -9999    -9999   -9999   -9999      -9999   -9999   -9999   -9999   -9999      -9999   -9999
198812       -9999    -9999   -9999   -9999      -9999   -9999   -9999   -9999   -9999      -9999   -9999
198901       -9999    -9999   -9999   -9999      -9999   -9999   -9999   -9999   -9999      -9999   -9999
198902       -9999    -9999   -9999   -9999      -9999   -9999   -9999   -9999   -9999      -9999   -9999
198903       -9999    -9999   -9999   -9999      -9999   -9999   -9999   -9999   -9999      -9999   -9999
198904       -9999    -9999   -9999   -9999      -9999   -9999   -9999   -9999   -9999      -9999   -9999
198905       -9999    -9999   -9999   -9999      -9999   -9999   -9999   -9999   -9999      -9999   -9999
198906       -9999    -9999   -9999   -9999      -9999   -9999   -9999   -9999   -9999      -9999   -9999
198907       -9999    -9999   -9999   -9999      -9999   -9999   -9999   -9999   -9999      -9999   -9999
198908       -9999    -9999   -9999   -9999      -9999   -9999   -9999   -9999   -9999      -9999   -9999
198909       -9999    -9999   -9999   -9999      -9999   -9999   -9999   -9999   -9999      -9999   -9999
198910       -9999    -9999   -9999   -9999      -9999   -9999   -9999   -9999   -9999      -9999   -9999
198911       -9999    -9999   -9999   -9999      -9999   -9999   -9999   -9999   -9999      -9999   -9999
198912       -9999    -9999   -9999   -9999      -9999   -9999   -9999   -9999   -9999      -9999   -9999
199001       -9999    -9999   -9999   -9999      -9999   -9999   -9999   -9999   -9999      -9999   -9999
199002       -9999    -9999   -9999   -9999      -9999   -9999   -9999   -9999   -9999      -9999   -9999
199003       -9999    -9999   -9999   -9999      -9999   -9999   -9999   -9999   -9999      -9999   -9999
199004       -9999    -9999   -9999   -9999      -9999   -9999   -9999   -9999   -9999      -9999   -9999
199005       -9999    -9999   -9999   -9999      -9999   -9999   -9999   -9999   -9999      -9999   -9999
199006       -9999    -9999   -9999   -9999      -9999   -9999   -9999   -9999   -9999      -9999   -9999
199007       -9999    -9999   -9999   -9999      -9999   -9999   -9999   -9999   -9999      -9999   -9999
199008       -9999    -9999   -9999   -9999      -9999   -9999   -9999   -9999   -9999      -9999   -9999
199009       -9999    -9999   -9999   -9999      -9999   -9999   -9999   -9999   -9999      -9999   -9999
199010       -9999    -9999   -9999   -9999      -9999   -9999   -9999   -9999   -9999      -9999   -9999
199011       -9999    -9999   -9999   -9999      -9999   -9999   -9999   -9999   -9999      -9999   -9999
199012       -9999    -9999   -9999   -9999      -9999   -9999   -9999   -9999   -9999      -9999   -9999
199101       -9999    -9999   -9999   -9999      -9999   -9999   -9999   -9999   -9999      -9999   -9999
199102       -9999    -9999   -9999   -9999      -9999   -9999   -9999   -9999   -9999      -9999   -9999
199103       -9999    -9999   -9999   -9999      -9999   -9999   -9999   -9999   -9999      -9999   -9999
199104       -9999    -9999   -9999   -9999      -9999   -9999   -9999   -9999   -9999      -9999   -9999
199105       -9999    -9999   -9999   -9999      -9999   -9999   -9999   -9999   -9999      -9999   -9999
199106       -9999    -9999   -9999   -9999      -9999   -9999   -9999   -9999   -9999      -9999   -9999
199107       -9999    -9999   -9999   -9999      -9999   -9999   -9999   -9999   -9999      -9999   -9999
199108       -9999    -9999   -9999   -9999      -9999   -9999   -9999   -9999   -9999      -9999   -9999
199109       -9999    -9999   -9999   -9999      -9999   -9999   -9999   -9999   -9999      -9999   -9999
199110       -9999    -9999   -9999   -9999      -9999   -9999   -9999   -9999   -9999      -9999   -9999
199111       -9999    -9999   -9999   -9999      -9999   -9999   -9999   -9999   -9999      -9999   -9999
199112       -9999    -9999   -9999   -9999      -9999   -9999   -9999   -9999   -9999      -9999   -9999
199201       -9999    -9999   -9999   -9999      -9999   -9999   -9999   -9999   -9999      -9999   -9999
199202       -9999    -9999   -9999   -9999      -9999   -9999   -9999   -9999   -9999      -9999   -9999
199203       -9999    -9999   -9999   -9999      -9999   -9999   -9999   -9999   -9999      -9999   -9999
199204       -9999    -9999   -9999   -9999      -9999   -9999   -9999   -9999   -9999      -9999   -9999
199205       -9999    -9999   -9999   -9999      -9999   -9999   -9999   -9999   -9999      -9999   -9999
199206       -9999    -9999   -9999   -9999      -9999   -9999   -9999   -9999   -9999      -9999   -9999
199207       -9999    -9999   -9999   -9999      -9999   -9999   -9999   -9999   -9999      -9999   -9999
199208       -9999    -9999   -9999   -9999      -9999   -9999   -9999   -9999   -9999      -9999   -9999
199209       -9999    -9999   -9999   -9999      -9999   -9999   -9999   -9999   -9999      -9999   -9999
199210       -9999    -9999   -9999   -9999      -9999   -9999   -9999   -9999   -9999      -9999   -9999
199211       -9999    -9999   -9999   -9999      -9999   -9999   -9999   -9999   -9999      -9999   -9999
199212       -9999    -9999   -9999   -9999      -9999   -9999   -9999   -9999   -9999      -9999   -9999
199301       -9999    -9999   -9999   -9999      -9999   -9999   -9999   -9999   -9999      -9999   -9999
199302       -9999    -9999   -9999   -9999      -9999   -9999   -9999   -9999   -9999      -9999   -9999
199303       -9999    -9999   -9999   -9999      -9999   -9999   -9999   -9999   -9999      -9999   -9999
199304       -9999    -9999   -9999   -9999      -9999   -9999   -9999   -9999   -9999      -9999   -9999
199305       -9999    -9999   -9999   -9999      -9999   -9999   -9999   -9999   -9999      -9999   -9999
199306       -9999    -9999   -9999   -9999      -9999   -9999   -9999   -9999   -9999      -9999   -9999
199307       -9999    -9999   -9999   -9999      -9999   -9999   -9999   -9999   -9999      -9999   -9999
199308       -9999    -9999   -9999   -9999      -9999   -9999   -9999   -9999   -9999      -9999   -9999
199309       -9999    -9999   -9999   -9999      -9999   -9999   -9999   -9999   -9999      -9999   -9999
199310       -9999    -9999   -9999   -9999      -9999   -9999   -9999   -9999   -9999      -9999   -9999
199311       -9999    -9999   -9999   -9999      -9999   -9999   -9999   -9999   -9999      -9999   -9999
199312       -9999    -9999   -9999   -9999      -9999   -9999   -9999   -9999   -9999      -9999   -9999
199401       -9999    -9999   -9999   -9999      -9999   -9999   -9999   -9999   -9999      -9999   -9999
199402       -9999    -9999   -9999   -9999      -9999   -9999   -9999   -9999   -9999      -9999   -9999
199403       -9999    -9999   -9999   -9999      -9999   -9999   -9999   -9999   -9999      -9999   -9999
199404       -9999    -9999   -9999   -9999      -9999   -9999   -9999   -9999   -9999      -9999   -9999
199405       -9999    -9999   -9999   -9999      -9999   -9999   -9999   -9999   -9999      -9999   -9999
199406       -9999    -9999   -9999   -9999      -9999   -9999   -9999   -9999   -9999      -9999   -9999
199407       -9999    -9999   -9999   -9999      -9999   -9999   -9999   -9999   -9999      -9999   -9999
199408       -9999    -9999   -9999   -9999      -9999   -9999   -9999   -9999   -9999      -9999   -9999
199409       -9999    -9999   -9999   -9999      -9999   -9999   -9999   -9999   -9999      -9999   -9999
199410       -9999    -9999   -9999   -9999      -9999   -9999   -9999   -9999   -9999      -9999   -9999
199411       -9999    -9999   -9999   -9999      -9999   -9999   -9999   -9999   -9999      -9999   -9999
199412       -9999    -9999   -9999   -9999      -9999   -9999   -9999   -9999   -9999      -9999   -9999
199501       -9999    -9999   -9999   -9999      -9999   -9999   -9999   -9999   -9999      -9999   -9999
199502       -9999    -9999   -9999   -9999      -9999   -9999   -9999   -9999   -9999      -9999   -9999
199503       -9999    -9999   -9999   -9999      -9999   -9999   -9999   -9999   -9999      -9999   -9999
199504       -9999    -9999   -9999   -9999      -9999   -9999   -9999   -9999   -9999      -9999   -9999
199505       -9999    -9999   -9999   -9999      -9999   -9999   -9999   -9999   -9999      -9999   -9999
199506       -9999    -9999   -9999   -9999      -9999   -9999   -9999   -9999   -9999      -9999   -9999
199507       -9999    -9999   -9999   -9999      -9999   -9999   -9999   -9999   -9999      -9999   -9999
199508       -9999    -9999   -9999   -9999      -9999   -9999   -9999   -9999   -9999      -9999   -9999
199509       -9999    -9999   -9999   -9999      -9999   -9999   -9999   -9999   -9999      -9999   -9999
199510        1360    -9999   -9999   -9999      -9999   -9999   -9999   -9999   -9999      -9999   -9999
199511        2220    -9999   -9999   -9999      -9999   -9999   -9999   -9999   -9999      -9999   -9999
199512        1390    -9999   -9999   -9999      -9999   -9999   -9999   -9999   -9999      -9999   -9999
199601        3530    -9999   -9999   -9999      -9999   -9999   -9999   -9999   -9999      -9999   -9999
199602        3550    -9999   -9999   -9999      -9999   -9999   -9999   -9999   -9999      -9999   -9999
199603        3210    -9999   -9999   -9999      -9999   -9999   -9999   -9999   -9999      -9999   -9999
199604        1650    -9999   -9999   -9999      -9999   -9999   -9999   -9999   -9999      -9999   -9999
199605        1300    -9999   -9999   -9999      -9999   -9999   -9999   -9999   -9999      -9999   -9999
199606        1280    -9999   -9999   -9999      -9999   -9999   -9999   -9999   -9999      -9999   -9999
199607         902    -9999   -9999   -9999      -9999   -9999   -9999   -9999   -9999      -9999   -9999
199608        1070    -9999   -9999   -9999      -9999   -9999   -9999   -9999   -9999      -9999   -9999
199609        1030    -9999   -9999   -9999      -9999   -9999   -9999   -9999   -9999      -9999   -9999
199610         923    14900    92.6     954        371   -9999    1850      15      69         47   -9999
199611        1700    31300     222    2257       1290   -9999    3675      32     192        175   -9999
199612        3940    82300     827    7080       4890   -9999    9975     123     749        725   -9999
199701        3390    55300     625    7620       5700   -9999    5825      78     714        700   -9999
199702        2980    35700     459    6350       4760   -9999    3750      57     577        565   -9999
199703        5680    66100    1240   12310       8780   -9999    7150     197    1508       1485   -9999
199704         934     6310    82.9    1429        789   -9999     708      11     110         98   -9999
199705        1420    10200     152    2015        955   -9999    1025      17     133        113   -9999
199706        3450    29900     498    4190       1640   -9999    3300      59     298        223   -9999
199707        1340    11700     147    1491        431   -9999    1195      16      92         53   -9999
199708         935     9730    98.1     957        231   -9999    1043      11      60         28   -9999
199709         798     9730    86.9     773        203   -9999    1085      10      51         25   -9999
199710         844    12600     107     904        322   -9999    1375      12      60         41   -9999
199711        1050    16500     149    1282        622   -9999    1775      17      93         79   -9999
199712         876    12600     124    1349        791   -9999    1350      14     109        101   -9999
199801        3200    50500     798    7200       5230   -9999    5275      97     709        695   -9999
199802        3390    37800     668    7490       5520   -9999    3575      68     663        650   -9999
199803        2380    22000     408    5280       3620   -9999    1925      40     415        403   -9999
199804        2480    19000     435    4260       2440   -9999    1850      51     315        293   -9999
199805        2760    21200     485    4330       2140   -9999    2025      53     305        270   -9999
199806        2200    16700     345    2810       1020   -9999    1675      40     182        134   -9999
199807        1120     9060     138    1301        328   -9999     818      14      72         38   -9999
199808        1160    11700     154    1286        312   -9999    1118      17      75         38   -9999
199809         839     9750     111     872        220   -9999     965      12      53         27   -9999
199810         739    10000     109     816        256   -9999    1010      12      51         32   -9999
199811         668     9030    98.9     789        324   -9999     953      11      54         42   -9999
199812        1110    15800     201    1924       1160   -9999    1500      23     159        150   -9999
199901        3980    59500    1280    9280       6620   -9999    6400     191    1000        980   -9999
199902        2390    25000     515    5200       3690   -9999    2500      62     461        450   -9999
199903        2540    22600     536    5820       3910   -9999    2050      58     453        438   -9999
199904         605     3290    68.1     900        401   -9999     353       8      66         54   -9999
199905        1490     9790     246    2330       1020   -9999     940      28     151        126   -9999
199906         699     3920    77.4     850        205   -9999     345       8      45         23   -9999
199907        1220     9260     169    1518        368   -9999     815      18      84         42   -9999
199908         821     7310     112     948        188   -9999     673      12      54         22   -9999
199909         545     5440    74.1     579        111   -9999     548       9      36         16   -9999
199910         624     7810    99.1     720        205   -9999     798      11      46         27   -9999
199911         692     8930     115     868        344   -9999     915      13      59         45   -9999
199912         733     9160     128    1138        582   -9999     943      14      85         75   -9999
200001         761     7800     127    1425        842   -9999     808      14     117        110   -9999
200002         837     6390     125    1605        978   -9999     668      14     140        132   -9999
200003        1080     7430     167    2201       1280   -9999     715      18     171        159   -9999
200004        2250    15400     466    4330       2400   -9999    1650      55     322        293   -9999
200005         881     4790     117    1347        479   -9999     448      11      78         56   -9999
200006         647     3370    74.1     834        183   -9999     310       7      47         21   -9999
200007         656     4210    81.5     830        144   -9999     390       8      47         17   -9999
200008         969     8410     144    1214        243   -9999     840      15      76         29   -9999
200009         601     5820    86.4     691        132   -9999     610      10      45         18   -9999
200010         678     8080     112     837        229   -9999     868      12      54         30   -9999
200011         797     9970     140    1095        444   -9999    1083      16      75         57   -9999
200012         989    12600     210    1814       1010   -9999    1458      26     153        140   -9999
200101        1250    13600     287    2860       1840   -9999    1650      38     265        253   -9999
200102        3010    27400     824    6900       4630   -9999    3650     124     705        675   -9999
200103        1520    11000     278    3480       2100   -9999    1223      35     272        253   -9999
200104         764     3830    96.4    1298        552   -9999     425      12      89         69   -9999
200105         537     2490    61.6     812        228   -9999     275       8      53         29   -9999
200106         922     4810     113    1325        330   -9999     508      14      82         37   -9999
200107         850     5360     109    1179        221   -9999     575      14      76         25   -9999
200108        1270    11000     198    1725        355   -9999    1370      30     126         45   -9999
200109        1110    11200     174    1427        327   -9999    1405      27     104         42   -9999
200110        1230    18200     259    1713        553   -9999    2300      37     135         91   -9999
200111        1050    15300     269    1599        694   -9999    2075      49     153        130   -9999
200112        3120    52600    1250    6560       3720   -9999    7450     210     699        643   -9999
200201        3040    40100    1740    7810       4720   -9999    7475     398    1274       1213   -9999
200202        2160    22300     666    5150       3410   -9999    3050     116     545        523   -9999
200203        2870    25200    1110    7050       4020   -9999    3925     204     816        755   -9999
200204        1750    12900     461    3670       1910   -9999    1865      75     357        323   -9999
200205        1650    11400     309    2900       1110   -9999    1555      41     207        150   -9999
200206         722     4360    99.9    1052        239   -9999     633      12      70         34   -9999
200207         693     5250     100     987        153   -9999     813      13      68         21   -9999
200208         752     7400     118    1034        156   -9999    1213      16      75         22   -9999
200209         985    13500     201    1334        284   -9999    2505      33     111         51   -9999
200210        1100    15100     200    1445        470   -9999    1800      22     120         83   -9999
200211        1860    29700     427    3010       1500   -9999    3675      50     309        275   -9999
200212        3290    55700    1070    7540       4740   -9999    7025     126     912        873   -9999
200301        1480    19100     301    3510       2350   -9999    1975      31     395        380   -9999
200302        5050    54700    2130   12990       8320   -9999    7725     390    2263       2178   -9999
200303        2860    26900     804    7700       5040   -9999    3225     103     915        878   -9999
200304        1440     8810     205    2740       1460   -9999     875      20     260        228   -9999
200305        4820    34800    1510    9250       3650   -9999    4975     248    1110        865   -9999
200306        1500     8920     198    2090        640   -9999     910      19     179         99   -9999
200307        1430    10200     202    1883        463   -9999    1095      21     175         75   -9999
200308        1430    13200     225    1789        419   -9999    1575      25     183         74   -9999
200309        1340    15400     229    1587        437   -9999    1950      27     174         82   -9999
200310        1090    16400     200    1412        519   -9999    3250      23     126        102   -9999
200311        1300    20900     254    2016       1070   -9999    3975      29     224        210   -9999
200312        2220    37200     549    4730       3090   -9999    7075      63     600        585   -9999
200401        1810    23500     362    4500       3190   -9999    3900      38     579        570   -9999
200402        3840    41500    1330   10030       6840   -9999    8775     198    1483       1453   -9999
200403        2380    19700     555    5990       3850   -9999    3650      64     719        700   -9999
200404        1030     5730     139    1780        820   -9999     970      14     156        142   -9999
200405         950     5070     118    1494        519   -9999     810      11     105         84   -9999
200406        1350     8180     191    1941        521   -9999    1473      21     141         94   -9999
200407        1350     9880     201    1884        434   -9999    1815      22     142         83   -9999
200408        1120    10800     171    1432        312   -9999    2085      19     109         59   -9999
200409        1890    25900     444    2484        744   -9999    6400      65     248        178   -9999
200410        1660    29400     381    2173        973   -9999    7975      44     237        200   -9999
200411        2330    43700     613    3750       2230   -9999   11350      69     474        445   -9999
200412        6840   132000    4370   15870      11000   -9999   43700     758    2781       2710   -9999
200501        2830    41900     704    7040       5200   -9999    8775      64     846        828   -9999
200502        2320    22200     486    5130       3680   -9999    4600      47     606        590   -9999
200503        1830    15500     350    3970       2650   -9999    3200      32     437        420   -9999
200504        1920    12300     344    3320       1780   -9999    2635      33     325        293   -9999
200505        1010     5710     124    1377        528   -9999    1115      10     106         77   -9999
200506         912     5280     108    1057        285   -9999    1050       9      80         42   -9999
200507        1050     7820     143    1194        271   -9999    1718      13      99         45   -9999
200508         951     9630     144    1013        247   -9999    2298      14      92         45   -9999
200509        1080    14100     177    1120        353   -9999    3545      19     109         67   -9999
200510         730    14300     141     928        402   -9999    3998      14      86         68   -9999
200511         721    14500     140    1115        671   -9999    3988      14     120        111   -9999
200512         965    18400     182    2031       1440   -9999    4700      16     228        220   -9999
200601        2320    36700     671    6300       4680   -9999   10200      70     824        798   -9999
200602        1510    14700     219    3414       2480   -9999    3365      19     362        345   -9999
200603         933     6730     133    1958       1260   -9999    1608      11     197        183   -9999
200604        1010     5550     130    1659        784   -9999    1228      10     141        104   -9999
200605         888     4650     112    1321        442   -9999    1033       8     111         59   -9999
200606         622     3340    81.9     815        183   -9999     833       8      75         28   -9999
200607         669     5040    97.3     882        160   -9999    1290       9      90         25   -9999
200608         748     8300     119     961        188   -9999    2228      11     108         31   -9999
200609         869    14000     154    1089        301   -9999    4045      15     132         52   -9999
200610         833    17500     174     999        397   -9999    4625      14      88         76   -9999
200611        1560    39800     370    2197       1230   -9999   10725      37     310        302   -9999
200612         965    17700     199    1753       1150   -9999    4600      17     238        234   -9999
200701        2280    40700     588    5150       3730   -9999   11300      69    1063       1058   -9999
200702         907     6690     129    1620       1050   -9999    1695      11     216        212   -9999
200703         868     5330     128    1522        853   -9999    1273      11     172        166   -9999
200704         469     1550    57.3     705        289   -9999     430       5      72         64   -9999
200705         566     2090    70.1     757        192   -9999     503       5      50         33   -9999
200706         513     2140    65.3     630        110   -9999     540       5      42         20   -9999
200707         519     3270    77.3   623.4       93.4   -9999     848       6      43         18   -9999
200708         622     6530     107     695        114   -9999    1710       9      49         23   -9999
200709         435     5530    85.1     483        132   -9999    1643       9      46         35   -9999
200710         361     6860    74.6     462        166   -9999    2073       7      37         30   -9999
200711         514    10500     106     829        445   -9999    2835       8      75         71   -9999
200712         862    16000     179    1856       1200   -9999    3798      11     172        167   -9999
200801         977    11800     186    2417       1650   -9999    2658      11     222        218   -9999
200802        1530    11700     269    3590       2390   -9999    2520      17     309        300   -9999
200803        1470     7530     244    3100       1750   -9999    1550      15     225        210   -9999
200804        1410     5500     208    2370       1010   -9999    1145      13     149        124   -9999
200805         864     3130     119    1265        343   -9999     678       7      71         43   -9999
200806         677     2830    90.9     883        167   -9999     648       6      51         23   -9999
200807         554     3770    83.2     700        107   -9999     930       6      43         15   -9999
200808         711     9120     123     864        154   -9999    2320       9      59         23   -9999
200809         557     9670     105     657        157   -9999    2540       8      45         24   -9999
200810         370     6080    75.7     507        146   -9999    1718       6      31         25   -9999
200811         374     5670    75.7     579        234   -9999    1610       6      43         39   -9999
200812        2470    46300     709    5920       3770   -9999   14925      58     753        743   -9999
200901        2630    33800     682    7120       4780   -9999    9800      50     841        833   -9999
200902        1300     7770     231    2970       1850   -9999    1695      13     234        230   -9999
200903        1610     7120     285    3590       1980   -9999    1470      15     241        233   -9999
200904        1880     6750     308    3440       1540   -9999    1528      18     220        205   -9999
200905        3380    14600     638    5530       1980   -9999    4980      55     465        413   -9999
200906         964     3890     146    1322        262   -9999     973      10      62         36   -9999
200907         803     5010     138    1088        170   -9999    1373      10      52         25   -9999
200908         950     9670     194    1260        210   -9999    2825      15      67         34   -9999
200909        1550    29000     410    2076        536   -9999   10975      38     155        116   -9999
200910        1060    22600     243    1391        473   -9999    5125      16      89         71   -9999
200911        1070    22600     244    1592        748   -9999    4950      15     117        107   -9999
200912        1450    26300     342    2930       1790   -9999    5250      19     245        238   -9999
201001        1390    16600     301    3340       2250   -9999    3175      17     296        290   -9999
201002        1990    15700     374    4460       3020   -9999    3075      21     392        385   -9999
201003         751     3750     104    1527        914   -9999     675       5     114        109   -9999
201004         495     1790    60.8     776        363   -9999     360       3      53         48   -9999
201005        2680    12500     601    4070       1560   -9999    3618      66     375        308   -9999
201006         418     1700    51.4     484        114   -9999     360       3      28         16   -9999
201007         331     2050    47.4   365.2       66.2   -9999     475       3      23         10   -9999
201008         552     6030    99.8     590        116   -9999    1473       7      39         18   -9999
201009         375     5080    66.4   381.9       89.9   -9999    1218       5      26         14   -9999
201010         630    12400     131     805        255   -9999    2920       9      51         38   -9999
201011         855    15700     176    1256        556   -9999    3458      11      86         76   -9999
201012        2030    37100     500    4020       2280   -9999    8250      30     315        300   -9999
201101        1770    21200     377    4140       2610   -9999    4250      21     320        310   -9999
201102        1540    10500     251    3380       2130   -9999    1963      13     255        248   -9999
201103        3760    25600     799    9370       5750   -9999    5625      55     807        778   -9999
201104        3440    19600     668    6890       3520   -9999    4650      48     554        508   -9999
201105        3210    20200     661    5710       2340   -9999    5275      53     458        388   -9999
201106        1060     7100     170    1425        365   -9999    1703      11      82         50   -9999
201107         929     8530     162    1201        253   -9999    1965      11      69         37   -9999
201108         776    10400     146     943        186   -9999    2478      10      55         27   -9999
201109        1160    22800     254    1398        348   -9999    5825      18      89         55   -9999
201110         782    20500     162     974        330   -9999    4825      12      62         40   -9999
201111        1580    41800     365    2430       1240   -9999    9850      26     180        159   -9999
201112        4110   102000    1140    8380       5240   -9999   24150      87     679        640   -9999
201201        3510    62500     820    8460       5850   -9999   13350      56     660        638   -9999
201202        2570    32300     482    5820       4030   -9999    7100      32     446        430   -9999
201203        2160    21000     360    4660       2990   -9999    4275      22     311        293   -9999
201204         494     3530    57.9     743        370   -9999     870       4      51         42   -9999
201205         441     3310    54.4     578        210   -9999     795       4      36         24   -9999
201206         529     4790    70.1     619        167   -9999    1113       5      37         19   -9999
201207         547     7230    85.2     627        136   -9999    1768       6      40         16   -9999
201208         994    20000     189    1149        260   -9999    5125      15      78         34   -9999
201209        1050    28100     216    1191        330   -9999    7525      18      83         44   -9999
201210	1210	27700	260	1626	546.00	-9999	4950	17	86	63	-9999
201211	858	14200	155	1212	549.00	-9999	2403	10	71	61	-9999
201212	1620	23100	306	3130	1860	-9999	3750	17	205	195	-9999
201301	4650	82400	1120	11550	7800	-9999	15275	77	847	825	-9999
201302	4000	57000	748	9330	6250	-9999	10075	46	642	620	-9999
201303	2820	25200	459	6440	4010	-9999	4075	25	383	368	-9999
201304	2350	16800	344	4250	2200	-9999	3050	21	237	215	-9999
201305	3680	42600	719	5960	2690	-9999	7100	45	385	330	-9999
201306	1920	23600	315	2448	768	-9999	3575	18	134	89	-9999
201307	3080	56600	728	3740	1060	-9999	10325	49	249	152	-9999
201308	1690	38000	357	1873	483	-9999	7150	24	115	62	-9999
201309	1190	25500	234	1221	370	-9999	5175	17	76	46	-9999
201310	1140	19500	225	1512	516	-9999	2900	15	80	54	-9999
201311	1130	16500	196	1532	671	-9999	2225	12	90	67	-9999
201312	2960	48900	639	5230	2770	-9999	7225	38	337	285	-9999
201401	2820	45700	555	6270	3910	-9999	6850	31	435	398	-9999
201402	3220	32700	508	6500	3820	-9999	4275	29	400	343	-9999
201403	1860	19000	286	4240	2430	-9999	2525	18	257	218	-9999
201404	1290	7940	148	2107	717	-9999	1393	11	134	77	-9999
201405	941	6990	116	1536	416	-9999	1048	7	102	41	-9999
201406	1200	10300	165	1863	293	-9999	1668	11	164	34	-9999
201407	776	8110	111	1177	167	-9999	1133	7	97	17	-9999
201408	965	12700	163	1440	200	-9999	1968	11	119	21	-9999
201409	970	15000	170	1372	262	-9999	2375	13	107	29	-9999
