19850101
   37.97
   92.62
   71.98
  116.84
   61.42
   48.99
   58.62
   58.79
   61.73
   57.26
   49.95
   25.32
   16.79
   63.03
   81.95
   52.95
   56.52
   47.09
   17.30
   65.92
  142.12
  102.05
   21.04
   38.57
   44.94
   21.32
   21.12
   36.61
   39.19
   33.36
   35.06
  126.69
  124.17
  103.16
  105.20
   70.85
   31.23
   28.97
   63.37
   20.39
   25.57
   55.44
  103.33
   86.82
   31.80
   33.58
   34.26
   33.07
   32.88
   29.48
   38.60
   30.04
   29.59
   20.19
   20.30
   22.31
   34.55
   51.96
   57.06
   16.96
   16.93
   16.99
   33.47
   50.74
   32.31
   43.18
   22.31
   18.21
   21.29
   24.10
   23.50
   45.96
   42.62
   26.08
   22.00
   22.14
   22.17
   17.84
   22.37
   18.01
   22.29
   21.58
   21.66
   22.57
   24.83
   80.84
   43.01
   21.95
   18.83
   18.75
   18.52
   24.01
   29.42
   13.68
   26.99
   27.92
   27.18
   24.07
   22.63
   32.56
   23.28
    7.99
   22.74
   21.78
   22.94
   19.85
   18.32
   22.99
   24.27
   18.75
   22.91
   43.61
   21.61
   30.95
   27.78
   21.04
   23.28
   23.62
   23.62
   24.04
   18.80
   22.96
   22.51
   18.38
   20.70
   23.19
   22.37
   17.84
   22.43
   22.57
   22.46
   22.14
   27.04
   22.46
   22.46
   17.95
   13.73
   22.06
   23.22
   23.76
   18.60
   21.72
   38.14
   23.39
    9.32
   22.65
   22.46
   12.97
   23.42
   17.05
   22.77
   22.46
   22.09
  121.14
   32.34
   42.11
   23.16
   17.25
   23.22
   23.22
   22.71
   22.14
   15.40
   17.44
   22.48
   22.96
   23.16
   22.60
   23.47
   21.80
   18.12
   35.34
   22.68
   31.55
   37.01
   59.27
   59.01
   45.34
   78.01
   22.26
   22.40
   40.38
   13.31
   35.45
   35.34
   44.34
   40.32
   33.16
   36.50
   36.25
   35.54
   36.59
   81.41
   35.76
   35.96
   71.64
   35.51
   35.08
   35.62
   78.15
   87.56
   85.04
   86.37
  108.74
   95.51
   76.12
   43.66
   36.19
   35.00
   75.69
   83.34
   95.82
  118.93
  120.97
   53.55
   39.73
   93.25
   84.53
  117.12
  112.64
  116.86
  103.75
   80.99
   75.18
   85.23
   94.89
   89.42
   53.52
   57.82
   34.72
   79.85
   99.05
   97.47
   93.53
  104.01
   57.34
   30.61
   87.84
  100.67
   94.78
  107.04
   93.87
   99.14
   97.24
   70.82
   66.54
   57.60
   52.10
   70.79
   51.96
   54.14
   85.06
   84.81
   82.15
   77.33
   47.23
   36.05
   34.41
   35.91
   86.79
   73.94
   73.60
   68.19
   31.74
   41.00
   36.33
   39.64
   35.45
   80.65
   49.24
   43.95
   35.25
   63.37
   74.16
   47.77
   67.00
   55.61
   26.65
   30.98
  109.70
   44.40
   50.60
   36.39
   22.37
   22.14
   30.70
   51.51
   62.35
   94.21
   49.55
   26.48
   26.05
   45.34
   61.39
   35.91
   43.61
   40.97
   39.98
   36.05
   35.82
   35.65
   35.06
   35.20
   31.60
   31.77
   36.50
   35.99
   34.86
   37.18
   57.57
   49.19
   45.19
   35.37
   35.85
   91.52
  113.10
   89.00
  110.66
   92.26
   39.28
   22.26
   66.83
   44.63
   48.65
  114.94
  112.36
   82.29
   40.15
   88.09
   98.06
   57.91
   58.02
   56.89
   16.93
   12.88
  121.37
  152.49
  170.69
  121.28
  104.80
   54.51
   44.71
  122.33
  144.44
  103.50
  101.35
   52.39
  112.62
   99.25
  106.84
   82.71
   90.90
  116.07
  130.91
  129.95
   51.06
   37.69
   21.61
  109.10
  114.82
   79.54
   57.51
   45.34
   44.32
   64.00
   60.77
   62.69
   33.98
   33.50
   33.67
   80.53
   77.05
   72.35
   64.68
   21.58
   19.96
   20.25
   63.91
   65.86
   90.87
   59.95
   22.63
   22.17
   21.15
   53.80
   68.50
   63.63
   64.45
   60.34
   17.56
   17.47
  119.89
  157.22
   79.51
   45.62
   20.81
   24.78
   25.57
   24.75
   17.19
   46.35
   73.20
   70.03
   69.80
   67.99
   57.45
   99.22
  121.28
   89.79
   96.50
   35.06
   47.66
   52.47
   50.35
   58.47
  111.88
  124.91
   60.94
   39.73
   65.10
   88.21
   47.74
   13.05
   17.36
   53.66
   26.08
   39.93
  108.28
  100.44
  104.52
   95.65
   13.82
   18.60
   71.73
   50.26
   57.00
   22.48
   26.11
   18.58
   18.49
   42.48
   55.53
   49.30
  114.09
  101.91
  124.93
   38.88
   48.28
   22.65
   22.85
   23.70
   22.94
   21.83
   17.41
   22.17
   23.13
   28.52
   27.86
   42.62
   23.36
   21.66
   24.92
   24.15
   17.56
   19.62
   20.25
   18.38
   18.26
   23.08
   22.99
   18.75
   23.19
   17.78
   21.69
   22.63
   29.00
   22.48
   22.09
   21.80
   17.58
   23.30
   21.89
   23.45
   23.22
   18.58
   22.65
   18.83
   20.22
   22.68
   24.30
   18.92
   17.95
   16.99
   17.53
   17.10
   18.89
   17.67
   22.94
   28.06
   27.78
   22.06
   18.80
   23.56
   22.12
   17.19
   22.20
   23.45
   23.67
   22.40
   21.89
   17.87
   13.88
   22.74
   31.40
   26.99
   22.48
   21.83
   23.05
   27.01
   31.35
   26.59
   22.46
   22.43
   22.48
   21.52
   26.96
   26.73
   26.99
   26.73
   22.54
   22.43
   35.71
   26.33
   26.73
   26.90
   50.01
   41.85
   54.23
   90.13
   36.13
   35.48
   26.02
   48.17
   35.62
   34.66
   27.07
   44.83
   34.80
   35.17
   44.54
   36.53
   49.38
   59.04
   54.28
   53.55
   47.66
   47.18
   44.68
   44.88
   66.77
   70.34
   76.12
   75.89
   73.51
   43.72
   42.98
   53.49
   43.30
   45.05
   52.75
   53.35
   47.57
   68.95
   44.12
   44.32
   45.70
   45.99
   40.29
   43.81
   44.54
   45.68
   39.56
   47.01
   45.34
   43.92
   40.29
   38.96
   44.51
   45.68
   43.92
   45.25
   44.88
   44.60
   44.68
   48.28
   48.37
   39.67
   50.06
   44.26
   44.20
   44.15
   58.19
   40.35
   42.90
   39.90
   39.56
   38.82
   40.35
   48.82
   44.43
   43.49
   44.85
  103.10
   57.17
   57.00
   83.17
   70.93
   78.58
    8.95
    4.56
   13.34
   17.84
   18.04
   24.58
   26.56
   25.32
   37.75
   45.31
   45.02
   48.17
   45.45
   48.34
   49.50
   48.20
   47.43
   45.25
   45.05
   51.96
   50.26
   50.43
   48.79
   49.50
   50.04
   50.77
   50.26
   48.99
   51.54
   51.85
   51.62
   51.68
   50.49
   50.29
   51.03
   46.07
   44.83
   46.10
   48.99
   48.39
   45.39
   45.19
   46.04
   45.11
   68.19
   54.00
   53.49
   50.21
   57.96
   54.34
   55.87
   56.52
   52.47
   56.46
   55.95
   56.46
   61.31
   59.32
   59.10
   63.29
   83.25
   77.25
   77.33
  116.92
  138.81
   84.61
   66.40
   93.67
   98.00
   82.46
  114.17
  105.06
   69.57
   70.45
   97.33
  102.93
   94.55
   90.53
   93.59
   51.68
   50.63
  109.02
  110.66
  124.37
  114.68
  105.54
   75.75
   57.28
   67.73
   71.02
   80.45
   79.57
  120.43
   98.34
   88.35
   80.65
   82.86
   97.81
   93.02
   91.58
   51.68
   47.88
   84.89
   63.83
  104.60
   58.33
   67.25
   52.75
   53.32
   77.14
  111.23
   99.34
   70.68
  113.18
   59.21
   54.93
   60.48
   57.57
   89.99
   84.89
   84.13
   44.97
   46.58
   52.70
   45.96
   26.84
   21.66
   21.44
   23.33
   22.54
   20.76
   59.24
   62.18
   42.65
   60.94
   46.27
   47.32
   32.08
  117.63
   74.02
   78.47
   55.22
   51.54
   80.99
   31.32
   39.98
   44.17
   33.58
   34.35
   20.76
   22.20
   35.45
   23.98
   22.71
   22.12
   22.48
   23.42
   23.22
   22.80
   22.40
   47.91
   12.97
   13.25
   18.55
   13.88
   44.20
   60.40
   21.58
   54.23
  147.96
  114.63
  111.40
  141.30
   93.11
   97.69
  126.26
  121.20
   89.17
   86.31
   92.65
  102.79
  143.28
  102.48
  125.13
   88.49
   86.56
   61.02
   65.24
   65.21
   65.24
  141.90
   21.95
   21.95
   21.46
   21.83
   77.45
   23.45
   26.48
   22.26
   27.30
   22.82
   63.26
   62.78
   44.26
   56.66
   28.26
   23.39
   40.49
   13.79
   18.83
   67.76
   91.97
   79.66
  123.74
  185.56
  202.61
  181.09
  210.37
  339.52
  354.41
  356.76
  344.98
  300.53
  274.84
  260.60
  294.33
  350.99
  358.01
  295.74
  241.23
  270.34
  273.82
  275.30
  234.78
  181.45
  252.22
  209.26
  187.91
  162.26
  179.36
  169.99
   98.20
  112.39
  108.82
  120.35
  100.58
   97.13
   49.98
   40.89
   99.11
   95.63
   95.82
   84.50
   93.90
   78.15
   45.45
   58.56
   91.86
  109.56
   90.10
   84.53
   59.49
   58.19
   98.20
   76.57
   78.38
   63.29
   58.93
   43.75
   44.12
  137.14
  100.21
   74.47
   84.55
   91.35
   58.45
   39.79
   73.65
   59.07
   72.32
   71.64
   77.90
   39.59
   30.92
   59.41
   72.01
   79.68
   73.48
   53.77
   65.89
   66.60
   63.46
   77.67
   81.50
   70.57
   62.89
   48.14
   39.47
   92.85
  108.17
  100.72
   98.49
   96.28
   63.26
   54.06
   86.42
   94.80
   96.87
   90.98
   87.50
   65.19
   54.71
   86.39
   85.18
   88.41
   78.04
   83.17
   76.60
   67.08
   80.50
   90.50
   87.02
   86.31
   86.39
   76.17
   59.61
  110.35
   91.01
   45.59
   82.37
   66.20
   63.94
   72.35
   63.54
   64.28
   59.35
   59.04
   58.93
   54.59
   49.44
   69.91
   77.87
   58.87
   64.73
   82.20
   50.15
   42.11
   64.14
   59.58
   54.42
   54.91
   54.31
   54.99
   54.37
   65.95
   54.88
   50.12
   50.21
   39.39
   49.24
   49.75
   49.07
   71.95
   48.90
   54.57
   44.46
   40.21
   47.15
   64.82
   49.36
   48.93
   50.35
   61.28
   54.37
   55.56
   50.12
   54.23
   55.16
   60.74
   56.92
   49.95
   49.75
   55.27
   49.89
   49.61
   45.17
   53.89
   46.30
   51.54
   54.68
   54.54
   78.04
   75.75
   51.11
   50.63
   50.74
   54.45
   54.59
   52.81
   50.69
   51.20
   56.58
   36.93
   70.99
   65.36
   83.68
   73.03
   85.04
   51.08
   50.91
   49.38
   52.30
   53.04
   45.96
   56.63
   54.93
   51.06
   37.89
   52.92
   58.98
   56.35
   56.01
   53.97
   54.26
   54.48
   54.03
   49.67
   49.98
   48.99
   49.21
   55.02
   54.88
   40.78
   41.26
   44.23
   39.42
   39.64
   39.70
   39.93
   47.88
   48.48
   43.98
   47.80
   41.57
   49.87
   48.85
   42.56
   38.06
   34.55
   38.96
   48.79
   37.66
   41.23
   45.00
   45.39
   43.35
   38.40
   45.05
   39.79
   44.46
   45.31
   39.22
   38.71
   37.04
   42.84
   43.35
   48.14
   41.20
   56.44
   40.55
   42.76
   35.34
   17.64
   17.56
   22.37
   25.46
   29.70
   25.91
   26.48
   26.59
   22.26
   33.56
   26.99
   56.52
   34.21
   21.78
   47.80
   70.11
   59.24
   53.21
   71.58
   30.27
   38.03
   41.51
   38.43
   39.19
   21.72
   18.24
   52.67
   22.17
   22.00
   22.26
   40.58
   46.98
   17.53
   39.98
   34.26
   34.77
   30.75
   33.24
   34.41
   27.89
  145.15
   39.73
   26.84
   26.33
   41.74
   42.65
   44.40
   68.13
   23.59
   21.10
   30.95
   37.94
   35.23
   26.93
   34.83
   26.42
   31.55
   35.31
   35.25
   37.63
   46.47
   36.08
   36.47
   25.71
   33.64
   34.69
   37.46
   35.20
   30.58
   39.45
   34.77
   37.21
   52.39
   37.24
   34.41
   34.41
   36.36
   35.68
   35.79
   34.43
   37.63
   26.59
   21.58
   27.27
   29.25
   32.22
   26.70
   39.87
   26.19
   35.91
   39.62
   37.04
   37.66
   44.68
   44.54
   42.02
   51.82
   39.45
   39.87
   41.09
   41.09
   35.20
   18.38
   17.58
   18.12
   18.77
   22.88
   26.84
   26.53
   21.75
   31.97
   31.18
   30.64
   31.18
   54.88
   23.08
   22.37
   22.23
   17.78
   18.38
   27.30
   27.18
   27.86
   29.00
   23.50
   36.61
   22.54
   23.30
   27.55
   32.68
   33.07
   18.77
   27.89
   24.49
   27.27
   27.24
   22.06
   18.24
   17.95
   22.96
   23.13
   21.97
   31.60
   23.59
   23.73
   22.57
   22.80
   22.74
   22.46
   27.07
   26.79
   26.99
   27.01
   27.13
   31.94
   32.88
   32.39
   41.63
   55.13
   44.83
   40.80
   40.75
   45.68
   40.69
   41.20
   40.58
   46.10
   44.80
   45.11
   45.96
   50.21
   46.10
   46.24
   51.28
   40.80
   42.28
   40.46
   41.06
   59.81
   31.32
   31.32
   44.94
   36.78
   36.10
   36.05
   36.10
   36.08
   36.05
   40.01
   39.73
   40.15
   40.49
   41.00
   41.12
   37.92
   33.44
   33.02
   39.08
   38.99
   36.47
   31.49
   35.88
   31.46
   31.74
   26.99
   35.68
   35.96
   39.70
   40.52
   35.34
   40.24
   40.35
   39.45
   36.10
   32.48
   39.42
   36.10
   35.82
   35.31
   36.19
   35.51
   29.87
   36.53
   35.88
   35.79
   37.52
   35.88
   36.10
   34.15
   32.08
   31.71
   35.99
   35.82
   37.52
   36.05
   39.73
   35.99
   39.73
   39.28
   35.59
   35.03
   36.84
   37.07
   22.71
   36.19
   36.08
   28.15
   23.42
   22.68
   22.46
   22.57
   35.93
   31.69
   31.74
   23.16
   17.92
   27.67
   28.12
   32.42
   27.38
   27.69
   32.31
   38.28
   37.18
   37.32
   36.87
   30.95
   27.16
   22.65
   22.88
   41.26
   23.02
   21.83
   27.04
   22.99
   27.95
   27.50
   22.63
   22.94
   27.89
   27.30
   28.01
   27.41
   27.13
   26.82
   19.43
   25.94
   26.42
   26.90
   26.93
   31.38
   32.71
   26.62
   23.19
   28.06
   37.07
   36.78
   29.36
   27.04
   32.14
   26.84
   31.94
    9.37
   18.75
   14.38
   24.35
   23.50
   27.04
    9.77
   37.04
   27.75
   38.28
   35.11
   37.52
   31.80
   18.01
   21.24
   22.48
   22.26
   22.29
   21.80
   22.12
   22.54
   23.62
   26.96
   22.12
   21.92
   20.05
   17.75
   16.96
   25.23
   26.31
   21.55
   21.95
   21.80
   22.85
   22.57
   22.85
   24.24
   23.59
   22.60
   23.96
   22.06
   22.23
   21.15
   21.15
   22.06
   22.99
   22.65
   22.65
   22.82
   23.30
   24.15
   21.32
   20.84
   22.82
   22.23
   22.65
   23.08
   22.17
   21.63
   21.83
   20.76
   20.90
   25.15
   25.26
   22.85
   25.46
   22.31
   20.47
   21.15
   17.27
   21.04
   21.46
   21.18
   24.13
   27.67
   31.06
   25.68
   21.15
   22.60
   24.66
   23.16
   17.08
   16.62
   15.72
   35.59
   36.50
   48.99
   26.31
   40.63
   22.57
   22.31
   23.62
   22.17
   21.24
   22.71
   23.13
   22.31
   22.51
   22.09
   23.76
   22.80
   18.24
   20.93
   17.22
   17.56
   21.46
   22.94
   20.67
   19.26
   22.34
   21.10
   22.37
   22.57
   21.95
   21.61
   19.40
   18.41
   23.76
    9.06
   55.27
   91.44
   37.24
   75.41
   77.98
   20.64
   22.63
   40.78
   79.20
  124.31
  101.37
   76.26
   18.26
   19.85
   29.19
   73.06
  124.74
   37.94
   30.78
   19.00
   18.07
   22.12
   22.23
   22.29
   36.25
   34.86
   20.81
   20.27
   22.37
   21.80
   22.20
   22.46
   22.88
   22.23
   20.90
   20.93
   23.53
   22.74
   23.25
   21.78
   22.88
   22.09
   23.05
   18.46
   21.41
   20.76
   22.37
   17.47
   21.89
   22.96
   74.05
   75.32
   33.73
   32.79
   22.40
   17.64
   22.43
   22.40
   22.29
   27.84
   26.19
   27.75
   28.01
   53.07
   36.39
   28.97
   22.14
   21.15
   26.19
   26.50
   25.54
   78.61
  159.31
  196.38
  171.66
  144.59
  137.53
  190.69
  264.14
  145.29
  202.61
  171.97
  135.98
  137.68
  134.39
  129.35
  106.70
  118.59
  128.30
   34.89
   34.91
   74.33
   39.64
   34.38
   56.97
   72.97
   70.34
   51.88
   39.59
   66.12
   74.25
   81.07
   66.01
   65.61
   47.80
   47.15
   34.55
   22.26
   47.94
   21.18
   21.58
   21.15
   52.50
   70.23
   91.15
   79.32
   25.17
  124.57
  134.08
   26.19
   87.07
   34.97
   80.99
   99.02
   87.87
   89.48
  120.69
  120.63
  105.08
  111.40
  125.10
   70.08
   69.09
  125.22
   61.53
  101.74
  112.05
  136.12
  118.51
  130.20
  125.59
  126.24
  141.39
  133.37
  109.95
   84.04
   60.12
   86.45
  106.84
  101.15
  100.13
  119.70
   61.48
   60.34
   96.25
   91.94
   93.84
   97.41
   87.50
   78.58
   90.47
   94.13
   94.55
  102.42
  101.71
  114.34
   66.32
   62.44
   49.27
   47.91
   47.49
   43.18
   53.94
   52.78
   47.94
  108.77
  115.08
  114.71
  113.41
  116.67
   73.06
   69.66
  121.05
  131.28
   86.79
  104.32
  126.55
  117.03
  129.69
  115.70
  113.38
   92.37
   86.73
   99.59
   91.38
   60.68
   54.74
  102.03
  109.10
  105.34
  110.24
   58.98
   57.06
   93.90
   97.69
  106.73
   83.11
   84.24
   97.69
   89.28
  111.00
  106.47
   94.07
   93.39
   87.75
   75.04
  101.91
  116.27
   98.80
  113.47
  127.31
  114.09
  128.95
  124.74
  157.44
  136.03
  142.32
  140.06
  131.48
  130.99
  114.97
  106.02
  113.49
   92.60
   99.68
  101.03
   93.67
   86.03
   96.84
  121.90
  117.15
  122.27
  122.41
  105.62
  111.71
   93.11
   98.83
  100.72
  111.96
  100.92
   52.92
   52.05
  111.68
  101.01
   94.32
  122.30
   83.08
   51.00
   49.07
   70.54
   74.42
   67.05
   74.28
   78.47
   38.11
   48.73
   24.32
   91.97
  120.86
  135.16
  155.32
  142.04
  126.83
   89.71
   85.21
   88.07
   76.68
  148.04
   87.61
   86.28
   93.22
  111.91
  114.48
  110.29
  127.20
   91.55
   92.88
  115.67
  141.02
   83.62
   69.01
  128.02
   25.43
   25.43
   77.67
  126.80
  123.89
  162.68
  139.89
  115.90
   91.69
  123.86
   90.44
  113.15
  146.62
  177.69
  201.50
  180.86
   74.61
   43.61
   40.24
   47.52
   19.94
   28.54
   33.19
   12.06
   59.55
   75.12
   77.11
   94.75
   62.27
   61.82
   68.19
   93.42
  151.16
  113.30
  117.94
   82.06
   69.38
   48.70
   45.59
   54.57
   39.50
   68.24
   54.85
   46.86
   47.80
   42.50
   56.80
   84.27
  131.25
   78.30
   45.90
   64.11
   99.28
  157.38
  160.10
  175.68
  105.65
   80.22
  122.05
  130.06
  151.33
  145.75
  164.49
   75.61
  166.56
  164.49
  202.30
  185.76
  169.28
  228.89
  235.54
  234.27
  237.55
  251.88
  205.44
  210.90
  168.77
  113.98
  116.04
  132.47
  180.92
  148.35
   91.24
   79.91
   78.83
  101.12
   86.82
  100.52
   99.14
   90.19
   83.62
   19.99
   28.54
   33.67
   24.47
   20.53
   33.84
   66.54
  203.82
  184.09
  194.34
  186.92
  186.64
  174.63
  150.11
   25.26
   38.03
   67.51
   68.53
   71.53
   51.37
   68.78
   30.70
   29.48
   21.89
   41.31
   92.65
   53.07
   86.71
   31.77
   32.59
   45.90
   36.10
   40.61
   41.60
   37.01
   25.68
   34.41
   26.56
   26.59
   27.33
   62.95
   26.36
   23.05
   26.45
   26.42
   73.65
   97.55
  110.04
   64.59
   35.88
   54.74
   53.24
   99.28
  104.15
  118.22
  147.11
  144.56
  130.85
  117.66
  170.18
  157.44
  160.19
  187.17
  128.28
  120.15
  128.02
  126.80
  123.35
  124.40
   60.17
   60.63
   61.05
  107.01
   78.15
  101.46
  109.56
  139.63
   64.14
   64.05
   64.36
  110.55
  201.56
  173.16
  145.18
  151.92
  118.14
   99.36
   81.81
   78.81
   99.05
  108.85
   78.83
   68.56
   78.30
   65.58
   57.17
   64.42
   74.56
   90.22
   83.14
   87.07
   88.32
   82.88
   84.89
   77.08
   50.69
   59.64
   83.19
   69.06
   80.59
   61.16
   46.95
   51.25
   69.06
   52.98
   60.65
   55.87
   56.63
   56.29
   61.48
   60.26
   63.88
   74.90
   67.54
   62.10
   57.96
   56.75
   61.02
   62.58
   66.66
   60.34
   60.68
   60.12
   61.56
   60.12
   60.37
   60.91
   60.48
   66.66
   65.78
   60.17
   64.70
   65.27
   60.60
   61.05
   60.77
   64.65
   60.48
   59.13
   59.15
   65.07
   64.79
   64.39
   50.60
   65.84
   61.08
   64.11
   71.84
   72.83
   63.23
   64.34
   48.17
   60.12
  104.15
   92.82
   60.82
   79.17
   64.11
   73.68
   73.37
  102.82
   89.34
   86.71
   57.54
   57.34
   68.56
   60.97
   54.34
   51.62
   96.87
   90.70
   91.69
   73.71
   57.45
   96.67
   84.84
   64.51
   57.96
   57.77
   57.40
   26.19
   58.87
   53.26
   58.81
   83.76
  137.17
   58.30
   55.30
   72.01
   56.89
   66.49
   55.33
   69.12
   55.27
   57.00
   55.95
   68.53
   58.70
   56.44
   57.43
   56.66
   57.68
   57.85
   54.23
   86.59
   57.62
   48.54
   39.28
   38.77
  113.98
  119.67
  141.36
  119.47
  163.08
  120.49
   47.52
  118.79
   59.69
  128.84
  129.07
  115.45
   39.28
   54.88
   75.46
   74.64
   47.97
   43.49
   48.28
   38.34
   39.62
   87.50
  108.99
  109.30
  128.76
  125.76
   57.14
   50.55
   58.50
   55.19
   37.49
   45.84
   42.56
   47.26
   69.69
  100.13
   52.36
   56.21
   51.31
   36.08
   56.10
   54.93
   54.09
   47.20
   51.00
   46.67
   59.98
   51.23
   53.15
   52.95
   75.12
   50.83
   66.01
   34.35
   49.44
   43.10
   51.28
   49.41
   46.30
   45.22
   53.83
   50.12
   48.68
   55.08
   49.92
   49.19
   46.52
   51.17
   25.32
   20.76
   23.45
   15.86
   20.50
  120.37
   77.50
   84.64
   94.30
  170.47
  102.45
  115.84
  113.81
  129.04
  119.44
   67.00
   95.31
  102.82
   99.76
   94.75
   72.43
   48.03
   44.00
   79.91
   99.96
   97.33
  107.41
   96.84
   69.86
   54.54
   70.48
  100.41
  112.76
   72.55
   24.21
   25.20
   28.26
   51.88
   20.84
   20.30
   80.36
   75.27
   24.41
   20.08
   49.36
   33.95
   29.00
   23.30
   55.78
   24.86
   23.93
   25.85
   38.96
   25.82
  103.02
  202.66
  131.96
   37.55
   60.54
  113.72
  172.48
  184.51
  199.01
  250.89
  193.72
   55.93
  148.10
  156.31
  155.91
  132.61
  111.09
  160.70
  185.62
  175.28
  191.28
  173.04
  204.53
  138.81
  134.90
  107.80
  113.27
  122.70
  123.52
  185.14
  188.34
  129.49
  112.30
  114.51
  127.37
  142.72
  119.53
   95.23
   90.10
  128.59
  124.17
  142.60
  170.41
  200.94
  244.71
  214.64
  213.08
  249.36
  240.92
  247.66
  236.84
  189.24
  183.92
  150.59
  119.16
   63.66
  105.57
   56.75
   56.69
   48.14
   57.45
   48.65
   49.55
   48.25
   49.36
   22.46
   78.83
   67.42
   66.97
   91.38
   90.42
   86.42
   25.82
   26.65
   34.43
   49.78
   69.94
   71.84
   70.06
   38.62
   38.60
   30.44
   26.25
   30.24
   29.76
   22.68
   48.59
   48.65
   44.51
   34.69
   34.83
   30.24
   30.38
   29.73
   30.72
   30.70
   34.01
   48.51
   42.98
   52.16
   34.35
   33.98
   42.59
   43.47
   85.52
  107.60
   86.65
   76.57
   39.36
   54.99
   83.42
   75.83
  113.98
   85.80
   21.86
   39.13
   38.74
   47.97
   32.93
   40.04
   99.48
   38.68
   39.28
   42.73
   51.48
   82.06
   85.91
   79.57
   46.50
   64.22
   51.79
   78.04
   74.13
   61.28
   46.55
   51.85
   51.14
   47.57
   74.90
   82.12
   60.26
   61.25
   43.10
   50.26
   77.73
   61.02
   57.77
   47.83
   84.21
   60.09
   56.52
   58.98
   55.64
   57.68
   58.56
   57.20
   60.97
   66.29
   44.66
   60.46
   58.59
   97.81
   57.14
   60.29
   55.78
   56.01
   54.59
   55.93
   46.61
   59.24
   51.40
   54.65
   82.12
   90.39
   95.40
   86.99
   98.00
   59.89
   56.52
   45.87
   78.24
   50.91
  106.75
  138.24
   65.61
   65.24
   82.63
   83.68
   69.72
   53.97
   60.12
   61.05
   58.96
   65.50
   76.26
   69.74
   79.34
   70.17
   65.07
   65.86
   57.45
   62.01
   65.21
   60.15
   49.24
   47.06
   51.90
   80.08
   60.40
   57.14
   63.63
   62.35
   62.98
   52.47
   84.92
   73.62
   76.12
   68.50
   77.56
   65.70
   61.25
   48.59
   70.79
   79.32
   75.01
   62.41
   69.12
   62.50
   61.59
   64.96
   61.02
   61.82
   45.05
   53.83
   44.57
   56.38
   41.29
   42.25
   52.30
   58.42
   52.50
   43.98
   45.56
   44.83
   48.14
   44.32
   42.98
   43.66
   56.86
   21.95
   52.22
   47.15
   31.15
   43.32
   38.74
   34.89
   43.55
   53.18
   47.60
   38.03
   25.66
   39.25
   39.28
   35.62
   24.49
   27.41
   31.29
   29.93
   41.29
   43.10
   46.27
   47.40
   26.48
   35.17
   31.38
   41.48
   40.07
   39.76
   25.60
   30.58
   41.14
   36.78
   45.51
   39.30
   40.12
   39.56
   40.78
   43.38
   44.54
   38.88
   37.77
   38.37
   72.83
   80.22
   89.54
   71.56
   66.01
   77.76
   67.62
   54.34
   76.09
   88.83
  121.14
   65.07
   61.90
  104.94
  109.10
  106.84
  124.54
  126.72
   66.54
   62.18
   90.19
   89.45
  116.81
  116.07
   87.64
   94.18
   48.42
   78.58
   95.63
   56.15
  113.13
  116.33
  151.16
  133.23
  110.29
  189.50
  174.52
  161.80
  140.71
   83.53
   62.84
   68.92
   73.03
   64.56
  143.62
  129.52
   53.55
   35.96
   45.48
   34.07
   27.84
   29.17
   30.87
   24.95
   25.09
   25.15
   33.24
   37.07
   42.28
   33.73
   25.77
   24.86
   42.48
   34.15
   34.18
   34.49
   53.32
   30.04
   26.62
   31.15
   38.99
   32.45
   32.51
   36.50
   35.17
   21.80
   31.26
   26.22
   32.54
   31.94
   30.95
   29.25
   30.44
   29.45
   28.94
   32.51
   24.32
   24.30
   26.05
   20.30
   27.47
   22.48
   26.84
   27.55
   26.84
   25.94
   26.84
   26.67
   26.96
   57.40
   57.68
   43.72
   66.43
   50.86
   45.00
   49.92
   43.98
   43.27
  101.83
   35.76
   22.74
   25.99
   26.05
   26.73
   41.94
   26.62
   26.14
   28.03
   56.44
   65.41
  108.31
  117.32
  106.22
   73.11
   26.14
   21.04
   21.55
   21.35
   36.25
   39.47
   21.80
   30.07
   25.37
   51.90
   26.50
   30.33
   21.38
   25.40
   43.66
   44.46
   47.49
   57.00
   37.75
   64.22
   47.57
   36.70
   39.50
   45.93
   42.93
   43.69
   43.13
   38.94
   42.31
   67.90
   64.22
   71.05
   56.01
   71.44
  118.08
   76.03
  111.51
  111.79
   81.81
  104.40
  100.61
   92.06
   87.81
  100.10
  108.37
   82.12
   93.16
   96.36
  100.58
   91.97
   66.15
   67.42
   67.39
   77.22
   71.47
  101.01
   64.42
   58.64
   58.02
   62.78
   57.00
   84.92
  102.37
  105.45
  220.84
  193.80
  193.57
  245.51
  231.60
  240.55
  191.22
  179.39
  187.32
  188.90
  195.98
  119.98
   86.45
   68.81
   73.88
   70.03
   70.59
   68.98
   78.01
   74.87
   64.90
   68.75
   78.78
   90.56
  103.64
   80.84
   42.50
   47.94
   73.91
   91.69
   91.46
   92.91
   86.51
   94.30
  110.80
  113.01
  103.02
  100.86
   91.15
   95.12
   74.05
   45.42
   51.71
   53.80
   56.95
   56.95
   46.21
   44.63
   62.07
   59.83
   70.42
   93.96
   95.26
  101.03
   56.72
   62.01
   60.74
   70.28
   73.28
   78.55
   73.88
   55.64
   51.65
   74.05
   73.03
   78.78
   77.81
   72.92
   58.28
   47.91
   76.12
   79.83
   91.29
   81.38
   77.42
   42.84
   50.80
   61.25
   83.25
   82.54
   82.83
   79.94
   47.20
   65.53
   52.67
   65.61
   60.43
   87.67
   41.85
   52.19
   52.58
   49.55
  106.56
  110.49
   60.17
   86.73
   55.59
   60.09
   96.70
  109.47
  111.03
  111.68
   80.17
   37.75
   44.09
   72.26
   75.78
   71.67
   71.53
   84.58
   56.83
   44.17
   47.91
   44.88
   42.98
   47.88
   51.34
   47.86
   33.73
   34.83
   73.45
   78.78
   82.40
   62.58
   41.88
   52.61
   77.11
   69.46
   73.91
   69.23
  111.37
   55.22
   50.46
   43.61
   78.61
   66.37
   63.94
   57.23
   43.61
   43.83
   47.18
   52.92
   52.41
   54.79
   52.75
   42.16
   43.47
   69.35
   67.90
   75.63
   76.46
   76.43
   34.86
   39.76
   76.37
   78.58
   77.14
   73.71
   51.65
   47.37
   46.78
   76.85
   88.18
   93.28
   92.03
   55.39
   48.00
   43.32
   39.02
   48.08
   72.58
   69.83
   78.38
   71.70
   66.91
  107.94
  100.86
  101.83
   88.69
   88.83
   52.30
   63.49
   68.72
   89.91
   88.15
   85.89
   82.54
   53.46
   67.82
   66.80
   64.14
   65.55
   65.86
   66.15
   41.26
   95.60
  238.40
  245.11
  220.84
  202.78
  216.09
  234.21
  274.73
  217.67
  234.69
  220.19
  232.23
  228.55
  116.89
  103.72
  128.81
  147.47
  174.86
  165.88
  163.90
  124.85
  125.08
  114.65
  117.49
  143.99
  175.00
  100.61
   48.00
   51.71
  126.52
  113.81
  124.51
  131.28
  100.24
   35.79
   44.54
   65.10
   85.46
   84.75
   93.30
   96.31
   19.96
   24.15
   45.02
   49.55
   39.05
   31.91
   57.03
   21.04
   25.26
   85.32
   90.67
   90.73
   42.76
   52.98
   51.40
   80.45
   50.15
   46.13
   71.92
   88.49
   84.92
   24.10
   16.17
   54.91
   63.34
   67.45
   29.08
   33.92
   41.97
   41.29
   18.07
   34.94
   35.68
   36.47
  120.66
  150.96
  137.48
  130.29
  155.12
  107.32
   95.80
  122.44
  130.31
  123.91
  161.89
  209.63
  160.16
   95.77
   71.13
   39.05
   81.58
   67.54
   88.97
  163.30
  219.54
  234.80
  157.67
  127.74
  147.39
  222.34
  240.35
  144.53
  138.95
  193.35
  225.03
  260.71
  223.67
  195.64
  189.58
  135.69
   70.42
   55.93
  102.03
  183.55
  179.61
  181.09
  164.01
   58.96
   72.77
   77.08
   62.13
   63.26
   68.75
   53.58
   48.79
   17.27
   34.97
   27.64
   31.32
   39.39
   45.73
   22.60
   21.83
   30.02
   34.74
   40.07
   51.06
   49.19
   31.55
   53.52
   44.57
   44.74
   93.19
   75.52
  120.46
  116.58
   56.75
   52.19
   99.17
  117.77
  124.11
  117.32
   44.00
   39.13
   48.20
   51.51
   86.42
   74.90
   74.30
   43.83
   58.19
   60.51
   44.23
   51.45
   47.80
   55.70
   43.98
   30.16
   62.30
   58.93
   64.17
   60.03
   66.43
   63.97
   70.06
   50.72
   50.29
   46.95
   47.32
   53.15
   48.22
   43.72
   52.87
   54.45
   53.75
   48.14
   44.20
   47.77
   48.22
   44.15
   47.43
   47.09
   52.19
   43.78
   47.26
   47.71
   52.13
   67.34
   46.52
   43.55
   50.12
   38.54
   42.90
   43.32
   42.82
   63.23
   56.24
   38.65
   42.25
   47.80
   48.17
   57.06
   56.97
   56.15
   56.63
   43.38
   43.13
   52.92
   79.51
   61.05
   48.11
   48.31
   64.73
   64.53
   65.67
   48.82
   57.45
   57.14
   42.11
   55.42
   47.15
   44.54
   72.72
   53.66
   45.68
   49.41
   57.43
   45.68
   17.70
   60.85
   57.68
   69.57
   51.88
   48.42
   52.47
   53.01
   52.81
   57.43
   83.76
   95.77
   65.21
   64.51
   87.95
   90.19
   84.47
   81.92
   84.19
   64.93
   65.50
   69.80
   75.21
   73.51
   53.09
   53.38
   57.37
   13.76
   53.24
   49.04
   53.09
   54.54
   50.60
   89.37
   65.24
   52.61
   54.79
   56.92
   52.67
   79.34
   46.95
   50.60
   39.96
   76.43
   50.52
   50.26
  103.36
   35.71
   39.79
   55.78
   50.69
   52.87
   52.61
   48.90
   51.79
   53.15
   43.98
   48.79
   48.99
   51.51
   40.46
   49.64
   40.80
   45.11
   45.51
   42.84
   44.54
   43.89
   44.57
   49.84
   44.20
   40.10
   44.26
   43.52
   39.36
   40.49
   35.99
   30.78
   45.11
   44.91
   49.75
   51.79
   29.79
   43.41
   40.49
   44.80
   49.61
   44.51
   45.00
   40.44
   44.80
   49.27
   39.67
   68.67
   40.15
   39.76
   48.68
   42.56
   47.18
   48.56
   42.84
   42.14
   48.03
   42.76
   30.02
   54.59
   46.86
   49.53
   50.94
   43.89
   49.41
   80.84
  154.84
  107.43
   48.20
   44.60
   48.93
   43.55
   35.34
   47.83
   43.18
   48.22
   43.10
   41.63
   46.30
   38.54
   43.61
   70.93
   90.70
  102.79
   84.58
   42.96
   41.68
   60.26
   46.58
   57.34
  141.95
  138.10
   63.80
   62.10
   99.87
   86.88
  141.75
  107.09
   99.45
  119.02
  160.90
  180.60
  127.60
  187.63
  146.85
  144.70
  143.57
  110.27
  151.55
  169.48
  213.23
  223.65
  127.45
   30.92
   42.67
   47.77
   44.74
   44.43
   58.08
   45.17
   37.15
   44.29
   61.62
  121.82
  107.49
   99.51
  102.08
   98.51
   45.34
   62.18
   52.61
  108.54
   51.06
  125.25
  313.16
  287.42
  289.06
  293.93
  264.48
  276.60
  290.13
  283.11
  232.31
  251.82
  211.58
  165.17
  225.40
  202.72
  143.09
  135.13
  187.00
  177.26
  226.31
  208.64
  207.05
  183.07
  131.59
  142.12
  152.29
  151.35
  162.96
  190.66
  127.31
  132.58
   73.20
   41.34
   25.85
   26.05
   22.54
   32.96
   29.36
   29.96
   20.33
   28.88
   29.73
   25.32
   29.28
   26.25
  124.59
  252.25
  237.24
  208.50
  243.98
  226.51
  250.01
  235.17
  227.44
  231.49
  218.86
  222.49
  204.14
  206.23
  205.07
  212.29
  206.83
  229.73
  247.83
  224.72
  180.43
  161.29
  183.21
  160.08
  176.05
  123.83
   61.05
   58.73
   51.25
   52.67
   56.92
   77.59
   73.43
   43.75
   41.12
   38.96
   84.36
   50.83
   65.78
   70.65
   56.55
   46.50
   77.62
   80.36
   65.81
   73.34
   68.61
   47.80
   51.54
   47.40
   56.69
   44.32
   41.14
   49.13
   29.79
   34.57
   44.83
   48.05
   48.28
   49.13
   63.91
   43.04
   48.73
   47.46
   47.88
   42.79
   52.47
   41.40
   53.63
   38.85
   58.22
   44.32
   41.68
   82.26
  123.52
   79.03
   61.42
  101.66
   52.24
   72.60
   84.16
   84.55
   49.78
   48.25
   68.30
   69.18
   76.57
   81.21
   60.20
   41.06
   48.76
   96.05
   97.69
   71.70
   71.61
   83.62
   44.26
   45.70
   49.44
   50.52
   50.18
   67.88
   74.05
   68.50
   61.67
   64.31
   77.81
   76.17
   55.61
   66.26
   49.02
   53.94
   56.80
   57.12
   56.35
   53.83
   61.62
   59.75
   78.47
  101.83
   59.83
   53.49
   50.35
   49.89
   58.08
   49.98
   53.38
   54.34
   63.01
   62.10
   65.47
   58.53
   54.42
   65.72
   66.63
   74.61
   77.98
   95.00
   50.52
   50.21
   59.55
  119.02
  147.19
   92.20
  126.21
   95.65
   77.73
  109.39
  108.74
  121.85
  106.05
  108.96
   87.98
   59.24
   76.29
   72.01
   46.69
   54.14
   48.82
   61.90
   58.42
   54.37
   90.19
   89.79
   76.65
   64.11
   47.01
   51.90
   59.69
   56.27
   60.40
   85.55
   56.29
   42.05
   54.93
   70.17
   63.01
   74.05
   70.57
  105.48
   56.61
   51.42
   66.49
   71.44
   53.41
   71.75
   60.85
   68.10
   64.79
   85.80
   53.32
   56.21
   51.48
   63.12
   55.87
   37.94
   65.13
   68.92
   52.07
   52.30
   55.78
   52.05
   55.76
   80.76
   85.89
   75.41
   80.79
   79.80
   82.91
   70.85
   71.84
   64.42
   79.91
   65.55
   79.29
   70.11
   71.33
   90.16
   89.74
   73.99
   95.48
   65.84
   69.49
   61.14
   66.20
   77.47
   73.96
   75.18
   78.75
   58.98
   56.18
   87.64
   58.73
   78.07
   49.41
   57.00
   57.91
   49.87
   57.34
   51.20
   54.17
   54.74
   63.49
   58.59
   54.88
   56.49
   58.33
   58.11
   58.98
   60.99
   62.47
   54.26
   63.74
   53.04
   47.35
   55.93
   51.62
   49.07
   55.16
  107.46
   56.10
   52.30
   65.02
   66.69
   51.42
   54.62
   59.41
   57.48
   50.69
   38.20
   41.91
   51.00
   47.20
   52.98
   40.44
   41.71
   44.68
   49.92
   45.00
   46.81
   48.62
   46.72
   47.80
   66.97
   45.82
   28.15
   33.22
   44.12
   29.25
   39.73
   28.46
   28.09
   31.77
  125.64
  234.04
  218.66
  199.78
  212.35
  211.47
  140.59
   96.70
  131.33
  140.56
  131.56
  163.73
  135.01
  101.23
   70.79
  114.68
  113.07
   42.19
  109.42
   99.73
   59.41
   68.67
  121.90
  121.93
  119.87
  127.74
  101.71
   90.02
   81.55
   71.10
   79.37
   82.63
  135.16
  187.83
  147.87
  160.78
  156.68
  148.81
  149.60
  149.74
  147.70
   61.56
   59.01
   61.87
   58.96
   69.01
  115.62
  117.43
   55.33
   44.63
   85.09
   85.80
   84.70
   80.42
   84.02
   70.45
   75.12
   81.92
   87.53
  117.60
  115.59
   99.45
   29.79
   25.00
   33.90
   32.65
   51.76
   38.28
   48.31
   21.38
   21.69
   16.76
   25.46
   22.31
   23.70
   24.32
   23.39
   18.41
   18.04
   16.62
   23.96
   25.63
   17.64
   19.99
   23.84
   20.67
   25.34
   21.15
   25.49
   24.35
   16.99
   27.10
   35.31
   29.51
   30.24
   30.38
   30.55
   26.76
   30.10
   21.44
   30.53
   21.97
   21.83
   17.39
   22.03
   21.41
   20.76
   21.35
   17.56
   21.69
   25.49
   22.14
   16.93
   21.61
   21.44
   20.95
   16.82
   26.25
   25.60
  104.89
  212.69
  135.72
   81.64
   67.76
   35.59
   52.47
   40.29
   43.30
   38.99
   39.05
   38.09
   29.34
   20.95
   20.98
   20.95
   25.34
   30.10
   25.09
   29.62
   20.84
   25.26
   63.88
   88.32
   95.43
   86.73
   75.27
   45.73
   47.83
   51.85
   63.66
   83.56
   64.08
   53.94
   41.34
   42.48
   46.35
   65.16
  126.66
   98.46
   81.50
   49.98
   59.30
   66.63
   96.87
   93.73
   82.91
   84.33
   82.01
   94.89
  105.68
   81.95
   94.83
  106.53
  102.31
  103.67
   98.37
  102.31
   96.48
   92.34
   74.90
  101.80
  102.65
   97.07
   97.89
   97.83
   85.55
   86.73
   94.52
   68.36
   65.36
   66.77
   70.51
   75.97
   75.35
   72.92
   66.26
   60.60
   83.76
   85.69
   54.09
   63.57
   77.11
   64.56
   58.33
   43.04
   76.57
   86.88
   68.87
   52.87
   52.87
   52.84
   64.65
   75.04
   62.33
   62.10
   54.31
   50.09
   45.68
   45.53
   54.31
   58.73
   50.06
   54.74
   49.84
   47.74
   66.12
   66.91
   57.12
   69.74
   70.57
   46.21
   56.97
   67.62
   66.86
   75.24
   66.94
   57.62
   59.52
   33.92
   51.82
   50.77
   52.39
   59.61
   59.10
   70.79
   65.70
   58.90
   68.24
   58.05
   63.12
   56.61
   60.15
   65.41
   48.34
   56.27
   53.09
   51.14
   59.69
   55.67
   47.69
   51.42
   57.34
   84.24
  102.22
  105.28
   57.00
   46.07
   57.91
   59.38
   64.08
   71.73
   59.27
   60.54
   65.92
   72.24
   62.84
   55.53
   69.94
   73.14
   64.65
   56.86
   52.27
   56.63
   76.51
   79.00
   61.45
   63.68
   52.44
   53.18
   44.17
   56.29
   58.87
   52.81
   56.32
   57.03
   87.73
   85.55
  114.51
  115.70
   84.84
   64.00
   68.81
   69.38
   70.85
   70.03
   74.05
   66.66
   59.49
   55.76
   60.80
   55.22
   39.87
   58.45
   57.12
   53.21
   58.79
   51.00
   52.41
   87.78
  102.93
   89.51
   56.58
   48.08
  134.93
  134.05
  121.08
  105.48
   97.49
   40.69
   52.39
   91.12
  105.08
  120.46
   98.91
   82.03
   46.04
   46.21
   67.88
   72.92
   98.15
  103.30
  120.18
   69.15
   80.73
   43.01
   80.59
  116.95
  124.23
  112.64
   56.83
   71.58
   39.19
   67.90
   76.54
  113.86
  105.71
   44.26
   36.05
   95.88
   99.53
   86.93
   85.80
   86.14
   31.63
   32.88
   72.52
   47.69
   50.63
   55.10
  134.56
  224.64
  208.87
  206.80
  173.89
  138.30
  210.85
  150.16
  128.50
  199.18
  237.55
  228.57
  213.03
  206.46
  232.71
  230.30
  227.24
  204.36
  195.47
  156.31
  150.45
  169.22
  107.07
  123.63
  195.19
  177.01
  236.25
  225.63
  218.21
  221.44
  223.11
  154.19
  137.79
  144.78
  136.97
   90.27
   31.57
   31.32
   76.46
   77.53
   84.70
   78.89
   52.10
   59.07
   82.03
   53.12
   43.75
   47.15
   47.94
   76.65
   48.08
   27.21
   40.35
   28.85
   45.42
   26.11
    8.92
   18.55
   12.91
   12.49
   25.60
   19.60
   18.89
   22.80
   18.55
   26.28
   18.80
   21.12
   85.63
   86.22
   70.25
   28.12
   44.29
   43.98
   54.17
   42.90
   51.88
   52.05
   52.39
   51.73
   50.43
   49.07
   40.58
   27.13
   26.76
   21.04
   21.61
   21.97
   19.57
   21.27
   21.63
   20.78
   12.77
   19.94
   78.86
   52.24
   22.12
   23.59
   25.68
   21.46
   17.22
   31.15
   52.02
   43.52
   22.57
   48.45
   27.21
   16.37
   20.64
   22.51
   68.05
   65.86
   66.94
   99.68
   86.71
   81.07
   58.70
   58.56
   55.64
   72.12
   47.06
   33.98
   67.65
   65.38
   67.45
   75.12
   59.13
   65.10
  145.29
  218.04
  221.30
  243.69
  145.29
  141.19
  116.69
  116.44
  112.53
  111.94
   96.48
   99.53
  113.41
  107.92
  106.81
   81.27
   56.10
   76.63
   91.18
  128.93
   61.53
   71.08
   74.67
   67.96
   91.21
   75.07
   79.80
   99.39
   90.78
   76.51
   81.01
   85.32
   76.14
   46.35
   59.24
   50.04
   63.88
   67.20
   49.16
  117.88
   87.05
   38.62
   24.92
   81.41
   61.53
   58.87
   40.86
   38.51
   45.17
   44.94
   34.91
   75.75
   85.18
  109.59
  100.04
   62.47
   58.05
  106.10
   95.57
   97.07
   94.83
   94.89
   37.94
   34.72
   62.58
   46.58
   46.01
   67.51
   99.39
   45.79
   44.74
   62.92
   61.31
   68.87
   75.07
   58.76
   56.63
   47.35
   94.66
  106.30
   98.85
   93.98
  105.51
   49.44
   49.30
  100.44
   90.98
  106.22
   95.63
  102.39
   53.72
   54.79
   84.61
   74.25
   82.06
  100.95
   63.15
   56.38
   72.49
   45.99
   91.01
  105.17
  100.86
   85.52
   67.03
   48.93
   90.13
   89.99
   79.71
   83.36
   77.14
   44.71
   47.66
   81.98
   83.25
   86.96
   84.84
   95.09
   57.09
   51.03
   64.87
   62.95
   74.47
   59.75
   71.95
   50.40
   32.76
  118.34
  113.32
   98.66
  113.66
   85.04
   47.54
   44.06
   83.99
  130.94
   99.79
   84.10
   91.49
   38.74
   47.20
   97.35
  110.41
   87.75
   94.07
   81.89
   49.10
   44.29
   57.28
   62.38
   47.06
   46.47
   47.01
   45.59
   45.68
   46.33
   72.60
   48.20
   36.84
   45.62
   48.73
   46.81
   77.16
   79.97
   70.03
   89.06
   99.14
   42.14
   37.69
   28.88
   30.67
   93.47
   98.40
   97.83
   67.71
   51.20
   79.71
   71.44
   98.63
   91.12
  110.72
   42.65
   40.75
  140.03
  156.39
   89.82
   77.31
   74.28
   83.03
   93.39
  185.28
   86.73
  101.29
   99.85
   95.43
   65.07
  123.32
  107.21
  102.03
  115.82
  117.20
  152.17
   51.14
   53.38
   95.65
   76.82
  165.82
  185.84
  176.67
   77.05
   79.94
  108.09
  121.20
   95.71
  137.14
  128.36
   38.99
   55.98
   56.97
   40.58
   40.69
   59.41
   43.89
   43.81
   48.08
  128.25
  123.15
  131.81
  197.17
  186.72
  137.76
  141.39
  120.29
  132.38
  101.74
   90.98
  139.77
  102.03
   78.89
   72.15
   79.85
   53.04
  101.23
  103.21
   73.51
   59.95
   63.71
   91.92
  163.87
  169.67
   99.11
   69.69
   43.52
   49.95
   46.78
  101.26
   52.53
   58.73
   44.63
   37.18
   58.81
   41.17
   56.12
   74.36
   51.88
   53.04
   54.06
   52.81
   36.53
   23.22
   47.86
   29.82
   31.69
   29.79
   47.49
   44.94
   45.14
   38.06
   48.28
  172.45
  191.03
  112.93
  141.61
  122.95
  175.22
   90.42
  102.85
  102.62
  120.57
   92.88
  120.35
  152.32
  122.33
   86.51
   73.91
   82.97
  100.35
  147.64
  194.28
   27.52
   24.61
   36.70
   97.75
  157.38
   67.73
  104.29
   37.66
   59.69
   28.03
   48.48
   69.12
   44.12
   71.02
   56.38
   45.19
   32.20
   25.09
   35.40
   30.04
   37.89
   24.10
   34.72
   34.26
   29.96
   33.95
   21.10
   25.77
   37.77
   34.01
   42.70
   38.82
   34.15
   90.25
  116.27
   61.59
   32.85
   29.99
  116.47
   67.39
   84.50
   99.19
   80.50
   71.30
   62.72
  103.89
   80.93
   82.15
   72.29
   58.70
   38.17
   37.52
   66.57
   69.66
   66.23
   62.98
   63.54
   29.56
   34.35
   25.85
   34.32
   63.71
   54.09
   54.91
   58.22
   53.04
   66.06
  227.16
  226.19
  200.14
  200.14
  189.84
  174.35
  114.40
  131.62
  121.76
  136.20
  122.07
   71.92
   48.08
   67.08
   72.04
   93.76
  108.71
  100.89
   66.69
   71.16
   75.55
   62.86
   63.12
   65.55
   52.81
   59.55
   50.29
   86.79
   84.92
   97.89
   44.66
   44.71
   56.72
   47.97
   89.65
   65.24
   81.41
   68.05
   45.25
   41.91
   37.94
   54.23
   58.42
   63.46
   72.41
   72.26
   63.37
   61.16
   91.83
   88.89
   63.91
   48.56
   63.57
   59.49
   55.64
   67.54
   76.31
   86.59
   88.94
   85.35
   80.87
   80.02
  103.72
   61.28
   66.94
   67.45
   80.62
   58.70
   59.35
   79.26
   79.06
   62.61
   81.21
   68.30
   43.18
   46.18
   46.24
   78.30
   80.28
   61.90
   87.07
   50.09
   58.33
   57.99
   79.34
   64.79
   72.21
   67.39
   46.50
   50.80
   58.93
   68.70
   96.79
   97.72
   75.69
   70.31
   42.22
   50.69
   74.50
   67.11
   44.03
   93.56
   37.15
   34.07
   65.55
   63.17
   63.88
   67.65
   88.66
   55.10
   42.65
   65.81
   68.50
   64.25
   65.53
   55.44
   51.51
   48.99
   55.81
   61.25
   67.34
   96.08
   71.42
   50.91
   46.75
   62.52
   69.80
   75.41
   47.37
   46.35
   37.52
   37.04
   89.74
   88.01
  128.81
   69.38
   62.01
   37.92
   48.22
   48.11
   47.86
   64.85
   65.04
   72.86
   46.01
   45.79
   75.66
   75.66
   76.09
  139.46
   64.45
   46.58
   40.58
   84.41
   88.12
  102.62
   88.18
  101.32
   47.26
   42.70
   82.52
  137.48
   78.52
   91.04
  156.71
   44.49
   38.14
   41.17
   48.62
   47.29
   41.48
   45.56
   54.00
   46.84
   49.27
   66.83
   47.06
   46.33
   37.72
   46.18
   46.86
   44.34
   41.68
   42.36
   45.82
   43.01
   41.14
   42.36
   42.22
   47.32
   44.85
   40.35
   46.35
   45.96
   46.18
   47.86
   51.99
   44.49
   44.40
   39.64
   44.15
   41.20
   36.19
   34.07
   36.53
   29.53
   45.93
   30.07
   47.26
   37.32
   35.85
   31.29
   36.10
   47.26
   36.73
   41.06
   36.16
   36.50
   44.26
   36.05
   33.19
   36.44
   44.03
   40.21
   37.55
   33.50
  120.71
  168.54
   31.49
   34.43
   68.47
   57.48
   57.43
  127.28
   73.74
   45.76
   46.75
   55.08
   47.26
   34.21
   42.56
   35.40
   42.82
   27.98
   19.20
   20.50
   70.54
   66.66
  103.64
  123.46
  137.56
  155.12
  137.65
  132.15
  155.66
  163.47
   98.68
   89.82
   89.68
  114.40
  126.41
  125.08
  125.53
   92.60
   98.60
  112.28
  151.01
   85.04
  110.92
   57.20
   33.39
   53.86
  119.44
   69.77
   80.87
   96.79
   83.42
   49.04
   51.08
   47.54
   41.54
   47.09
   46.47
   35.20
   45.11
   39.90
   39.39
   49.92
   54.31
  100.52
   91.55
   21.75
   21.18
   51.96
   86.42
   20.42
   42.56
   40.83
   90.05
  135.18
  147.67
  129.49
  151.07
  140.96
  100.41
   44.17
   52.33
   60.99
  104.32
   41.54
   33.87
   33.81
   34.04
   35.82
   68.39
   71.87
   71.27
   76.34
   75.46
   69.38
   57.57
   68.02
   68.89
  110.46
  106.36
  199.55
  246.61
  234.61
  233.10
  231.58
  229.39
  224.41
  228.97
  236.45
  197.88
  191.00
  171.80
  201.47
  192.02
  198.81
   90.08
   38.34
  177.52
  116.75
  121.73
  152.03
  210.31
  151.24
  165.23
  217.33
  234.78
  214.39
  257.63
  216.00
  121.82
  112.96
  120.35
  122.90
   17.36
   21.95
   17.64
   87.95
  109.78
  124.25
  119.33
  156.28
  153.28
  143.09
  132.75
  115.73
  143.54
  171.35
  134.22
  109.78
  199.69
  109.84
  101.66
   74.84
  138.84
   95.34
  141.87
  155.54
  129.27
  169.65
  189.27
  142.12
  160.84
  153.65
  138.02
   47.32
   43.13
  108.11
  129.15
  169.31
  102.34
  123.94
   76.14
   43.41
  103.02
   89.68
  144.30
  114.03
   70.88
   42.73
   42.67
  100.41
  126.60
   96.53
  123.55
  110.44
   78.47
   47.18
  111.54
  111.03
  114.94
  112.56
  110.92
   73.74
   77.73
  103.75
   83.25
  124.34
  110.18
  106.22
   77.33
   78.81
   92.68
  115.19
  138.16
  120.18
  110.58
   73.65
   86.22
   57.79
   76.34
   89.54
   86.22
   55.13
   55.27
   51.40
   57.79
   91.27
  105.54
   93.87
   76.06
   53.15
   48.08
  102.31
  111.46
   92.96
   94.52
   88.52
   84.41
   89.00
   70.96
   94.21
   80.96
   72.46
   61.11
   56.69
   52.22
   56.55
   65.98
   74.05
   66.74
   55.33
   47.80
   43.64
   47.94
   47.09
   57.06
   37.83
   55.25
   59.86
   29.68
  128.70
  135.72
  113.61
  107.01
   74.05
   44.32
   48.87
   85.86
   85.43
   61.36
   52.81
   47.49
   91.32
  100.38
  111.12
   54.26
   53.04
   48.76
   49.27
   48.34
   54.91
   51.82
   50.01
   41.06
   40.78
   34.66
   39.02
   48.11
   49.33
   39.30
   34.29
   51.54
   38.31
   49.16
   35.93
   34.69
   35.62
   49.19
   62.69
   45.84
   30.84
   41.09
   35.14
   39.22
   38.99
   39.28
   40.27
   43.83
   24.78
   34.89
   38.71
   39.42
   35.96
   31.66
   35.31
   35.20
   36.22
   31.55
   32.76
   38.03
   32.59
   31.26
   30.92
   34.29
   31.18
   35.54
   36.70
   35.76
   35.76
   34.57
   39.33
   33.98
   33.39
   35.57
   30.98
   38.43
   35.28
   36.08
   29.05
   32.68
   33.75
   32.99
   39.30
   34.46
   39.53
   32.05
   72.29
   71.08
   39.11
   37.80
   85.60
   70.20
  118.22
   76.46
   77.28
   78.01
   36.22
   36.90
   38.20
   44.54
   33.41
   43.32
   36.22
   29.17
   20.76
  115.84
  122.07
  116.35
   29.17
   53.12
   32.42
   19.71
   80.59
   80.56
   84.61
   11.10
   19.77
   39.70
   38.26
   55.81
   31.06
   29.28
   33.50
  126.43
   12.06
   28.83
   36.70
  100.61
   74.59
  156.34
   59.58
  118.56
   46.13
   69.29
   42.96
   39.30
   49.87
   43.21
   55.47
   24.07
   22.91
   15.32
   26.59
   22.77
   22.14
   15.97
   12.03
   23.70
   24.58
   22.96
   23.96
   15.83
   27.61
   23.36
   22.96
   22.91
   21.46
   23.79
   20.76
   19.37
   15.43
   19.85
   23.13
   12.15
   31.49
   20.13
   12.29
   24.69
   27.33
   17.13
   25.26
  109.36
   88.24
   60.77
   62.38
   50.89
   87.87
    4.02
   64.05
   64.22
   82.46
  116.10
   67.37
   23.13
   28.29
   24.32
   45.17
   23.98
   24.47
   24.21
   24.75
   16.14
   20.93
   21.04
   25.37
   21.01
   21.07
   16.03
   21.69
   20.59
   20.98
   34.07
   12.49
   25.06
   37.75
   37.29
   30.24
   28.83
   33.02
   34.46
   34.01
   18.24
   21.61
   25.15
   20.13
   24.38
   16.40
   24.15
   24.92
   20.90
   22.34
   31.29
   16.62
   22.43
   20.53
   29.70
   20.16
   16.79
   20.44
   24.78
   24.75
   21.32
   21.44
   25.71
   17.08
   21.35
   12.91
   12.54
   12.80
   56.86
   21.29
   25.23
   20.64
   16.57
   24.92
   20.76
   24.86
   24.61
   26.99
   21.89
   21.18
   34.24
   31.18
   26.79
   21.15
   31.46
   28.06
   17.27
   55.81
   27.13
   48.08
   43.95
   38.31
   38.60
   35.06
   47.40
   37.15
   49.84
   41.82
   38.82
   44.37
   44.34
   40.58
   44.15
   39.45
   44.03
   42.76
   38.28
   43.15
   41.99
   40.78
   45.25
   40.80
   44.68
   39.87
   40.01
   39.98
   31.15
   17.33
   44.85
   34.46
   30.36
   43.30
   34.49
   56.29
   56.15
   44.68
   34.49
   39.33
   43.86
   43.01
   34.35
   86.79
   52.07
   34.60
   38.85
   38.71
   47.54
   47.57
   65.13
   69.21
   60.77
   90.22
   25.82
   52.81
   86.71
  107.80
   86.62
   85.77
   86.31
   64.85
   56.10
   60.48
   86.37
   60.51
   86.56
   69.38
   54.76
   37.89
   54.59
   55.08
   75.63
   54.28
   62.81
   37.63
   41.46
   46.13
   59.49
   59.07
   56.12
   54.99
   51.31
   59.49
   46.81
   55.59
   68.89
   71.47
   68.22
   59.92
   38.62
   69.94
   60.85
   68.27
   51.11
   83.62
   43.01
   42.53
   47.46
   80.73
   93.87
   76.91
   80.39
   42.22
   34.04
   80.67
   80.36
   43.83
   57.65
   44.12
   81.21
   46.61
   55.36
   42.45
   41.88
   46.52
   47.03
   46.75
   46.95
   53.18
   51.79
   52.78
   50.89
   30.98
   43.49
   30.64
   35.17
   34.55
   34.66
   60.43
   29.99
   34.66
   34.63
   57.09
   62.13
   42.84
   40.38
   39.62
   31.32
   39.28
   75.24
   75.41
   72.75
   73.91
   77.42
   34.97
   33.70
   37.75
   42.90
   53.24
    4.87
   43.44
   42.45
   36.36
   35.96
   38.65
   47.54
   29.25
   63.09
   41.06
   37.63
   24.92
   33.58
   33.24
   33.07
   33.84
   37.27
   33.36
   38.60
   33.75
   59.64
   34.35
   45.65
    8.41
   68.41
   46.78
   25.29
   48.51
   16.88
   41.26
   25.15
   45.34
   93.02
   81.67
   82.35
   79.83
   77.11
   42.11
   32.62
  119.87
  101.40
   99.28
   46.81
   50.77
   49.64
   37.52
   68.24
   74.36
   61.67
   65.27
   57.20
   39.98
   39.81
   65.33
   63.26
   95.60
   36.47
   31.80
   39.13
   28.37
   31.38
   35.48
   20.53
   32.28
   12.03
   28.29
   36.95
   29.45
   29.53
   35.20
   36.10
   24.10
   24.64
   26.36
   43.47
   22.48
   27.55
   22.57
   19.51
   31.29
   15.46
   19.94
   24.15
   23.28
   35.42
   43.47
   28.77
   20.27
   24.35
   23.64
   19.28
   38.77
   38.94
   23.67
   19.68
   16.82
   23.33
   24.61
   25.85
   19.88
   15.91
   23.47
   35.28
   31.66
   27.78
   20.02
   20.39
   24.95
   16.42
   19.96
   19.77
   26.59
   21.07
   15.69
   23.79
   19.74
   24.35
   19.96
   24.75
   25.20
   20.90
   20.95
   20.98
   16.37
   25.09
   20.67
   20.76
   23.33
   22.88
   22.14
   15.35
   26.36
   16.03
   26.96
   20.70
   16.91
   18.63
   27.01
   20.19
   20.11
    8.21
   33.16
   20.44
   24.35
   12.09
   20.73
   20.16
   16.17
   20.27
   19.88
   17.27
   20.22
   22.68
   17.47
   17.98
   22.34
   13.11
   13.05
   69.86
   97.78
   17.90
   26.96
   17.39
   21.92
   18.07
   22.99
   35.42
   35.76
   13.54
   21.58
   21.83
   18.09
   18.01
   17.53
   26.28
   34.55
   30.55
   21.75
   21.49
   21.52
   21.18
   66.12
   25.94
   17.64
   21.89
   21.72
   21.72
   21.78
   21.83
   21.41
   13.11
   12.91
   12.83
   14.27
   30.13
   30.81
   26.50
   62.41
   29.85
   30.67
   25.97
   30.84
   35.14
   34.86
   43.38
   25.82
   34.43
   28.01
   34.66
   34.77
   30.47
   34.77
   21.89
   12.94
   12.80
   17.27
   34.46
   61.59
   52.19
   41.31
   33.95
   52.30
   26.48
   43.38
   39.19
   47.12
   47.57
   47.15
   36.25
   30.67
   38.79
   39.05
   38.94
   47.26
   46.81
   43.32
   47.97
   43.18
   38.77
   42.87
   38.77
   44.74
   43.47
   43.35
   39.08
   39.98
   34.07
   42.82
   20.98
   56.29
   43.13
  118.53
   69.63
  163.95
   39.33
   82.06
  127.65
  148.47
  105.00
   47.83
   39.33
   35.34
   29.93
   74.11
   52.27
   30.10
   42.82
   48.56
   39.39
   25.54
   44.88
   34.18
   68.10
   65.55
   83.05
  131.93
   13.00
  134.14
  124.82
  105.74
  101.01
  104.86
   95.88
   94.61
  134.99
  140.59
   87.19
   49.04
  190.66
   69.97
   64.56
  136.66
  103.21
  113.89
   93.42
   88.58
   66.18
   61.99
   96.84
   80.65
   69.04
   67.68
   89.34
   72.49
   34.35
   93.16
   81.07
   90.81
   77.93
   61.90
   38.96
   65.41
   70.37
   65.07
   39.62
   39.50
   52.50
   39.90
   62.86
   31.80
   87.61
  105.82
   84.92
   57.43
   83.42
   22.34
   58.02
   44.74
   52.36
   44.57
   39.79
   49.84
   43.15
   44.63
   44.15
   48.00
   38.99
   56.52
   43.78
   31.40
   66.77
   52.90
  100.10
   81.52
   33.73
   48.20
   35.40
   40.18
   48.28
   39.87
   38.51
   35.93
   35.37
   27.44
   58.45
   34.74
   30.21
   35.23
   30.78
   43.86
    8.95
   53.97
   17.08
   38.40
   33.02
   31.04
   26.14
   25.68
   49.67
   30.19
   33.75
   30.87
   22.88
   35.62
   17.92
   41.71
   13.51
   50.18
   22.37
   33.75
   23.73
   12.54
   62.04
   37.92
   33.87
   16.93
   40.35
   12.29
   20.47
   36.98
   37.12
   37.01
   16.45
   42.36
   16.91
   21.24
   28.71
   25.57
   25.68
   30.24
   26.45
   16.93
   29.59
   34.89
   33.98
   26.22
   29.31
   18.58
   24.89
   12.35
   46.27
   30.53
   29.56
   25.03
   25.46
   12.37
   12.54
   44.63
  110.46
   83.82
   31.04
   19.54
   20.61
   12.88
   16.25
   37.12
   36.98
   12.37
   39.96
   24.10
   12.35
   16.23
   48.42
   32.34
   35.42
   29.96
   12.71
   15.80
   38.45
   27.52
   31.77
   27.13
   27.41
   27.10
   27.21
   27.10
   26.65
   26.90
   28.60
   35.03
   11.21
   36.98
   23.42
   21.41
   21.32
   14.36
   26.25
   12.69
   19.51
   20.98
   28.85
   15.15
   24.69
   33.13
   12.46
   16.06
   21.63
   21.92
   21.32
   25.40
   21.04
   12.46
   21.46
   21.95
   25.17
   12.80
   16.65
   20.30
   24.38
   49.64
   56.58
   55.59
   51.45
  106.58
   21.83
   21.32
   16.57
   20.78
   19.68
   25.09
   25.03
   21.12
   25.26
   25.23
   41.23
   53.94
   67.25
   12.71
   49.95
   12.54
   12.23
   34.43
   12.32
   25.23
   76.12
   49.98
   12.94
   16.71
   46.55
   20.87
   14.95
   16.65
   24.66
   17.73
   22.00
   37.52
   66.83
   16.79
   13.68
   16.99
   17.22
   26.08
   23.22
   22.37
   13.54
   18.15
   21.61
   21.63
   19.43
   31.97
   72.15
   75.75
   39.02
   40.07
   22.17
   15.80
   20.53
   71.25
   54.11
   62.81
   13.28
   30.30
   19.17
   28.80
   22.20
   21.58
   21.46
   21.86
   19.99
   17.87
   32.96
   50.46
   46.52
   26.70
   25.60
   21.29
   21.35
   34.15
   29.93
   28.74
   17.67
   26.25
   29.56
   35.59
   31.94
   30.58
   30.87
   38.82
   31.04
   39.16
   22.12
   21.78
   22.12
   25.85
   21.61
   25.68
   12.74
   25.91
   21.44
   24.52
   20.64
   24.61
   16.88
   16.93
   12.63
   33.58
   25.66
   41.97
   34.26
   38.09
   37.97
   39.19
   52.95
   56.32
   55.50
   60.65
   56.92
   30.13
   34.32
   28.06
   50.29
   41.82
   46.21
   43.32
   47.35
   43.64
   51.68
   51.03
   46.52
   43.44
   38.65
   42.67
   42.70
   51.68
   34.49
   46.47
   68.30
   63.88
   81.30
   54.93
  103.47
   95.82
  116.35
  122.10
   95.94
   38.71
   36.98
   77.28
   74.59
   79.34
   79.66
   78.81
   74.59
   47.57
   70.54
   70.91
   70.76
   72.29
   65.44
   44.63
  192.07
  206.97
  110.41
   86.76
  107.89
  102.85
   85.29
   87.24
  118.53
  103.81
  100.10
  116.07
   97.01
   89.54
   82.32
  136.40
  213.48
  164.49
  131.76
  108.82
   77.81
   86.08
   75.15
   98.88
   99.22
   99.51
   80.36
  105.40
  100.24
   93.81
  106.87
   94.55
   95.80
  101.18
   91.12
   30.38
   43.81
   88.80
  104.18
  105.68
  138.84
  117.29
  111.68
  207.14
  165.94
  130.60
   73.99
   76.03
   44.54
   17.78
   22.85
  134.34
   40.72
   76.54
  105.42
   58.67
   59.10
  140.34
  100.38
   65.70
   21.89
   51.68
   55.64
   26.99
   44.20
   38.96
   45.31
   33.10
   55.05
   40.29
   21.75
   72.89
  106.64
   35.00
   17.36
   34.83
   17.33
   13.08
   26.96
   22.26
   53.92
   40.58
   26.19
   30.13
   12.49
   86.85
   97.81
   38.74
   53.55
   72.21
   56.61
   50.23
   73.74
   59.15
   40.89
  121.68
   73.14
   34.77
   14.92
   99.45
  105.23
   92.51
   94.66
   74.44
   54.68
   11.55
  102.99
  105.76
  107.69
   98.63
   68.70
   46.41
   50.52
   69.46
   59.13
   62.67
   22.31
   41.68
   28.85
   40.21
   50.91
   29.05
   33.64
   61.59
   39.45
   21.92
   43.89
   35.57
   46.81
   68.30
   37.63
   54.20
   15.26
   52.41
   79.68
   46.92
   53.29
   35.37
   46.41
   34.86
   31.21
   30.21
   38.71
   47.60
   69.40
   89.20
   40.83
   21.15
   20.64
   22.51
   27.47
   27.75
   23.84
   12.43
   25.49
   39.98
   12.63
   58.45
   27.61
   52.39
   27.18
   20.76
   33.56
   25.88
   27.64
   18.38
   28.91
   24.69
   11.75
   43.75
   22.77
   20.73
   14.81
   39.98
   23.08
   11.50
   29.56
   22.03
  102.82
  144.47
  155.40
   83.85
   93.33
  128.59
  176.98
  188.87
  149.88
   87.53
   22.20
   22.03
   14.16
   44.06
   28.15
  144.90
   83.39
   23.50
   11.19
   14.81
   82.46
   91.15
   77.31
   56.46
   12.03
   12.03
   40.07
   16.68
   12.23
   35.74
   12.26
   12.23
   15.86
   23.67
   20.67
   34.66
   37.49
   24.18
   24.30
   16.42
   43.86
   40.10
   28.88
   17.05
   17.53
   12.32
   15.21
   36.67
   24.55
   31.77
   21.72
    8.13
   15.60
   18.89
   40.61
   52.47
  120.18
  135.24
  123.94
  107.80
   87.98
   83.53
   90.33
   48.82
   16.37
   12.06
   12.40
   12.69
   14.70
   25.57
   15.69
   16.17
   22.57
   21.97
   27.72
   13.25
   21.44
   17.30
   22.14
   27.47
   12.74
   30.70
   28.20
   20.84
   23.64
   24.52
   31.43
   20.19
   29.36
   21.21
   24.24
   41.68
   25.23
   12.09
   15.69
   11.81
   44.03
   11.69
   31.23
    8.41
   12.09
   24.10
   16.25
   24.27
   21.18
   21.89
   25.03
   20.02
   25.51
   20.93
   25.80
   12.63
   25.57
   46.69
   11.33
   12.71
   12.74
   13.99
   34.74
   21.21
   20.76
   38.00
   32.93
   13.11
   12.97
   37.58
   30.10
   30.33
   50.38
   42.31
   34.21
   60.09
   31.69
   56.04
   21.44
   58.19
   28.88
   42.31
   35.25
   38.11
   49.33
   39.25
   42.84
   28.37
   45.34
   42.84
   41.74
   41.26
   38.40
   47.15
   38.40
   34.24
   42.70
   42.87
   47.15
   43.41
   40.44
   39.16
   34.07
   43.04
   42.53
   54.54
   28.63
   36.08
   28.40
   24.81
   37.60
   45.56
   41.99
   42.87
   38.82
   43.13
   39.22
   38.88
   47.71
   35.40
   41.43
   45.08
   37.58
   33.53
   42.22
   29.70
   38.40
   26.53
   51.96
   39.19
   20.47
   41.80
   34.41
   38.40
   38.62
   64.65
   70.68
   68.41
   89.23
   63.74
   61.39
   48.08
   30.53
   55.95
   35.06
   55.42
   54.00
   42.62
   43.78
   41.74
   40.15
   42.70
   47.35
   39.79
   44.20
   47.43
   38.28
   37.94
   42.93
   47.20
   38.54
   41.29
   41.80
   41.43
   40.80
   37.12
   23.67
   57.99
   45.76
   34.24
   50.46
   38.11
   38.91
   52.24
   46.86
   42.73
   38.48
   38.00
   34.49
   38.65
   39.79
   34.49
   43.04
   38.48
   34.04
   39.13
   26.28
   46.69
   53.04
  110.38
   97.30
   42.45
   33.41
   33.50
   32.68
   99.93
   57.06
  115.02
  110.21
   34.38
   32.37
   65.02
   12.66
   29.42
   25.88
   46.41
   20.39
   12.71
   21.29
   28.68
   24.55
  137.34
   41.65
   12.43
   17.90
  158.97
   12.26
  173.16
  160.67
   75.32
   12.52
   25.32
   51.00
   20.98
   33.44
   12.94
   12.29
   70.99
   23.16
  135.21
  116.47
  126.69
   33.27
   33.47
   12.35
   12.35
   55.67
  104.83
  104.83
  128.50
  140.03
   56.38
   24.86
   99.51
  121.85
  137.31
  122.36
  104.97
  116.41
   57.34
   85.83
   94.41
   86.68
   81.07
   83.22
   60.65
   69.06
   72.32
   59.49
  136.29
  176.22
  173.89
  123.15
  109.59
  128.19
  121.51
  121.54
  128.98
  142.52
  181.17
  181.62
  138.27
   96.02
  153.45
  150.33
  142.58
  124.62
  107.77
  148.24
  115.33
  147.47
  131.22
  138.87
  110.12
  100.75
  118.28
  113.81
   84.70
  114.85
   80.62
  139.43
   88.94
  120.57
  156.88
  151.35
  131.16
   85.15
   85.89
   85.66
   87.16
   89.08
   57.34
   61.59
   61.76
   62.58
   61.87
   61.76
   93.16
   90.50
  114.63
  118.39
  116.78
   67.79
   61.25
   58.90
   58.25
   54.99
   77.42
   24.44
   24.30
   26.70
  113.61
   60.80
   59.92
   62.69
   38.91
   21.72
   36.33
   24.18
   96.28
   53.18
  208.92
  131.08
  167.10
  113.66
  129.32
  159.14
  166.50
  208.33
  149.54
  205.86
  218.89
  206.71
  224.55
  219.37
  223.05
  224.98
  223.59
  134.17
  184.00
  179.30
  163.33
  162.71
   84.61
   61.19
  119.72
  114.51
  115.39
  113.64
  110.29
   22.74
   19.31
  145.58
  147.39
  116.01
   86.54
   23.96
   25.26
   16.48
  181.26
   12.46
   11.84
   33.02
   21.32
   21.10
   12.12
  197.20
  148.89
   21.27
   22.68
   15.77
   22.99
   20.44
   24.01
   16.37
   82.63
   32.90
  176.58
  210.93
  192.92
   91.35
  113.78
   92.37
  120.01
  105.14
  152.32
  128.56
  149.34
  156.56
  162.11
  129.32
  196.77
  142.43
  103.64
  128.73
   93.50
   86.20
  114.06
   85.83
   29.82
   27.81
  143.00
  235.68
   77.16
   40.10
   93.39
   54.91
  111.77
   91.12
   93.79
  144.95
   90.56
   92.17
  147.81
   55.22
   69.80
   50.80
   37.29
   57.45
   82.32
   51.14
   60.48
   38.43
   51.23
   47.01
   55.67
   46.55
   38.88
   60.34
   53.86
   80.65
   98.60
   77.70
   66.69
   69.63
   43.01
   88.12
   89.25
   91.35
  112.36
  124.79
  103.61
   98.26
  132.27
  166.16
  196.63
  146.23
  207.11
  119.72
   99.48
   70.54
  131.67
  154.92
   95.65
  101.32
   42.62
   16.62
   60.26
  146.48
  206.09
  190.03
  162.91
  146.03
  138.84
  130.46
  208.07
  129.95
  139.15
  246.05
  150.05
  154.13
  150.56
  153.08
  145.52
  133.43
  170.81
  105.45
  101.01
  107.46
   93.33
   93.81
   90.10
   71.36
   94.47
   87.10
   84.95
   77.22
   91.41
  107.18
   96.45
  166.19
  191.14
  135.50
  186.10
  109.39
  118.59
  194.79
  168.60
  146.37
  125.16
  210.08
  117.06
  191.93
   95.43
  102.99
  136.63
  175.17
  163.47
  162.45
  116.75
  116.47
  138.47
   72.63
  103.10
  107.01
  103.67
  122.30
   97.83
  109.42
   60.26
  111.54
  123.55
  130.12
  118.17
   86.90
   78.18
   78.52
   91.46
  161.72
   18.49
  117.46
  162.11
   71.02
   97.64
  124.31
  118.05
   71.73
  146.96
  117.37
   30.21
   29.51
  111.77
  155.83
  101.46
  156.88
   86.51
   92.57
  136.18
  168.34
   24.18
   48.37
   42.14
   32.56
   16.93
   29.65
   35.40
  171.35
   97.10
  182.73
   30.75
   91.27
   67.14
  154.53
  174.12
  163.81
  128.25
  134.11
   26.39
   16.88
  140.48
  144.81
   54.82
  157.58
   66.66
   26.36
   13.00
  110.80
  138.84
   80.25
  165.91
  158.55
   19.96
   12.83
   50.04
  138.04
   56.86
  111.82
   52.92
  123.43
   83.48
   95.14
  121.93
  104.52
  132.38
  144.33
   16.17
   13.65
   55.02
   41.26
   90.78
  132.66
  163.50
   69.49
  170.92
  250.29
  219.48
  211.81
  110.44
  219.23
  189.67
   29.42
   53.32
  123.15
  230.84
  172.05
  183.72
  196.43
  106.05
  213.59
   31.88
  195.67
  194.79
  123.74
  232.54
  116.84
  140.62
  193.09
  220.70
  217.08
  256.35
  178.51
  170.18
  209.57
  133.91
  167.18
  162.14
  125.59
  112.87
  116.84
  157.92
  162.48
  141.81
   57.94
   16.06
   89.42
   76.12
  152.29
  205.41
  196.24
  211.10
  125.98
  220.05
   43.38
  128.22
   16.93
   85.15
  145.75
  180.46
   95.14
   71.84
  109.05
  131.16
   65.16
  125.22
  209.23
  116.13
  124.65
   50.43
  117.80
  108.51
   63.15
   63.23
   75.69
   91.32
   91.29
   91.75
   91.63
   91.41
   90.39
  113.10
   64.96
   72.72
   60.51
   16.25
   64.31
   80.50
   28.37
   15.89
   26.62
   19.06
   82.43
   20.64
   27.86
   19.26
   20.76
   20.47
   32.79
   68.58
   91.29
   32.85
   23.98
   19.91
   20.78
   20.42
   20.36
   66.20
   77.28
   86.54
   32.17
  101.37
  104.04
  140.56
  122.90
  114.06
   16.45
   44.49
   16.17
   23.90
   36.61
   25.09
   41.20
   21.01
   21.18
   62.75
  151.33
   33.98
   34.80
   12.69
   19.94
   16.20
   20.81
   18.12
   27.33
   97.61
   21.32
   24.72
   21.15
   16.79
   30.64
   20.39
    8.30
   17.19
   29.28
   22.82
   24.38
   16.93
  116.47
   91.07
   42.73
   21.18
   20.59
   86.88
   79.83
   82.20
   92.54
   93.11
   42.90
   43.64
   29.96
   46.69
  105.00
   85.83
   99.68
  107.49
   75.72
  103.16
   53.72
   25.54
   54.54
   85.23
   50.97
   55.61
   76.20
   75.78
   59.01
   20.53
   52.36
   59.78
   29.39
   41.14
   46.61
   71.90
   60.77
   90.76
   41.91
   30.13
   61.42
   54.03
   50.49
   32.51
   78.95
   68.72
   73.60
   87.75
  116.92
  138.87
  157.55
   77.64
   53.66
   90.56
  100.13
  116.33
  130.31
  115.50
   97.13
   54.28
   65.92
   95.85
   72.49
  127.37
   44.46
  108.23
   43.04
   54.23
   51.40
   22.00
  106.61
  129.18
  114.65
  120.35
  134.96
   74.53
  176.19
  139.97
  113.55
  138.44
   76.29
  135.72
  108.48
  100.52
  102.00
   72.46
   56.41
   46.84
   34.18
   54.09
   82.83
   93.59
   91.44
   43.07
   46.95
   43.13
   37.21
   33.75
   41.51
   62.75
   40.63
   43.15
   32.45
   50.06
   66.91
   76.09
   44.94
   66.49
   36.98
   21.72
   64.62
   72.35
   80.82
   44.32
   36.56
   41.09
   54.48
   76.37
   84.72
   68.07
   50.94
   47.32
   17.30
   38.11
   42.31
   83.87
  131.36
   94.72
  116.30
   46.10
   47.88
   51.20
  103.55
   73.68
   68.70
  111.14
   29.22
   71.16
   38.06
  106.50
  119.75
   55.81
   47.29
   65.36
   51.37
   53.24
  122.44
   45.53
   88.35
   92.68
   88.38
   68.19
  144.87
  232.23
  240.10
  276.83
  195.92
   24.98
   33.58
  151.33
  159.82
  150.02
   94.24
  120.86
   56.97
   54.88
  117.49
  126.58
   72.01
   73.20
   75.66
   21.27
    8.55
  114.48
  123.35
  129.32
  159.76
   71.92
   37.83
   29.56
   29.51
   45.19
   33.73
   95.14
   56.75
  134.53
  160.13
  111.91
  166.73
  125.44
  114.37
  100.04
   29.14
   29.25
  155.66
  137.99
  138.72
  155.43
   73.82
   71.61
   58.16
   97.69
  142.18
   59.66
   87.75
  128.50
   51.79
   24.83
  121.08
  100.61
   74.28
   53.92
   24.66
   37.46
   37.12
  107.24
   90.02
   68.64
   76.77
   90.02
   53.52
   48.22
  149.68
   62.01
  145.15
  117.40
  163.76
   75.78
  144.84
  127.77
  131.45
  158.83
  109.10
  104.57
  126.01
   99.39
  160.30
  100.30
  179.84
  126.58
  193.15
  103.27
   82.63
  175.59
  132.13
  159.00
  166.64
  127.40
  109.90
   88.15
  131.59
  127.82
   93.67
  121.54
  122.19
   65.21
   57.88
   73.09
   58.13
   94.18
  103.84
   68.84
   28.91
   44.51
   84.16
  100.33
   85.01
   85.57
  116.98
   28.43
   60.17
  123.23
   48.96
   53.63
  122.44
   84.21
   54.68
   60.31
  181.17
  177.74
  158.04
  150.79
  144.10
   68.30
   77.76
  211.27
  130.65
   35.88
   52.84
   58.87
   46.21
   75.44
   71.64
   56.95
   83.90
  108.91
  153.70
   85.32
   34.29
   55.98
   71.70
   72.18
   73.77
   75.75
   22.14
   39.98
   60.46
   50.72
   65.07
   85.94
  103.95
   56.15
   40.21
   71.25
   44.40
   13.11
   21.52
   32.22
   22.20
   25.74
   29.59
   93.39
   60.99
   41.68
   24.47
   25.99
   31.18
   81.75
  101.43
  158.49
  139.66
  139.46
   30.98
    8.41
   62.30
   84.72
  124.68
  129.58
   81.92
   43.86
   20.59
   85.91
   50.23
   53.38
   19.26
   55.27
   15.57
   15.52
   15.80
   38.06
   38.77
   45.02
   64.53
   84.21
   51.45
  139.89
  151.89
  236.13
  139.97
   59.41
   87.90
   37.86
  120.06
   91.32
   84.87
  101.49
   75.95
   34.26
   49.87
   36.44
   21.44
   21.32
   35.93
   34.29
   33.78
   28.09
   33.30
   47.26
   38.34
   26.05
   74.05
   91.10
   72.41
  113.38
  149.54
  134.67
   97.75
  115.59
   25.85
   67.90
   31.04
   61.39
  128.95
   75.10
   91.46
   34.49
   21.32
   20.76
  102.31
  142.32
  158.09
  120.94
  135.07
   21.92
   36.39
   27.47
   39.08
   19.40
   37.46
   21.52
    4.47
   44.63
   46.75
   43.69
   54.23
   47.54
   61.16
   85.57
   41.17
   42.98
   74.44
   80.53
   68.72
   73.77
   73.40
   74.42
   34.55
   59.55
   84.30
   48.65
   34.35
   38.28
   38.17
   38.85
   48.73
   51.76
   38.68
   46.98
   58.50
   45.96
   46.98
   34.57
   37.69
   69.66
   42.42
   41.60
   33.07
   43.72
   32.79
   47.29
   76.43
   54.31
   53.94
   57.79
   51.93
   61.90
   25.91
   25.94
   40.49
   30.16
   33.02
   33.27
   19.82
   38.91
   30.30
   30.07
   28.15
   33.70
   34.72
   44.54
   42.19
   40.58
   39.08
   32.14
   69.09
   49.58
   64.45
   59.98
   36.95
   34.26
   47.46
   42.87
   43.72
   43.38
   40.04
   47.86
   40.89
   42.90
   46.52
   43.18
   52.98
   34.29
   38.11
   53.77
   40.89
   36.47
   72.92
   42.93
   35.03
   41.40
   61.11
   34.86
   34.60
   28.40
   75.69
   34.80
   47.15
   40.95
   39.79
   56.04
   47.43
   40.35
   69.15
   84.70
   67.48
   59.15
  109.53
   60.37
   74.08
   67.11
   97.64
   42.67
   42.28
   62.92
  102.99
   98.09
  102.54
   77.25
   82.97
   48.42
  102.31
   79.34
   85.80
   48.68
   37.27
   67.28
   56.58
   42.39
  109.16
  144.87
  173.61
   28.68
   39.02
   38.54
  100.84
   78.81
   88.91
   69.26
   48.05
   42.65
   43.21
   44.60
   42.62
   41.20
   38.51
   53.89
   32.93
   42.93
   42.67
   48.39
   30.70
   26.14
   39.67
   31.21
   26.87
   34.21
   37.63
   34.83
   31.63
   25.60
   39.33
   25.80
   32.76
   35.37
   30.30
   38.91
   19.99
   25.54
   45.96
   22.60
   44.57
   43.92
   44.32
   24.10
   36.36
   28.63
   31.63
   31.40
   36.08
   32.99
   29.34
   38.37
   34.55
   34.69
   30.70
   25.26
   20.42
   24.75
   71.13
   36.30
  104.69
  103.33
   81.64
   90.08
   91.46
   70.40
   34.24
   22.29
   24.72
   89.14
   32.39
   52.47
   20.19
   20.13
   29.05
   98.91
  108.45
   67.79
   33.90
   25.40
   25.34
   29.28
  101.57
   35.93
    5.18
   16.85
   24.95
   23.87
   19.54
   24.83
   40.24
   29.05
   20.95
   21.92
   22.48
   23.96
   24.98
   28.97
   22.60
   17.13
   51.28
   24.98
   26.87
  100.35
  146.82
  144.73
  105.00
   61.56
   46.52
  204.31
   55.39
   60.99
   80.79
   82.97
   26.45
   28.35
   57.54
   56.55
   33.13
   48.65
   14.84
   19.82
   20.84
  179.53
  112.64
  108.85
   80.99
   76.77
   93.67
   26.93
   95.77
   71.33
   29.70
   31.23
   20.25
   60.88
   36.27
   59.69
   34.12
   64.59
   37.55
   41.71
   31.35
   23.64
   92.31
   36.25
   23.90
   17.13
   23.67
   13.45
   29.48
   36.27
   12.18
   28.85
   22.63
   19.14
   23.56
   23.70
   24.07
   24.27
   20.13
   21.18
   23.05
   30.30
   27.38
   20.78
   15.52
   39.98
   19.17
   23.05
   19.60
   23.67
   15.23
   32.31
   23.02
   16.06
   35.37
   20.05
   22.80
   28.23
   11.84
   28.83
   25.71
   23.02
   39.98
   31.35
   27.69
   25.66
   16.20
   21.32
   22.80
   33.64
   16.25
   27.33
   27.24
   27.33
   62.69
   28.94
   58.22
   51.48
  120.40
   90.08
  116.72
   46.75
   85.52
  138.13
   73.82
   90.70
   88.32
   83.76
   83.51
   62.78
   40.92
   32.11
   55.87
   64.39
   81.55
   94.04
   44.74
   30.47
   21.78
   43.01
   34.86
   43.30
   43.27
   33.67
   21.72
   21.72
   85.69
   78.15
   87.73
   77.96
   56.07
   56.07
   76.54
   52.87
  119.89
   86.25
  104.94
   95.17
   52.36
   55.05
   54.57
   39.13
   38.11
   59.89
   47.37
   51.48
   48.70
   95.82
  119.16
   57.06
  128.59
   82.83
   66.18
   71.27
   39.98
   33.24
   66.09
   44.77
   36.78
   36.10
   48.08
   60.82
   81.35
   96.08
   76.23
   44.63
   32.76
   74.19
   49.36
   51.42
   41.03
   74.36
  112.11
   81.35
   60.34
   69.63
   54.51
   69.38
   53.24
   59.72
  102.71
   45.39
   62.30
   42.22
   59.21
   92.20
   97.33
   48.17
   49.38
   52.98
   49.61
   47.15
   42.76
   47.32
   48.37
   32.99
   75.10
   48.90
   65.67
   54.51
   40.04
   41.14
   40.97
   65.92
   81.21
   81.21
   69.63
   74.42
   53.77
   50.52
   82.49
   72.38
   65.84
   51.48
   61.70
   45.22
   46.30
   49.89
   68.84
   93.81
   97.13
   32.88
   49.38
   49.61
   51.54
   53.18
   80.11
   41.48
   40.24
   45.19
   54.26
   41.51
  143.03
   96.45
   32.05
   36.47
   40.04
   59.86
   47.83
   75.69
   64.93
   98.91
  124.34
   40.07
   67.85
   63.01
   32.37
   38.91
   37.41
   39.47
   59.13
   39.56
   64.93
   40.78
   39.45
   39.59
   35.76
   27.75
   23.76
   86.73
   70.62
   74.76
   38.91
   57.74
   47.06
   35.34
   34.35
   47.37
   51.06
   65.04
   75.80
   56.04
   36.84
   27.69
   31.57
   43.89
   47.03
   48.45
   25.57
   29.56
   83.79
   90.42
   99.82
  117.49
   70.65
   67.03
   62.75
   94.27
   68.19
   73.23
  100.21
  109.25
   63.46
   59.83
  119.16
   83.03
   82.80
  111.68
   96.59
   73.00
   64.93
  123.72
  137.20
  107.38
  158.97
  115.99
   90.30
   88.12
  151.47
  148.61
  147.25
  106.90
  116.89
   76.88
   69.49
  118.14
  131.87
  118.00
   87.10
   78.95
   74.47
   86.65
   99.25
  104.29
   76.97
   84.58
  145.69
   83.17
   55.64
   49.98
   37.27
   27.47
   24.72
   30.47
   30.98
   23.50
   55.27
   47.57
   80.33
   18.07
   13.34
   45.59
   26.45
   24.89
   85.60
   30.10
   31.32
   31.40
   23.30
   23.67
   52.27
  116.35
  117.88
  177.89
  137.17
  104.97
  113.35
  159.20
  105.37
  117.57
  130.80
  137.39
   61.84
   20.13
   64.85
  116.61
  102.73
   64.76
   83.22
   34.01
   30.36
   66.83
   81.67
   74.39
   52.53
   53.55
   46.55
   32.28
   46.95
   63.97
   70.23
   89.06
   52.39
   23.25
   23.64
   55.87
   56.07
   41.06
   59.64
   67.71
   28.85
   11.67
   19.91
   23.64
   22.29
   23.56
   23.56
   24.01
   23.53
   26.62
   19.99
   24.52
   24.41
   24.32
   24.13
   22.06
   24.15
   23.25
   24.15
   18.07
   20.16
   28.15
   24.21
   20.78
   25.32
   21.86
   20.25
   41.80
   24.41
   12.26
   23.42
   39.19
   26.56
   27.89
   12.18
   23.59
   23.56
   23.59
   23.50
   21.89
   19.71
   27.52
   23.45
   19.71
   23.59
   16.11
   26.53
   23.73
   27.55
   23.76
   24.86
   23.73
   19.65
   24.98
   18.89
   27.13
   23.87
   24.24
   20.59
   27.69
   19.85
   23.76
   28.32
   31.49
    8.01
   31.52
   23.62
   23.70
   23.62
   24.21
   19.88
   20.84
   19.88
   23.93
   27.95
   23.98
   24.04
   23.79
   19.77
   24.13
   23.93
   24.04
   20.30
   19.94
   27.89
   23.73
   26.31
   23.98
   22.85
   28.18
   36.25
   24.15
   10.96
   35.76
   19.94
   27.89
   23.93
   23.96
   27.72
   25.46
   27.89
   47.80
   29.02
   30.95
   54.79
   26.59
   24.44
   68.02
   56.63
   39.73
   47.71
   31.80
   31.63
   51.51
   35.76
   35.68
   46.38
   92.77
   80.22
   43.64
   35.82
   71.25
   65.72
   63.68
   57.26
   54.91
   52.44
   55.44
   63.57
   51.34
   43.07
   64.19
   43.78
   44.26
   41.77
   51.71
   51.59
   60.31
   51.65
   52.22
   43.72
   43.78
   58.08
   56.95
   46.47
   48.59
   44.32
   44.26
   51.37
   55.50
   31.66
   60.12
   47.12
   29.34
   62.89
   60.34
   39.76
   45.22
   51.65
   43.49
   39.81
   39.76
   34.97
   48.37
   43.75
   47.74
   39.87
   23.76
   30.78
   31.57
   37.43
   39.64
   30.24
   35.79
   67.11
   64.11
   39.79
   41.06
   43.72
   43.86
   36.95
   39.76
   48.14
   39.84
   39.93
   47.43
   47.69
   38.91
   48.08
   48.65
   36.13
   41.97
   47.88
   51.65
   47.94
   54.11
   37.46
   60.31
   39.47
   39.84
   55.70
   52.50
   43.78
   39.93
   39.84
   35.93
   48.34
   55.67
   51.88
   44.74
   47.80
   53.80
   50.57
   43.86
   26.99
   69.49
   45.62
   47.60
   47.60
   54.48
   35.74
   32.79
   39.39
   43.61
   47.54
   54.40
   47.37
   36.08
   37.18
   53.12
   35.88
   43.47
   57.34
   29.48
   29.39
   43.27
   35.17
   27.47
   16.06
   31.63
   31.66
   35.68
   47.26
   31.86
   43.98
   27.44
   36.64
   41.48
   35.57
   33.47
   35.25
   39.33
   38.65
   39.33
   34.63
   35.48
   39.53
   38.57
   35.71
   39.73
   38.65
   45.45
   42.45
   32.34
   43.64
   40.32
   33.87
   40.92
   35.99
   48.25
   37.04
   45.48
   48.11
   44.91
   50.80
   40.29
   28.63
   47.54
   42.50
   36.30
   32.99
   37.46
   59.32
   48.59
   28.37
   38.11
   36.93
   31.43
   32.71
   32.59
   37.58
   24.47
   35.88
   23.42
   36.61
   31.01
   34.01
   27.84
   37.10
   33.07
   32.11
   36.39
   32.82
   35.42
   25.57
   37.75
   30.92
   28.06
   26.08
   32.39
   29.17
   24.41
   28.57
   22.29
   22.74
   21.07
   35.93
   33.07
   20.56
   28.91
   31.40
   27.50
   28.74
   24.98
   28.77
   26.28
   23.84
   23.45
   19.99
   32.34
   31.06
   25.99
   25.88
   32.90
   30.75
   20.30
   22.37
   30.70
   12.26
   32.42
   24.18
   25.17
   24.89
   28.35
   24.24
   28.40
   20.36
   29.02
   26.11
   24.15
   22.14
   24.89
   27.30
   24.41
   32.28
   23.76
   20.90
   28.80
   22.46
   23.93
   23.93
   16.54
   22.80
   20.02
   18.92
   24.41
   24.38
   24.32
   12.97
   28.43
   30.81
   19.94
   16.96
   33.27
   22.68
   14.64
   24.98
   28.57
   32.99
   20.36
   24.38
   20.36
   35.91
   34.72
   31.55
   19.37
   16.37
   27.04
   26.50
   20.78
   16.20
   16.34
   20.56
   20.44
   21.10
   22.46
   20.95
   26.67
   29.65
   18.26
   16.37
   24.38
   19.82
   20.22
   20.39
   22.14
   24.44
   24.32
   21.66
   20.05
   24.13
   24.21
   24.04
   23.08
   20.47
   28.60
   31.52
   32.08
   20.25
   37.52
   20.90
   25.32
   22.26
   24.44
   20.25
   25.32
   20.11
   24.07
   23.87
   23.96
   20.73
   24.01
   23.96
   24.83
   23.96
   23.39
   20.02
   24.07
   22.17
   23.87
   23.73
   27.95
   18.94
   19.20
   19.74
   23.59
   31.32
   23.79
   14.27
   17.19
   23.84
   27.75
   25.23
   27.67
   18.46
   20.98
   26.99
   19.00
   24.04
   19.14
   27.30
   27.84
   31.69
   23.73
   31.69
   27.72
   23.76
   15.89
   31.80
   27.75
   26.59
   23.19
   26.73
   44.00
   28.12
   30.04
   39.93
   35.91
   51.76
   45.96
   43.18
   44.20
   34.21
   41.14
   42.33
   43.95
   47.66
   52.07
   54.82
   42.25
   39.87
   47.63
   47.57
   47.43
   51.45
   52.90
   39.70
   47.49
   45.73
   42.59
   54.57
   46.67
   50.29
   47.80
   42.36
   55.76
   39.84
   43.81
   47.88
   46.04
   51.99
   48.96
   41.00
   53.21
   46.50
   41.14
   47.06
   48.73
   43.07
   45.87
   44.97
   46.04
   40.95
   50.57
   46.33
   46.81
   33.78
   60.09
   40.75
   50.49
   47.57
   36.02
   56.12
   52.02
   43.78
   43.61
   48.70
   50.06
   42.79
   28.12
   48.14
   51.93
   44.83
   51.88
   43.98
   28.12
   52.64
   47.23
   47.91
   45.19
   36.08
   51.96
   44.00
   47.94
   44.03
   56.04
   40.72
   47.97
   44.03
   47.97
   47.83
   44.12
   47.77
   44.71
   37.43
   39.45
   55.76
   45.79
   40.04
   36.13
   38.54
   58.64
   47.18
   49.33
   39.84
   43.32
   48.08
   38.57
   43.24
   44.91
   43.24
   45.82
   44.17
   45.90
   58.59
   43.52
   37.24
   44.03
   51.68
   51.65
   36.13
   47.15
   48.99
   47.74
   44.88
   53.01
   45.34
   44.80
   44.03
   32.37
   32.51
   37.29
   44.63
   37.35
   37.52
   36.02
   40.49
   43.47
   40.92
   39.87
   41.12
   34.89
   28.94
   43.58
   49.75
   35.48
   39.53
   35.48
   45.02
   38.06
   40.01
   45.05
   32.39
   33.02
   38.91
   33.78
   41.23
   41.31
   40.72
   28.71
   32.42
   48.45
   31.46
   38.37
   29.36
   37.12
   35.23
   39.39
   30.10
   32.00
   32.11
   21.61
   17.39
   26.16
   25.85
   40.72
   29.90
   29.70
   33.58
   30.92
   34.07
   25.63
   24.49
   30.92
   30.24
   30.02
   25.49
   30.16
   26.11
   30.47
   28.80
   31.06
   26.39
   21.55
   25.85
   30.07
   26.93
   25.85
   32.17
   29.85
    8.58
   31.35
   30.16
   25.85
   25.80
   17.22
   30.21
   27.24
   25.49
   29.96
   17.84
   50.72
   51.45
   55.39
   17.30
   25.88
   33.84
   29.02
   38.99
   30.19
   25.85
   17.13
   25.80
   25.94
   20.33
   25.88
   12.97
   96.67
  137.82
   87.44
   82.86
   77.79
  102.96
  117.26
  106.22
   68.05
   70.65
   33.39
   25.60
   34.15
   21.44
   21.69
   29.93
   25.74
   26.76
   25.60
   21.89
   17.16
   45.17
   46.10
   43.07
   55.64
   59.49
   59.72
   68.53
   56.04
   53.72
   50.89
   43.83
   29.34
   33.27
   34.41
   24.95
   25.68
   21.66
   27.10
   24.41
   22.00
   30.87
   18.80
   15.43
   27.44
   18.86
   24.44
   24.95
   20.84
   23.62
   26.31
   22.63
   43.30
   39.93
   55.39
   68.41
   51.51
   23.64
   22.96
   17.67
   16.20
   13.73
   23.62
   16.99
   28.18
   28.06
   18.63
   24.01
   18.89
   19.65
   26.08
   19.23
   26.93
   23.59
   22.40
   30.98
   29.53
   48.14
   27.13
   15.80
   29.99
   20.02
   27.58
   24.92
   23.42
   20.36
   20.39
   24.66
   21.69
   23.81
   20.36
   23.73
   25.71
   17.92
   23.98
   22.51
   20.61
   25.80
   21.04
   23.84
   20.56
   23.56
   19.71
   23.47
   24.32
   21.29
   24.15
   21.07
   26.39
   30.53
   20.50
   20.30
   19.23
   23.64
   26.05
   31.46
   28.85
   15.55
   27.81
   20.56
   82.60
  187.80
  169.36
   65.75
  137.25
  152.49
  157.44
  176.95
  169.28
  155.86
   80.59
  151.58
  159.31
  140.88
  105.91
   86.22
   30.89
   35.93
   33.47
   69.04
   87.73
   78.47
   55.44
   44.88
   36.50
   37.58
   28.74
   36.33
   67.08
   52.05
   68.24
   54.51
   41.17
   33.27
   41.34
   36.95
   43.69
   68.58
   49.53
   38.65
   39.84
   78.04
   80.70
  137.68
  136.40
  116.67
  125.78
  108.99
   85.35
   92.99
   88.72
   47.69
   38.71
   51.71
   44.94
   51.54
   40.86
   43.95
   37.24
   32.96
   45.48
   41.99
   36.70
   40.21
   36.50
   76.20
   44.46
   28.20
   52.44
   48.31
   42.48
   40.38
   56.32
   77.98
   59.24
   43.10
   51.65
   48.31
   59.75
   59.07
   47.80
   48.25
   56.32
   60.77
   99.45
  113.49
  111.71
   82.29
   70.25
  106.10
   93.64
   89.76
  104.91
   78.47
   71.30
   88.91
   98.91
   99.73
  108.77
   96.33
   97.78
   81.04
   98.85
   90.84
   73.17
  123.52
   91.94
   72.86
   50.35
   77.93
   79.03
   85.94
   73.68
   82.12
   71.70
   54.40
   82.15
   72.12
   76.29
   73.40
   76.40
   65.95
   61.19
   63.74
   59.44
   76.26
   67.20
   60.20
   49.44
   52.33
   61.56
   86.93
   54.82
   63.60
   37.77
   52.50
   71.92
   44.49
   74.73
   60.09
   62.24
   53.38
  107.77
  100.13
  107.92
  125.08
   73.31
   98.77
   80.28
   45.51
   50.55
   70.08
   73.79
   77.62
   65.16
   62.84
   38.71
   25.49
   51.45
   52.24
   65.44
   44.85
   63.57
   39.47
   58.36
   61.79
   63.06
   65.33
   73.82
   70.65
   74.95
   94.72
   64.73
   65.21
   78.55
   88.58
  100.55
  111.03
  122.27
   85.80
   92.82
   88.97
   92.62
  106.19
   86.42
   92.96
  101.66
   65.13
  100.69
  183.04
  197.51
  182.13
  213.03
  125.42
  133.34
  152.91
  150.08
  141.92
  116.21
  117.83
  108.93
   96.96
   96.99
  102.28
  122.13
  114.00
  118.34
   82.83
   92.28
   91.72
  100.47
  124.62
  103.92
  100.64
  117.32
  148.18
  152.34
  143.03
  198.56
  232.48
  218.89
  190.09
  142.75
  149.57
  172.85
  172.28
  226.42
  120.18
  125.56
  211.90
  167.81
  130.23
  101.74
  169.14
  191.45
  194.76
  235.71
  208.70
  224.44
  203.12
  209.20
  201.19
  181.71
  100.75
  128.98
   65.84
  144.30
   51.00
   39.76
   45.48
   28.74
   25.97
   46.50
   39.28
   79.60
   59.72
  123.69
  107.97
  187.15
  186.27
  168.43
  156.62
  185.76
  188.51
  206.26
  199.97
  195.24
  207.70
  251.06
  228.69
  154.27
  173.55
  131.96
  177.49
  210.54
  209.12
  226.31
  142.66
  206.03
  234.66
  158.18
  140.59
  121.05
  114.82
   92.68
  103.36
   76.40
   82.46
   75.55
   41.03
   25.23
   22.57
   32.76
   23.53
   23.33
   23.25
   21.15
   25.91
   45.87
   51.00
   26.84
   18.94
   23.59
   18.52
   19.62
   46.55
   47.32
   50.72
   60.65
  110.10
  142.94
  149.20
   80.70
  102.51
   90.47
   90.10
  108.51
   47.35
   63.91
   81.67
  111.17
  106.36
   78.64
  101.54
   97.61
   69.97
   98.63
   63.23
   82.80
   74.44
   70.28
   39.36
   46.61
   14.84
   19.77
   19.09
   30.64
   21.04
   21.72
   23.93
   24.64
   19.91
   29.70
   24.01
   22.46
   16.40
   25.20
   23.22
   19.54
   23.47
   25.57
   26.25
   23.67
   71.73
   23.25
   27.92
   32.28
   23.98
   27.67
   24.64
   40.10
   78.95
   67.34
   32.45
   32.34
   23.53
   23.93
   15.12
   23.93
   29.48
   20.87
   32.34
   18.49
   18.55
   27.47
   88.43
   28.54
   39.93
   27.47
   27.67
   41.31
   11.89
   49.13
   20.70
   22.94
   31.74
   25.80
   30.87
   27.10
   30.30
   36.59
   34.57
   36.93
   37.60
   38.17
   36.93
   41.82
   28.66
   44.46
   48.28
   44.34
   32.17
   39.45
   34.83
   66.12
   59.83
   31.49
   42.31
   33.24
   31.86
   49.50
   31.86
   41.43
   31.60
   42.87
   23.96
   39.39
   32.20
   42.08
   38.28
   44.97
   42.19
   40.69
   33.70
   35.03
   43.04
   49.67
   41.20
   37.15
   50.15
   51.93
   33.16
   39.50
   39.67
   52.16
   35.42
   46.01
   41.34
   46.01
   41.99
   35.51
   34.29
   32.54
   50.97
   45.17
   33.24
   37.15
   44.74
   44.40
   39.56
   54.88
   36.90
   40.29
   52.02
   44.83
   41.57
   49.87
   42.73
   32.48
   39.79
   40.69
   42.93
   44.26
   41.54
   45.82
   41.99
   43.52
   41.48
   49.92
   68.10
   73.54
   66.01
   39.70
  120.40
   90.70
   71.84
   52.73
   55.50
   36.44
   34.86
   59.24
   94.69
   82.52
   87.61
   73.23
  100.86
   62.24
   64.51
   41.88
   58.81
   56.92
   56.46
   30.92
   45.48
   42.56
   44.68
   41.57
   45.19
   40.72
   43.21
   54.57
   45.93
   52.44
   51.08
   52.22
   31.97
   38.26
   41.03
   45.62
   63.68
   47.66
   49.92
   57.85
   39.47
   39.08
   43.64
   42.84
   45.59
   49.47
   59.01
   32.56
   37.72
   44.17
   39.47
   36.78
   43.86
   42.39
   41.09
   42.73
   41.63
   44.09
   35.31
   45.00
   41.03
   41.48
   41.40
   45.99
   47.18
   54.42
   67.48
   73.37
   42.02
   40.80
   45.51
   57.68
   48.00
   47.49
   71.05
   41.91
   43.01
   53.35
   47.80
   66.12
   56.92
   56.01
   45.68
   45.73
   41.26
   35.79
   38.11
   48.65
   48.45
   38.71
   29.42
   46.92
   42.76
   47.91
   30.67
   48.00
   37.97
   37.07
   42.28
   42.08
   97.41
   82.29
   82.57
   70.14
  101.35
   60.57
   66.49
   74.19
   91.92
   29.68
   33.41
   33.30
   76.82
   64.08
   50.52
   47.29
   85.32
   58.39
   76.51
   91.10
   90.39
   99.34
   83.39
   77.62
   39.67
   37.66
   78.58
   49.61
   70.40
   65.19
   54.88
   28.01
   27.95
   74.76
   80.62
   95.00
  110.63
  113.04
   43.75
   53.72
   61.90
   65.78
   61.33
   75.80
   76.37
   32.00
   32.20
   30.13
   28.80
   35.00
   44.29
   50.32
   33.44
   29.36
   60.57
   63.29
   81.95
   91.41
   81.01
   47.32
   45.19
   65.27
   74.47
  101.18
  113.58
  123.49
   70.93
   57.37
   84.87
   85.38
   88.91
   89.23
   74.11
   17.16
   21.10
   37.38
   24.83
   23.22
   27.07
   28.35
   25.26
   24.24
   22.03
   24.44
   23.36
   23.33
   30.89
   44.06
   91.52
  123.29
  158.32
  153.48
  175.90
  186.95
  163.93
  166.96
  199.21
  239.87
  249.84
  244.20
  223.79
  227.78
  177.43
  127.60
  161.43
  135.78
  214.64
  181.91
  156.51
  123.35
  148.55
   56.97
   69.77
   83.68
  137.59
  121.48
  121.85
  105.34
  116.52
  161.92
  154.92
  153.90
   56.92
   70.25
  152.60
  124.42
  193.23
  144.27
  166.13
  130.99
  170.38
  138.24
  169.96
  170.21
  165.88
  153.48
  171.80
  141.22
  119.07
  137.68
  133.20
  131.05
  136.60
   65.07
   64.05
   27.52
   30.04
   56.24
   70.40
   71.22
   86.11
   80.96
   53.24
   46.58
   48.34
   61.19
   43.27
   38.82
   46.04
   39.42
   37.10
   47.80
  117.74
   64.48
   38.48
   56.69
  103.61
  106.47
  128.22
  136.57
  106.19
   94.27
   66.52
   61.87
  114.77
   91.75
   89.82
  110.49
   83.82
   86.51
   56.38
   64.11
   68.16
   61.96
   62.13
   47.29
   42.90
   32.62
   40.44
   42.33
   39.53
   36.50
   41.12
   39.96
   30.95
   30.67
   34.43
   44.91
   31.01
   45.59
   42.42
   36.61
   36.76
   36.76
   33.41
   30.41
   39.84
   41.37
   39.81
   43.41
   40.04
   41.99
   36.13
   33.36
   35.62
   29.62
   35.23
   32.08
   30.64
   40.75
   40.92
   37.04
   38.62
   44.09
   37.32
   31.49
   44.34
   38.23
   40.12
   49.95
   33.13
   54.54
   41.43
   41.09
   52.56
   49.55
   43.89
   51.34
   56.32
   68.07
   62.95
   39.33
   35.11
   56.80
   47.54
   47.63
   49.67
   42.48
   51.90
   49.87
   63.26
   66.77
   84.89
   79.97
   84.92
   45.19
   45.31
   49.24
   74.59
   76.68
   76.74
   79.15
   51.82
   47.20
   70.65
   69.49
   81.33
   69.72
   75.97
   36.10
   41.06
   53.18
   49.95
   75.15
   48.65
   48.87
   37.80
   47.94
   58.93
  101.83
   36.78
   21.95
   21.35
   20.98
   27.44
   32.73
   33.24
   34.35
   41.91
   39.67
   31.35
   37.24
   41.57
   38.14
   42.39
   36.36
   32.25
   30.61
   39.64
   43.07
   36.87
   37.52
   32.68
   30.53
   28.77
   33.84
   44.15
   42.33
   45.53
   42.53
   42.45
   26.90
   40.01
   47.20
   52.22
   53.38
   51.65
   68.33
   34.91
   23.53
   59.38
   59.41
   61.45
   58.39
   64.17
   41.51
   41.88
   54.96
   52.10
   56.12
   59.92
   55.22
   41.91
   40.95
   58.53
   51.79
   56.49
   58.19
   64.42
   37.32
   28.32
   68.19
   63.49
   81.13
   83.79
  105.37
   35.34
   35.45
   67.90
   68.05
   68.72
  116.84
  100.72
   52.87
   47.32
  114.20
   92.06
   90.61
   91.32
   90.98
   58.81
   59.47
  106.39
  102.54
   55.05
   45.84
   40.46
   16.91
   82.66
  135.38
  115.67
  149.43
  242.73
  240.81
  148.35
  138.36
   99.85
   81.30
  130.88
  130.14
  136.57
  121.59
   94.89
  109.19
  111.99
  121.56
  116.58
   62.50
   43.58
   69.35
   61.45
  135.21
  135.52
  112.73
  121.34
   64.99
   58.93
   70.06
   63.51
   63.77
   60.94
   60.71
   42.42
   41.51
   48.08
   67.51
  114.03
   57.03
  107.97
  123.80
  132.58
  141.98
  144.90
  132.89
  167.86
  147.13
  135.81
  142.04
  181.23
  201.16
  196.80
  195.70
  194.37
  162.65
  126.75
  154.64
  178.71
  178.93
  185.33
  182.25
  128.78
  105.31
  116.52
   97.66
   93.11
  115.36
  118.19
   78.38
   70.68
   97.16
   94.52
   87.13
   64.14
   68.22
   85.91
   76.26
   55.33
   54.09
   32.00
   27.75
   28.49
   43.30
   40.12
   68.58
  113.58
  142.24
  144.73
  127.88
  145.83
  133.46
   98.94
  110.97
  119.98
  105.03
  134.48
   81.01
   28.20
   27.13
   24.61
   52.16
   46.30
   51.99
   42.90
   41.09
   38.14
   21.92
   33.24
   24.35
   37.10
   32.25
   49.36
   20.39
   28.88
   20.33
   24.44
   24.58
   24.30
   24.55
   54.31
   24.64
   23.67
   72.32
  136.49
   91.80
   72.26
   76.51
  122.61
  105.62
   66.06
   69.04
   38.20
   32.73
   34.41
   35.45
   37.52
   53.29
   47.35
   22.48
   20.39
   22.23
   25.60
   23.96
   50.40
   43.83
   41.29
   34.35
   49.41
   54.91
   53.60
   41.34
   50.91
   46.16
   36.05
   71.81
   86.56
   67.76
   79.00
   54.65
   49.61
   34.77
   80.19
   49.95
   98.83
   96.59
   98.00
   51.25
   76.29
  125.73
   68.72
   84.41
   97.72
   77.76
   33.50
   31.91
   29.39
   47.43
   45.51
   63.83
   64.70
   53.15
   41.97
   43.69
   33.47
   32.68
   47.88
   53.55
   47.35
   39.33
   59.64
   42.14
   49.04
   43.18
   36.87
   37.66
   35.59
   35.82
   32.20
   32.59
   47.57
   50.72
   53.35
   26.73
   77.84
   39.36
   35.54
   39.73
   65.70
   58.53
   51.11
   54.14
   66.32
   66.46
   55.25
   51.42
   54.20
   60.48
   55.64
   41.26
   57.65
  117.46
   94.78
   43.92
   40.01
   31.52
   34.24
   27.67
   46.27
   55.30
   36.59
   26.73
   33.90
   39.70
   65.72
  123.69
   37.01
   31.55
   25.77
   57.40
   86.39
   88.83
   94.61
   84.38
   56.01
  126.94
  108.96
  133.09
   89.20
   96.39
   78.38
   35.34
   31.97
   78.44
   78.81
   74.56
   61.42
   72.26
   43.98
   46.50
   63.74
   86.82
   85.60
   86.99
   69.06
   50.38
   34.83
   68.92
   92.82
   95.88
   97.72
   96.36
   50.01
   44.77
   54.40
   76.88
   72.75
   69.97
   69.91
   58.42
   67.42
   56.07
   55.42
   45.45
   47.69
   63.49
   42.02
   39.08
   72.49
   65.10
   66.49
   74.22
   81.38
   50.86
   55.95
   68.56
   61.48
   61.48
   58.79
   57.31
   52.75
   47.18
   56.44
   99.36
   44.51
   64.28
   69.23
   44.15
   46.92
   69.23
   76.20
   69.29
   65.84
   81.27
   42.96
   25.15
   95.63
   75.89
   74.98
   79.54
   97.47
   60.06
   44.83
   76.26
   71.30
   85.97
   78.47
   82.26
   55.93
   63.34
   63.12
   99.99
   85.21
   80.48
   78.35
   52.33
   53.89
   69.29
   66.63
   50.94
   51.96
   53.07
   65.53
   70.51
  127.54
  104.57
  112.90
  123.40
  127.99
   82.54
   79.51
   73.85
   86.85
   93.36
   57.40
   69.35
   97.64
   98.29
   74.36
   89.65
   85.06
   84.38
   76.06
   59.58
   60.17
   32.93
   42.39
   53.55
   35.06
   37.27
   40.78
   45.99
   31.71
   38.28
   43.44
   50.55
   44.85
   24.83
   29.90
   32.51
   34.77
   24.52
   30.67
   33.24
   31.77
   23.81
   61.59
   71.53
   63.88
   64.00
   77.53
   53.01
   30.44
   55.42
   41.99
   85.55
   86.71
   88.77
   66.63
   70.14
   94.61
   69.63
   66.94
   71.95
   66.23
   50.38
   61.62
   75.55
  202.18
  206.37
  210.71
  227.41
  221.38
  193.74
  201.13
  155.01
  212.43
  283.39
  255.64
  314.03
  273.71
  256.66
  295.60
  212.38
  254.51
  245.73
  318.54
  292.17
  296.51
  313.64
  303.02
  243.61
  144.73
  240.83
  248.57
  201.59
  204.56
  231.12
  198.95
  191.11
  219.37
  226.14
  171.06
  169.50
  193.06
  128.84
  119.75
  184.99
  204.56
  126.38
  213.85
  148.04
  147.08
  154.47
  113.01
  112.13
   65.61
   76.80
  140.08
  139.52
   57.71
   21.86
   23.96
   53.52
   97.75
   97.81
  125.27
  122.73
   75.04
   70.51
  125.36
   99.19
   30.58
   76.51
   53.92
   47.09
   42.45
   57.77
   48.85
   80.65
   79.94
   83.65
   29.48
   28.06
   75.46
   67.31
   84.72
   95.20
   87.05
   62.75
   68.47
   56.83
   67.79
   85.97
   82.49
   73.91
  139.83
  112.39
  139.91
  122.81
  125.67
  146.20
  117.37
   91.49
  123.77
  125.13
  140.73
  144.13
  181.40
  203.12
   50.26
   42.33
  179.16
  117.91
  106.44
   85.89
   95.97
   65.53
   75.89
  145.32
  149.65
  170.98
  196.32
  186.24
  191.93
  169.14
  181.14
  176.56
  178.65
  191.00
  187.46
  181.51
  193.46
  189.10
  177.57
  190.12
  259.10
  257.29
  249.84
  150.31
  147.62
  150.67
  147.84
  124.40
  122.78
  127.31
  107.63
  116.04
  122.81
  105.82
  129.63
  176.87
   38.26
   89.00
   73.45
  148.27
   86.79
   72.09
   82.37
   85.89
   51.34
   33.53
   63.29
  124.62
  192.89
  140.28
  127.96
   67.82
   93.19
   59.69
   68.19
   84.92
  139.43
   47.60
   42.98
   48.28
   69.74
  145.41
  244.01
  272.52
  299.62
  262.24
  223.19
   97.78
  169.48
  244.86
  228.72
  171.74
  161.69
  162.68
  156.37
  151.50
  160.75
  207.93
  152.63
  154.84
  255.28
  246.19
  259.95
  154.04
  142.63
   67.45
   72.92
   90.81
   89.06
  105.88
   67.22
   82.91
   67.00
   56.41
   75.18
   82.91
   83.42
   86.25
   94.97
   75.89
  117.77
  140.82
  132.21
  217.36
  161.26
  167.18
  173.58
  170.58
  152.00
  136.86
  106.16
  120.66
  101.46
   65.67
   83.45
   50.40
   76.63
   86.62
   76.43
   69.57
   48.99
   56.86
   61.73
  104.01
  120.80
  122.44
  125.39
   90.50
   61.16
   76.80
   78.13
   75.10
   70.65
   71.10
   77.33
   72.09
   66.69
   48.70
   75.55
   98.66
   94.13
  102.73
   54.03
   74.84
   79.43
   75.86
   86.45
   91.63
  107.63
   63.63
   69.72
   71.70
   69.66
   74.02
   94.52
   76.60
   72.41
   98.20
  117.20
  131.93
  134.99
   95.31
   97.47
   80.93
  116.67
  118.28
  113.18
  112.02
  113.10
  103.44
   72.63
  107.66
  114.68
  110.07
   87.39
  119.72
   95.60
   95.03
  107.38
  104.63
  110.66
   92.37
   86.39
   27.27
   24.69
   56.32
   53.46
   57.85
   57.51
   50.80
   52.36
   36.19
   48.45
   46.61
   42.19
   49.33
   52.41
   40.55
   33.07
   66.46
   71.39
   49.55
   37.15
   33.95
   32.28
   51.08
   38.65
  121.00
  170.44
  133.17
  175.48
   81.67
   87.02
   87.44
   82.83
   63.17
   84.87
  110.24
  142.63
  155.37
  145.72
  159.31
  143.82
  157.84
  156.51
  104.57
  128.08
  158.69
  130.94
  145.49
  126.15
  116.24
   67.62
   86.79
  145.75
  185.56
  170.89
  213.40
  241.85
  172.96
  239.82
  227.38
  227.38
