19850101
   62.67
  104.89
  118.82
  129.78
  128.02
  118.11
  126.83
  127.54
  106.07
  114.91
  111.74
  110.55
   73.28
  126.38
  141.24
  106.90
  109.50
  113.49
   64.31
  142.07
  208.13
  156.45
  117.74
   96.65
  111.51
   86.73
   93.11
  106.41
  115.28
   61.25
   40.01
    9.57
    5.44
    0.00
   61.82
   59.95
   76.12
   68.78
  101.35
   40.35
   42.59
   64.08
   66.06
  110.10
  109.73
  110.32
   88.38
   65.61
   61.70
   63.01
   72.43
   68.89
   63.71
   45.79
   40.95
   64.42
   65.36
   66.77
   63.12
   86.25
   44.12
   43.18
   84.95
  100.41
  123.77
  132.75
   96.65
   55.10
   54.74
   72.09
   71.16
  109.25
  129.32
   89.68
   59.95
   61.36
   78.69
   70.20
   78.44
   82.12
   75.52
   52.98
   56.86
   75.97
   71.98
  102.88
   99.11
  111.74
   47.80
   45.42
   82.49
   86.03
   82.60
   86.25
   88.15
   66.54
   47.54
   86.96
   85.77
   93.45
   88.86
   69.97
   40.24
   34.91
   66.54
   70.08
   77.76
   62.41
   74.11
   32.79
   40.95
   89.79
   77.64
   71.39
   70.31
   72.32
   34.57
   38.57
   76.23
   75.63
   72.32
   77.98
   71.98
   36.70
   30.33
   96.05
   75.75
   77.39
   76.23
   70.45
   38.34
   31.26
   63.12
   29.39
   34.46
   35.76
   56.15
   34.91
   34.80
   29.14
   52.50
   63.49
   73.40
   34.57
   45.31
   42.84
   43.41
   48.85
   28.32
   59.35
  102.31
   43.41
   34.32
   85.29
   95.91
  103.02
  123.40
   43.07
   47.32
   44.60
  105.96
   71.87
   33.05
   39.53
   27.50
   40.46
   43.07
   82.49
   46.95
   30.81
   48.14
   84.95
   42.25
   42.96
  100.04
   95.34
  122.24
  119.04
   38.11
   45.79
   45.79
   61.48
   37.52
   67.85
   33.16
   37.29
   36.81
   36.81
   59.35
   67.14
   67.03
   63.83
  114.09
   37.75
   42.36
  101.01
   33.39
   43.78
   28.54
   97.58
   95.34
   96.39
  136.74
  152.57
  105.96
   71.98
   68.67
   46.01
   41.99
   63.94
   60.77
  127.09
  135.33
   54.88
   52.61
   46.84
  107.26
  102.88
  107.83
  109.50
  107.12
   80.11
   79.06
   77.64
  106.07
  126.24
  125.08
   71.39
   64.19
   47.54
   83.31
  134.62
  137.34
  129.92
  129.07
  103.72
   87.56
  132.98
  133.09
  134.99
  138.27
  121.05
   63.71
   56.15
   56.75
  121.99
  135.33
  143.82
  144.42
   66.77
  108.68
  137.56
  142.52
  140.17
  137.82
  140.65
  108.91
   73.74
  142.18
  119.30
  136.29
  141.58
  143.37
   69.15
   68.89
  129.21
  124.37
  134.17
  129.07
   77.53
   86.48
   86.37
  116.21
  125.19
  134.87
  120.35
  131.67
   82.71
   83.90
  135.69
  111.96
  131.33
  140.88
  143.37
  104.43
  110.55
  145.72
  142.89
  151.01
  144.53
  135.30
  115.45
  121.14
  140.06
  137.22
  138.64
  146.54
  135.81
  116.81
  118.00
  152.20
  143.71
  152.57
  142.89
  136.63
  148.89
  148.78
  139.23
  133.32
  120.12
  213.91
  211.67
  214.39
  223.48
  219.82
  212.74
   76.68
   52.98
   54.51
   31.63
   22.77
   31.38
   31.86
   33.16
   33.98
   31.52
   36.93
   39.64
   27.61
   35.51
   27.98
   31.86
   30.44
   20.30
   29.25
   23.59
   23.59
   23.02
   25.60
   30.55
   29.96
   28.91
   28.80
   27.61
   25.97
   26.56
   26.19
   20.76
   29.73
   19.82
   22.54
   25.37
   37.89
   18.63
   26.56
   24.78
   18.41
   14.16
   93.33
   99.93
   57.71
   25.26
   22.88
   18.18
   19.48
   16.51
   17.70
   14.98
   12.74
   12.63
   39.05
   40.58
   96.87
   77.05
   33.75
   19.60
   21.46
   60.29
  109.73
  107.83
   21.35
   16.28
   24.07
   23.96
   61.96
   65.61
   65.02
   69.49
   55.81
   26.31
   25.49
  114.91
  158.46
  125.78
   70.31
   29.02
   30.67
   40.72
   32.34
   26.31
   35.17
   96.16
   77.05
   33.98
   29.73
   77.39
  148.66
  142.89
  120.83
   78.58
   31.86
   33.27
   31.52
   12.74
   29.39
   11.10
   17.92
   30.44
   22.88
   27.98
   24.18
   21.35
   26.79
   24.44
   28.20
   28.20
   26.67
  102.42
   66.91
   44.00
   59.95
   26.31
   28.68
   34.80
   31.38
   34.46
   32.93
   30.44
   30.55
   26.08
   25.49
   32.79
   24.18
  104.43
  105.00
  113.98
   24.44
   23.25
   34.35
   37.89
   35.76
   40.83
   32.79
   32.93
   30.44
   34.09
   37.41
   33.05
   36.22
   32.93
   34.57
   35.99
   36.10
   32.93
   34.04
   31.26
   32.79
   33.87
   40.58
   35.06
   34.09
   31.52
   33.64
   40.58
   38.00
   32.56
   36.70
   34.09
   28.32
   39.87
   39.05
   33.61
   34.80
   34.69
   34.46
   29.51
   32.79
   40.01
   40.95
   29.39
   31.74
   35.06
   36.47
   34.09
   35.28
   32.45
   35.17
   36.70
   35.99
   34.09
   33.05
   36.70
   39.87
   38.11
   39.42
   36.93
   36.33
   33.16
   33.87
   33.27
   32.56
   33.50
   28.91
   30.81
   32.34
   29.96
   29.96
   37.89
   34.80
   28.32
   29.25
   32.79
   26.79
   29.02
   31.86
   34.69
   31.38
   28.68
   42.25
   31.86
   31.63
   57.82
   52.27
   44.12
   35.17
   69.38
   44.26
   40.83
   75.63
   93.93
   56.15
   47.32
   63.49
   34.21
   34.09
   60.40
   81.30
   57.00
   41.99
   37.41
   36.33
   37.04
   91.69
   93.11
   93.45
   39.76
  100.89
   31.04
   29.02
   93.11
   92.51
   92.74
   95.23
   96.16
   40.12
   39.30
   94.38
  101.35
   92.85
  103.72
  118.34
   51.08
   50.04
   93.93
   85.18
  105.71
  118.93
   94.63
   54.03
   53.69
   96.28
  101.12
   97.81
   97.10
   34.35
   46.84
   41.43
   79.77
   44.12
   87.30
   90.98
  111.96
   40.72
   40.35
   66.06
   62.89
   43.41
   62.52
   63.12
   37.29
   36.47
   88.38
   79.29
   90.73
   92.85
   84.13
   53.58
   40.72
   82.71
   75.86
   84.47
   77.64
   78.35
   39.87
   37.52
   56.04
   58.16
   82.94
   94.04
   90.98
   51.56
   52.39
   55.33
   75.75
   86.96
   75.27
   64.65
   35.88
   34.35
   68.56
   66.54
   66.06
   60.77
   52.39
   43.30
   34.69
   58.16
   58.05
   64.19
   60.99
   65.84
   49.33
   48.73
   35.76
   75.04
   38.11
   39.42
   37.52
   31.86
   33.64
   37.18
   21.35
   30.55
   28.54
   29.96
   38.11
   37.75
   65.95
   61.82
   66.54
   71.39
   79.40
   36.22
   39.30
   88.86
   70.57
   67.14
   69.86
   70.20
   34.21
   37.41
   64.31
   73.14
   73.40
   87.44
   90.50
   42.14
   41.77
   45.90
   25.15
   38.23
  112.67
   81.89
   64.90
   71.98
   76.12
   87.56
   83.19
   82.71
  108.91
   58.16
   52.75
  101.83
   91.80
   82.23
   45.53
   54.17
   36.70
   50.97
   78.47
  107.83
  112.56
  114.46
  126.72
   80.22
   82.35
  110.32
  103.24
   51.68
   67.14
   61.82
   67.37
   68.07
   74.11
   77.28
   75.97
  101.35
  144.19
  112.45
  110.55
  153.85
  148.78
  149.14
  110.92
  150.08
  110.66
  112.08
  158.46
  151.98
  159.17
  154.44
  156.68
  159.28
  112.93
  158.23
  152.57
  146.91
  162.82
  168.15
  111.37
  124.25
  123.55
  111.37
  111.62
   85.55
  112.93
   77.16
   77.53
   54.28
   73.51
   72.92
   70.79
   78.69
   64.79
   48.85
  109.39
  130.85
  116.33
   94.86
   19.00
   21.61
   18.52
  107.49
  108.79
  111.62
  107.26
  108.43
   55.70
   53.69
  130.03
  137.82
  135.92
  129.44
  131.67
   76.46
   53.69
  122.95
  125.53
  121.65
  134.28
  130.63
   88.01
   52.50
  121.42
  116.69
   51.08
   61.25
   69.74
   12.63
   13.56
  179.59
  175.45
  179.93
  179.81
  187.00
  193.49
  140.54
  199.52
  192.44
  195.05
  195.75
  185.36
  210.03
  178.40
  198.59
   91.10
   96.65
   95.46
  140.54
   96.76
   98.63
  102.17
   90.39
  125.90
   52.27
   52.87
   21.72
   24.55
   81.89
  120.35
   96.50
   59.95
  128.95
  108.91
   50.72
   65.84
   94.04
  108.79
   71.50
   66.32
   45.90
   47.54
   74.93
   68.33
   66.06
   65.72
   17.92
    0.00
    0.00
   63.23
   29.25
   71.39
   14.98
   45.42
   29.02
   19.23
   46.84
    9.68
   25.85
   80.11
   61.48
   39.39
   25.00
   19.11
   48.25
   20.64
   54.03
   50.26
   23.96
   24.89
   62.67
   58.76
   59.35
   63.23
   51.34
   21.24
   24.18
   60.88
   70.20
   81.30
  115.50
   92.03
   13.34
   28.32
   14.53
   59.47
   61.70
   63.83
   47.80
   19.71
   25.00
   70.68
   76.34
   68.56
   11.69
   21.83
   16.17
   21.72
   99.22
  127.65
   91.44
  105.25
   94.38
   32.68
   40.83
   57.82
   60.65
   56.15
   53.32
   44.00
   27.27
   29.39
   67.96
   46.50
   39.30
   48.14
   57.94
   17.70
   25.49
   85.32
  108.91
   98.63
   59.83
   66.43
   40.58
   27.27
  115.28
   67.96
  115.99
  124.59
  117.03
   64.19
   58.76
  113.27
  125.08
   92.03
  122.84
  116.33
  108.31
   88.86
  113.86
  117.74
  117.74
  108.20
  124.11
   82.83
   57.12
  101.71
  101.01
   98.40
  128.25
  133.91
  123.29
  107.38
  140.76
  125.90
   90.84
   94.63
  100.75
   67.25
   52.05
  117.63
   84.02
   83.31
   79.66
  116.69
   72.58
   61.48
  126.94
  110.10
  101.94
  120.71
  128.02
   93.22
   69.97
  115.16
  111.96
  134.28
  109.50
   54.74
   73.40
   65.72
  114.46
   78.10
   72.69
   64.79
   85.06
   70.57
   65.36
   99.34
   85.89
   87.30
   95.34
  117.51
   60.40
   75.75
  102.42
   80.36
   64.42
   81.30
   87.78
   96.50
   71.50
   92.14
   71.39
   91.32
   77.53
  108.31
   40.72
   47.32
  106.90
  105.59
  106.67
  102.88
  122.13
   90.27
   68.33
  106.41
  100.41
  103.24
  119.75
  121.17
   93.81
   78.47
  104.18
   99.34
  115.50
  141.36
  103.58
   54.17
   52.39
   96.16
   99.93
  105.14
  119.30
   92.62
   55.81
   50.04
   94.52
  108.20
   99.59
   88.86
  104.29
   49.67
   42.36
   42.25
   57.34
   48.51
   40.01
   95.94
   76.94
   76.46
   67.62
  104.66
   90.02
  122.47
   78.10
   52.50
   52.61
   66.06
   66.77
  146.31
  150.31
  164.83
  113.27
   80.36
   72.43
   71.61
   74.22
   69.26
   68.78
   40.24
   40.46
  108.20
   65.72
   68.44
   75.04
   76.23
   62.89
   73.40
  105.14
   94.04
   61.48
   44.71
   56.52
   40.12
   41.06
   73.85
   66.77
  124.82
  121.65
  114.80
   39.05
   45.68
   73.40
   70.31
   75.52
   43.18
   20.64
   30.33
   25.85
   29.39
  121.76
  124.25
   31.97
   38.71
   41.77
   37.18
   68.44
  126.72
  134.39
  132.75
  125.30
   76.68
   96.65
  133.09
  144.19
  112.22
  164.61
  116.69
   65.24
   43.55
   76.68
   62.78
   51.56
   99.11
   36.10
   43.07
   44.00
  107.49
  114.20
  114.46
  124.71
   74.33
   48.51
   27.84
  126.12
   97.81
   91.21
  116.47
  132.98
   70.08
   68.67
  111.96
  118.11
  115.76
  123.40
  116.47
  112.22
   68.33
   95.34
   84.36
   90.27
   58.98
   95.57
   69.86
   76.23
  121.76
   95.68
  124.11
  124.71
   88.26
   31.04
   34.09
   57.82
   56.15
   48.03
   46.61
   49.55
   25.71
   29.62
   46.72
   34.35
   41.77
   55.44
   29.96
   24.44
   26.31
   68.33
   92.96
  113.86
   62.07
   49.44
   39.16
   36.81
   49.78
   30.44
   37.63
   32.79
   34.35
   33.98
   34.35
   50.97
   35.17
   37.41
   33.39
   24.18
   35.17
   35.88
   41.99
   46.95
   35.06
   79.17
  114.09
   93.81
   23.73
   52.87
   30.81
   29.62
   29.14
   28.68
   39.87
   33.64
   32.08
   33.50
   33.98
   26.79
   31.15
   30.81
   29.02
   30.67
   33.64
   26.67
   28.80
   26.79
   25.85
   27.01
   28.91
   30.44
   39.30
   38.23
   32.93
   20.76
   21.95
   29.39
   32.93
   29.73
   30.21
   34.91
   35.40
   28.80
   29.51
   34.46
   28.20
   32.34
   35.51
   29.85
   25.97
   31.97
   31.86
   38.82
   39.16
   40.24
   30.67
   32.56
   33.75
   46.95
   37.63
   30.33
   33.87
   29.51
   29.51
   38.60
   38.82
   33.50
   25.37
   42.59
   37.18
   31.26
   32.34
   83.65
   36.22
   35.28
   33.75
   33.16
   33.98
   52.61
   47.32
   67.62
   52.05
   56.41
   55.44
   49.44
   50.15
   41.54
   49.21
   51.68
   47.91
   48.62
   30.81
   48.85
   78.35
   50.38
   79.77
   69.15
   47.09
   47.20
   61.11
   65.02
   62.67
   64.31
   60.88
   52.39
   48.73
   68.19
   25.15
   29.14
   33.39
   34.91
   21.61
   19.60
   25.00
   25.00
   58.76
   76.12
   81.78
   66.32
   63.12
   70.31
   75.97
   85.66
   73.74
   80.36
   28.43
   28.54
   66.91
   72.58
   73.03
   89.42
   60.06
   28.20
   22.06
   87.67
   83.42
   75.97
   94.97
   84.13
   59.58
   45.90
   50.63
   33.98
   64.79
   85.18
   86.37
   19.48
   27.72
   62.52
   76.94
   78.95
   82.01
   80.93
   48.37
   43.30
   44.12
   46.50
   42.14
   43.66
   41.65
   44.12
   40.58
  108.91
  114.09
  104.66
  102.54
   89.08
   50.97
   45.42
   86.85
   50.74
   50.74
   49.55
   47.91
   46.84
   33.75
   52.61
   50.04
   55.70
   58.28
   50.15
   32.79
   30.67
   48.62
   48.96
   66.20
   77.05
   76.94
   48.96
   49.55
   73.51
   73.99
   99.93
   92.62
  111.96
   40.01
   39.42
   77.64
   73.85
   75.86
   77.39
   66.66
   34.91
   36.10
   69.60
   84.36
   62.07
   54.51
   73.51
   42.25
   42.25
   72.09
   94.27
   67.14
   51.08
   53.09
   40.83
   39.30
   84.61
   26.79
   31.04
   38.88
   71.98
   30.10
   30.33
   61.70
   53.80
   68.78
   66.20
   70.08
   28.32
   31.38
   98.40
   90.84
   91.21
   86.37
   83.31
   18.52
   26.56
   90.39
  116.21
   98.40
   96.50
   94.75
   46.13
   31.38
   98.51
   71.39
   86.85
   92.03
  108.31
   99.93
   47.80
  113.98
  113.49
   49.92
   50.49
   87.56
   53.58
   56.52
   67.62
   28.09
   24.66
   31.74
   30.81
   29.02
   37.63
   30.55
   29.85
   26.19
   96.65
   17.58
   31.15
   14.98
    4.73
    8.72
   77.28
   77.76
   77.53
   17.58
   16.65
  141.36
  128.50
  140.76
  148.32
  140.39
  181.60
  188.42
  184.29
  176.64
  181.23
  176.39
  189.01
  136.74
  136.74
  131.90
  127.54
  120.83
  109.50
  124.00
   65.36
   58.28
  121.28
   74.22
   81.78
   79.06
   77.05
   12.74
   67.62
  118.11
  131.56
  132.86
  139.46
  153.85
    3.65
   29.96
  134.39
  131.08
  137.00
  149.97
  131.45
   14.87
    0.00
  149.97
  155.74
  146.77
  181.94
  173.81
   89.68
   79.17
  140.65
  124.11
  158.57
  167.55
  178.17
  159.17
  127.43
  169.08
  162.94
  174.26
  163.76
  155.15
  130.74
   71.98
  138.98
  118.45
   48.96
  147.36
  129.92
   14.05
    9.91
   87.90
   89.08
  137.93
   90.39
   65.02
    0.00
    0.00
   70.57
   67.96
   60.88
   60.54
   67.73
   41.43
   38.71
   76.23
   77.39
   73.85
   78.47
   65.50
   15.94
   14.75
  113.86
  122.84
   77.39
   47.54
   51.34
    5.78
    3.20
   66.43
   72.09
   72.92
   75.15
   77.53
   14.87
   16.76
   73.28
   82.35
   77.28
   79.40
   77.05
   64.08
   18.89
   45.90
    0.00
    0.00
   70.57
  116.33
   58.98
   21.46
  120.71
  148.66
  131.33
  142.52
  170.98
  165.65
  109.84
  172.02
  164.95
  181.94
  174.97
  183.35
  118.45
  124.25
  160.58
  177.80
  181.23
  174.26
  173.21
   95.23
   78.69
   80.70
  122.24
  106.67
  114.57
  106.67
   73.99
  101.01
   79.51
   98.63
  167.44
  172.25
  177.80
  127.09
   65.95
  138.16
  179.10
  152.57
  171.43
  173.55
  223.11
  288.61
  340.28
  340.17
  512.05
  387.23
  287.64
  221.35
  213.08
  223.70
  192.55
  242.11
  243.89
  143.11
  122.24
  242.48
  273.48
  339.92
  452.73
  337.57
  215.80
  214.39
  214.50
  212.60
  216.99
  217.11
  215.92
  217.33
  161.18
  185.96
  189.24
  177.80
  153.02
  141.81
  190.32
  152.43
  159.40
  145.35
  142.41
  140.76
  140.06
  137.00
  101.71
  103.47
  128.84
  181.23
  176.39
  175.34
  165.65
  108.79
  119.64
  143.37
   68.07
   63.83
   76.34
  141.47
  136.40
  163.53
  195.05
  192.33
  176.87
  184.06
  184.65
  143.00
  133.91
  178.76
  171.43
  161.29
  139.94
  173.67
  176.64
  178.06
  171.43
  180.63
  183.12
  192.92
  182.53
  148.89
  149.85
  153.73
  186.89
  166.47
   29.62
  136.74
  140.54
  139.94
  140.65
  140.99
  141.70
  141.70
  141.10
  140.39
  138.27
  140.88
  141.36
  144.42
  150.08
  149.60
  147.25
  146.54
  146.20
  147.36
  148.78
  148.66
  148.55
  130.26
  140.54
  151.86
  153.39
  154.81
  157.05
  157.53
  157.16
  155.74
  157.16
  158.23
  158.35
  158.35
  158.35
  156.93
  155.15
  154.55
  154.21
  154.44
  155.74
  157.16
  157.16
  156.56
  155.74
  154.55
  153.62
  153.28
  153.14
  154.33
  158.80
  151.86
  145.35
  152.20
  148.44
  148.32
  148.18
  148.18
  148.55
  148.44
  148.32
  147.84
  147.62
  147.36
  147.36
  146.77
  147.84
  147.96
  145.72
  149.03
  150.08
  150.45
  150.45
  150.67
  151.72
  153.73
  153.85
  154.10
  154.33
  153.99
  154.10
  153.99
  157.98
  157.75
  178.99
  227.36
  227.47
  191.14
  160.36
  231.60
  205.67
  186.89
  119.64
  204.36
  211.07
  185.36
  171.20
  174.86
  222.51
  234.10
  233.50
  232.31
  232.20
  229.73
  243.41
  243.64
  235.85
  241.40
  241.29
  241.51
  244.12
  244.46
  183.95
  168.26
  133.32
  170.01
  180.18
  168.49
  173.55
  177.91
  166.59
  222.51
  243.41
  243.30
  243.89
  244.01
  244.23
  244.46
  244.94
  245.54
  245.54
  181.23
  165.06
  172.25
  172.96
  245.05
  245.54
  244.23
  245.05
  245.17
  244.60
  244.71
  207.90
  245.54
  245.31
  245.42
  245.65
  245.42
  244.83
  244.83
  245.65
  244.01
  244.60
  245.54
  244.60
  243.75
  243.52
  243.52
  243.64
  244.23
  244.12
  276.32
  344.76
  344.42
  344.42
  344.05
  343.00
  343.12
  343.57
  343.94
  343.34
  342.04
  342.04
  342.04
  338.98
  338.98
  339.21
  339.32
  292.37
  245.54
  245.76
  245.31
  237.63
  227.36
  191.85
  165.65
  172.96
  158.94
  164.24
  167.07
  242.48
  284.81
  336.26
  336.97
  336.97
  293.56
  232.20
  232.20
  232.20
  232.42
  232.42
  232.57
  232.79
  233.39
  223.93
  200.23
  172.96
  176.75
  177.91
  129.66
  138.27
   75.63
  120.57
  107.72
  107.38
  120.35
   88.86
   66.91
   28.54
   65.61
   66.06
   66.20
   65.72
   65.84
   65.61
   65.61
   65.36
   65.95
   76.23
   72.21
   66.20
   67.14
   66.06
   66.54
   66.43
   66.20
   65.84
   65.72
   65.84
   66.32
   67.62
   71.50
   70.08
   65.72
   64.65
   63.83
   64.19
  106.30
  118.45
   89.31
  101.83
   66.06
   66.66
   66.54
  117.29
   65.72
   64.08
  108.68
  119.64
   64.65
   64.90
   65.02
  117.88
  135.21
  149.48
  149.60
  149.37
  149.48
  119.30
  147.62
  143.71
  138.53
  143.37
   81.64
   73.28
  114.68
  113.38
  119.04
  124.25
  134.73
   75.41
   75.41
  100.04
  107.26
  105.71
  106.07
  104.55
   63.83
   63.94
   78.95
   91.69
   97.92
  100.52
   93.81
   65.95
   64.08
   92.40
   91.55
   90.27
   99.59
   95.94
   65.50
   63.60
  174.74
  158.80
  174.26
  161.07
  156.22
  153.62
  149.97
  211.33
  205.78
  204.36
  204.36
  189.24
  198.22
  196.92
  197.62
  201.28
  210.37
  211.19
  211.19
  209.32
  210.85
  207.79
  199.29
  196.80
  189.50
  195.50
  202.35
  203.77
  204.25
  193.86
  190.54
  199.63
  190.80
  191.73
  200.82
  199.41
  196.58
  196.58
  197.62
  191.37
  197.88
  206.12
  209.66
  203.29
  201.16
  208.36
  148.66
  148.41
  148.78
  174.01
  170.84
  139.80
  127.79
  126.49
   76.46
   63.94
   59.58
  121.76
  121.99
  147.84
  134.02
   80.48
   81.07
  126.12
  131.56
  132.61
  129.21
  146.91
  147.13
  149.26
  174.74
  172.62
  169.67
  176.75
  208.13
  204.70
  206.01
  208.84
  204.59
  205.41
  202.13
  200.82
  202.13
  202.35
  203.40
  206.71
  206.71
  206.71
  190.43
  196.58
  206.71
  206.71
  174.97
  203.40
  204.96
  204.70
  206.94
  206.49
  205.78
  205.07
  101.35
  124.82
  173.10
  172.62
  140.76
   77.28
  174.74
  144.30
   79.40
   63.60
   82.35
   77.53
   62.78
   50.15
   67.73
   36.22
   38.34
   30.81
   27.98
   27.72
   28.91
   29.14
   35.51
   28.91
   27.50
   28.91
   29.02
   29.25
   29.85
   26.56
   28.68
   28.09
   20.05
   28.32
   29.39
   24.18
   29.02
   33.39
   33.50
   34.09
   34.91
   28.20
   36.10
   37.04
   60.06
   38.71
   39.76
   66.32
  102.65
   98.51
   88.97
   42.36
   32.08
   34.91
   64.79
   62.67
   58.98
   59.13
   60.88
   63.23
   61.96
   89.31
  115.50
  114.46
   94.63
   79.06
   34.80
    0.00
   25.15
   12.26
   13.11
   13.82
   15.46
   12.63
   10.99
   14.38
   12.15
   11.69
  124.82
   59.47
   13.45
   11.92
  131.45
  122.84
  127.43
  127.20
   50.97
  171.69
  139.12
  134.62
  149.03
  148.89
  172.14
  174.26
  173.67
  170.98
  175.79
   68.89
   15.15
   15.29
   11.27
    5.66
    5.66
    6.91
    4.56
    4.62
    4.79
    4.76
    4.81
    4.87
    0.00
    4.96
    3.96
   63.23
   81.89
   68.67
   67.96
  103.72
  129.07
  130.48
  139.57
  143.48
  140.17
   80.00
   75.27
   88.15
  165.65
  175.68
  143.93
  175.93
  177.41
  183.04
  196.60
  255.25
  258.22
  258.79
  255.33
  254.20
  256.13
  257.49
  243.50
  266.83
  198.81
  140.28
  142.66
  194.08
  192.33
  180.89
  209.91
  200.00
  148.18
  147.36
  137.00
  135.33
  135.10
  135.69
  137.82
   86.96
   59.24
   77.53
   60.40
   56.29
   50.15
   55.93
   56.63
   53.32
  132.98
  113.27
  119.53
  116.58
  114.91
   49.44
   52.16
  120.23
  111.74
  131.08
  146.31
   76.12
   48.85
   51.79
   72.92
   59.35
   76.46
   72.43
   72.58
   58.76
   56.52
   57.45
   58.16
   51.34
   50.74
   54.03
   19.48
   12.74
   16.76
   57.57
   97.92
  106.90
  134.99
   84.72
   80.00
  100.19
   90.02
   92.03
   85.43
   94.15
   50.38
   47.54
   69.04
  145.35
  152.80
  159.17
  155.26
   50.49
   48.25
   94.86
  127.79
  162.71
  126.24
  145.35
  150.56
  140.28
  108.68
  140.54
  134.17
  138.04
  134.39
  121.65
  132.04
  141.36
  106.41
   50.04
   51.68
   51.90
   48.03
   48.37
  110.21
  116.58
  115.87
  114.68
  113.64
   49.33
   53.92
  105.37
  115.62
  143.93
  140.39
  147.13
   48.03
   49.44
   98.77
  117.74
  117.29
  133.20
  134.39
   53.46
   42.14
  140.65
  142.52
  134.28
  141.36
  145.24
  144.30
  146.54
  145.24
  147.13
  145.01
  147.62
  140.99
   75.75
   75.63
   95.09
   93.56
   93.11
   90.50
   91.44
   90.84
   68.19
  155.26
  151.72
  151.98
  127.09
  122.36
   70.08
   63.83
   87.56
  122.36
   67.48
  123.06
  121.54
   85.66
   82.12
  150.31
  148.44
  149.14
  153.02
  155.74
  147.47
  142.29
  142.18
  153.39
  150.31
  149.48
  148.32
  145.12
  154.55
  175.22
  192.55
  197.88
  175.68
  175.79
  149.60
  152.09
  156.34
  154.10
  154.33
  165.54
  157.16
  156.22
  159.06
  162.00
  161.41
  161.63
  162.48
  162.60
  161.77
  161.63
  162.00
  161.89
  162.82
  161.63
  161.52
  161.41
  161.41
  161.29
  161.41
  161.41
  161.41
  142.29
  136.40
  139.23
  135.58
  136.52
  136.63
  139.83
  167.07
  167.07
  168.26
  168.37
  141.58
  141.95
  147.47
  138.27
   61.36
   55.59
   79.29
   79.29
   79.29
   79.29
   79.29
   81.18
   82.12
   82.12
   82.12
   82.12
   82.12
   82.12
   82.12
   82.12
   82.12
   82.12
   82.35
   82.12
   83.31
   86.37
   80.82
  118.11
  119.87
  120.01
  123.55
  118.00
  118.82
  118.59
  117.88
  121.42
  117.88
  148.32
  178.62
  181.23
  181.34
  181.23
  177.46
  142.66
  138.41
  137.56
  141.70
  120.23
  140.76
  137.11
  137.56
  138.16
   73.62
   95.23
  111.74
  145.49
  141.10
  138.16
   73.99
   76.57
   76.34
   72.21
  132.86
  174.97
  184.17
  168.71
  165.54
  179.93
  181.00
  174.63
  169.08
  189.13
  178.28
  197.74
  199.52
  191.96
  195.75
  194.45
  197.40
  180.41
  179.59
  132.38
  128.25
  206.94
  197.03
  183.46
  191.73
  195.39
  152.91
  113.38
  195.61
  178.99
  201.42
  194.34
  191.51
  184.54
  181.71
  189.50
  184.29
  170.38
  149.26
  180.29
  167.66
  161.41
  162.94
  153.99
  169.31
  177.46
  166.47
  166.36
  124.59
  161.77
  143.00
  118.70
  101.35
  148.07
   50.86
   46.95
  123.29
  107.49
   98.29
  143.93
  143.23
   64.31
   58.76
  105.14
  108.09
  105.85
  105.25
  106.90
   62.67
   59.83
  123.18
   65.61
  114.20
   77.64
   40.24
   34.57
   34.80
   34.80
   38.60
   89.57
   83.31
   86.85
   58.64
   54.74
   79.17
  141.95
  184.17
  191.96
  194.45
  186.78
  202.24
  206.49
  171.32
  188.68
  193.15
  201.42
  115.99
  114.46
  158.94
  157.75
  151.98
  153.51
  151.27
   82.49
   54.62
   77.76
   84.24
   85.66
  151.38
  171.09
   38.00
   46.50
  108.79
  109.73
  107.49
  101.23
  107.72
   30.92
   30.33
  116.33
  115.99
  118.34
  116.58
  116.92
   32.79
   32.22
   80.93
  115.62
  112.33
  113.98
  113.98
   36.22
   31.38
   30.92
   10.02
   33.16
   21.35
   19.71
   20.90
   21.01
   19.48
   24.55
   13.68
    8.98
    9.91
    9.68
    9.57
    8.86
   10.62
    9.32
    9.80
   23.13
   19.11
   19.94
   23.25
   19.00
   20.30
   19.60
   21.24
   20.05
   19.23
   23.73
   20.64
   21.95
   18.18
   28.32
   22.65
   20.30
   19.82
   20.30
   22.31
   14.53
   13.68
   16.28
   23.96
   22.88
   17.22
   19.48
   21.01
   25.26
   19.82
   20.42
   19.23
   19.94
   22.77
   17.70
   24.66
   19.48
   18.89
   25.15
   18.07
   17.92
   18.52
   24.55
  131.33
  127.43
  127.43
  129.92
  157.05
  159.51
  159.17
   77.05
   78.58
  113.64
  143.93
  115.05
  107.83
  112.56
   30.21
   36.70
  123.55
  126.60
  145.83
  145.72
   31.26
   27.38
   39.76
  168.71
  173.81
  186.55
  173.55
  178.28
  174.38
  164.72
  161.52
  140.88
  143.59
  178.88
  174.63
   38.94
   48.14
   68.44
   74.11
   84.47
   49.78
   85.06
   98.77
   95.09
  112.45
   97.47
  111.14
  113.75
   94.97
   61.25
   66.32
  126.94
  126.94
  120.46
  124.00
  125.90
   57.00
  124.48
  136.03
  136.74
  142.89
  141.95
  131.33
   58.87
   62.41
  149.74
  151.27
  128.36
  108.79
  113.27
   61.82
   56.15
  148.44
  139.35
  142.18
  156.34
  143.48
   96.99
   98.06
  114.34
  155.74
  152.57
  147.96
  105.59
   82.83
  101.12
  103.47
  151.72
  123.29
  130.03
  132.75
  131.08
  131.19
  136.74
  136.29
  136.63
  136.86
  137.11
  131.90
  130.03
  132.98
  129.92
  131.79
   88.38
   96.99
   68.19
   76.46
   84.24
   84.36
  134.73
  158.35
  158.94
   69.49
   62.89
  184.43
  133.09
  178.88
  188.68
  183.46
  181.00
  183.58
  193.97
  170.72
  143.23
  137.93
  192.21
  192.21
  198.81
  151.27
  161.77
  142.07
  130.97
  170.72
  125.90
  128.36
  160.81
  129.92
  134.73
  139.94
  133.46
  172.14
  167.78
  170.50
  174.26
  139.57
  103.24
  174.04
  173.92
  169.79
  178.06
  189.72
  187.37
  185.59
  168.85
  107.60
  108.91
  164.83
  159.76
  162.23
  159.06
  167.44
  120.57
  113.75
  179.81
  186.78
  209.06
  200.57
  203.29
  212.97
  219.82
  219.57
  204.96
  215.32
  214.16
  212.49
  216.28
  218.15
  213.79
  210.62
  218.86
  224.18
  201.28
  213.79
  222.40
  197.62
  206.60
  204.70
  208.24
  243.75
  255.08
  262.75
  274.67
  322.22
  373.78
  373.78
  373.78
  373.78
  373.19
  370.13
  368.23
  368.12
  367.30
  365.29
  364.58
  360.33
  359.62
  359.51
  316.81
  277.51
  277.51
  277.39
  277.51
  277.51
  277.51
  277.51
  282.69
  286.00
  286.00
  285.52
  283.17
  283.17
  283.17
  283.17
  282.57
  205.07
  201.87
  207.42
  202.95
  195.98
  194.08
  195.05
  194.68
  199.63
  196.92
  197.03
  201.64
  203.99
  214.16
  202.69
  205.18
  210.03
  195.87
  197.74
   98.51
  163.76
  155.15
  154.69
  174.15
  151.61
  153.39
  221.81
  174.63
  144.90
   97.58
  144.53
  143.00
  153.28
  146.54
  142.77
   88.86
   89.91
  177.57
  177.91
  141.24
  143.82
  144.64
   72.32
   73.40
  177.69
  185.25
  149.60
  160.92
  156.93
  145.49
  147.36
  161.07
  158.57
  146.06
  160.81
  120.23
   22.54
   25.71
   29.62
   11.10
    9.68
   23.36
   26.67
   24.07
  189.95
  188.31
  132.75
  185.70
  186.18
  176.64
  118.34
  118.70
  133.09
  155.26
  151.98
  153.73
  157.98
   90.84
   42.96
  117.74
   86.85
   88.15
   30.33
   87.07
   88.38
   89.68
   85.66
   86.25
   85.66
   86.03
   82.35
   22.65
   81.89
   64.53
   37.75
   49.67
   79.77
   91.10
   41.99
   31.52
   16.28
   25.71
   13.11
   13.45
    8.27
   10.73
   11.55
  115.28
   42.70
   36.81
   29.51
   32.79
   29.73
   32.22
   29.02
   44.71
   30.67
   28.80
   30.67
   32.34
   32.34
   65.24
   70.68
   68.67
   90.98
   98.63
   48.37
   56.75
   59.95
   89.20
  109.73
  110.55
   92.62
   51.90
   56.04
  108.79
  122.84
  112.67
  109.02
  130.03
   86.14
   56.75
   96.05
   95.46
   86.96
   85.55
   86.03
   87.90
   84.47
   86.85
   86.14
   89.91
   88.49
   84.36
   40.46
   87.56
   86.96
   88.97
   86.59
   88.15
   84.24
   45.68
   41.29
   77.53
   70.57
   74.11
   76.82
   80.82
   46.13
   44.37
   91.10
   82.01
   79.06
   76.57
   79.17
   49.44
   39.87
  107.60
  132.75
  140.88
  137.56
  137.34
   71.27
   69.86
  100.41
  121.88
   90.27
   90.02
   94.27
   84.24
   82.71
  131.33
  128.50
  133.91
  134.02
  125.78
   55.22
   54.28
  160.81
  161.18
  158.57
  155.74
  165.17
  108.91
  109.13
  158.35
  155.86
  157.64
  158.69
  157.87
   87.19
   84.24
  136.15
  143.93
  115.16
  117.29
  120.12
  101.71
   98.06
  110.44
  115.39
  115.87
  119.16
  139.35
   95.46
  100.89
  103.02
  139.69
  127.09
  136.40
  138.98
  146.43
  137.22
  136.03
  128.73
  124.71
  132.75
  132.98
  134.50
  134.50
  136.03
  133.20
  135.10
  135.44
  136.03
  136.15
  135.69
  136.29
  138.04
  133.80
  133.09
  130.74
   86.48
   44.37
  127.09
  126.12
  134.62
  128.50
  128.95
   52.98
   56.15
  113.64
  113.64
  116.47
  107.26
  115.28
   53.21
   60.40
  101.94
   95.94
  122.47
   49.92
   41.54
   69.49
   48.03
  113.49
   55.93
   57.12
   89.57
   64.53
   63.60
   30.07
  142.89
  149.60
   60.99
   54.88
   59.47
   14.38
   16.76
  115.16
  119.75
  121.28
  115.62
  110.66
   17.10
   15.69
   91.10
   95.80
   92.40
   94.86
   87.19
   12.63
   12.52
   99.70
   98.06
   99.59
   17.70
   14.98
   28.09
   16.99
  116.33
  111.85
  111.26
  114.34
  115.50
   67.25
   74.33
   62.67
   66.06
   62.89
   61.82
   66.91
   63.12
  154.10
  156.68
  154.33
  160.47
  101.35
  175.08
  144.19
  137.00
  181.23
  196.21
  187.37
  188.31
  148.66
  141.81
  139.83
   41.06
  141.70
   60.17
  146.54
  107.72
  108.91
  108.79
  196.32
  198.44
  124.82
  126.83
  128.50
  115.76
   90.73
   92.40
   95.94
   89.91
   90.84
  153.62
  181.45
  203.54
  194.90
  229.96
  223.59
  262.53
  229.48
  203.40
  207.08
  182.87
  107.49
  172.02
  186.30
  104.18
  117.40
  100.89
  126.49
  173.10
  184.88
  191.96
  184.65
  144.42
   95.80
  193.63
  190.54
  210.14
  161.41
   50.74
    0.00
  180.41
  182.30
  280.82
  282.57
  283.99
  283.17
  271.13
  189.38
  178.17
  177.09
  192.67
  256.27
  222.17
  283.65
  283.17
  283.17
  283.17
  283.17
  283.17
  231.38
  179.81
  182.05
  201.87
  171.20
  162.94
  137.70
  141.58
  123.89
  127.20
  128.50
  132.27
  134.39
   89.57
   88.97
   14.27
   15.09
   14.64
   19.23
   16.88
   17.70
   16.28
   17.47
   11.92
   15.09
    0.00
   92.85
  155.15
  212.97
  246.47
  236.19
  246.36
  246.36
  246.36
  246.36
  246.36
  246.36
  246.36
  246.36
  231.72
  303.47
  363.05
  364.58
  365.29
  365.29
  362.46
  356.31
  354.33
  358.43
  304.41
  251.54
  177.57
  172.39
  173.81
  207.19
  178.17
   94.04
  119.41
  109.84
  116.21
  156.45
  156.11
  170.38
  173.55
  169.42
  143.48
  138.41
  132.15
  140.17
  141.47
  154.10
   32.08
   32.22
   91.10
   93.45
   90.98
   90.73
   91.21
   37.18
   30.44
   82.23
   87.44
  116.92
   80.22
   57.45
   31.26
   29.39
   33.27
   53.21
  107.12
  100.89
   53.80
    0.00
    0.00
   42.14
   55.33
   79.40
  101.60
  121.54
   84.36
   82.01
  126.49
  122.84
   82.01
  100.30
   90.39
   60.40
   59.69
  127.31
  145.35
  119.87
  115.05
  117.18
   86.48
  128.36
  150.45
  183.12
  176.05
  172.85
  187.37
  129.21
  120.35
  112.22
  128.62
  152.32
  181.60
  184.77
  135.21
  137.22
  139.23
  134.62
  141.36
   81.52
   82.12
  103.02
  104.55
  122.84
   64.90
  147.02
  152.20
  146.20
  149.03
  151.16
  160.81
  147.47
   48.85
  119.64
  150.45
  149.97
  177.69
  148.07
  174.04
  174.15
  173.67
  170.38
  137.93
  142.52
  159.28
  166.59
  187.97
  191.37
  187.83
  114.80
  114.20
  187.83
  188.42
  165.54
  113.64
  135.10
  209.77
  189.50
  173.44
  182.16
  189.38
  178.06
  184.99
  210.03
  212.49
  201.76
  200.46
  203.40
  198.70
  200.82
  192.21
  201.16
  197.74
  198.59
  197.28
  198.22
  164.35
  109.39
  140.54
  183.83
  172.39
  170.01
  161.07
  173.21
  181.34
  178.06
  173.67
  169.08
  174.15
  169.56
  175.56
   68.33
   55.93
  178.17
  165.88
  178.99
  171.80
  176.39
  183.35
  169.31
  121.65
  128.62
  137.00
  138.87
  133.57
  176.75
  183.83
  176.16
  177.69
  172.51
  181.94
  176.16
  182.87
  184.43
  175.34
  167.55
  168.85
  168.26
  170.84
  178.51
  180.29
  163.90
  174.86
  165.17
  164.72
  163.30
  167.89
  173.67
  165.31
  177.57
  180.63
  177.21
  174.26
  180.52
  176.98
  145.83
  133.57
  135.33
  131.56
  144.19
  175.79
  176.98
  168.85
  179.10
  161.63
  171.20
  148.07
  169.56
  167.89
  162.00
  154.44
  168.15
  124.37
  122.95
  128.13
  128.36
  143.82
  123.77
  133.68
  132.38
  155.52
  165.77
  160.81
  157.64
  165.31
  161.07
  155.52
  161.77
  169.56
  181.82
  170.50
  167.07
  165.31
  172.39
  155.40
  172.62
  163.87
  154.92
  160.10
  158.23
  155.26
  167.66
  173.10
  170.50
  163.42
  159.28
  115.28
  119.53
   92.03
  103.72
  103.36
  105.25
  138.04
  139.69
  163.30
  135.92
   53.80
   19.60
   26.56
   23.36
   23.73
   84.36
   37.75
   19.60
  160.47
  152.54
  155.97
  147.25
  139.57
  160.58
  147.84
  147.02
  154.33
  188.42
  198.70
  200.94
  186.30
  187.37
  195.98
  195.05
  197.03
  186.18
  155.03
  159.76
  167.66
  164.83
  154.44
  157.16
  159.17
  160.36
  162.00
  165.51
  164.83
  175.42
  176.05
  173.81
  172.25
  154.44
  167.18
  261.59
  260.51
  262.41
  263.35
  262.30
  263.23
  263.01
  260.03
  240.35
  185.48
  257.34
  253.66
  252.02
  174.52
  179.22
  194.57
  188.08
  189.50
  183.12
  178.40
  183.95
  179.33
  250.60
  222.29
  251.54
  250.12
  235.03
  164.83
  171.09
  152.68
  173.21
  146.20
  130.74
  114.09
   78.95
   80.82
  108.43
  117.40
   88.26
   85.18
   87.90
  118.93
  101.35
   96.99
   72.92
   72.21
   68.44
   69.86
   56.75
   53.32
   57.57
   63.23
   58.98
   58.16
   55.81
   45.90
   42.36
   41.77
   18.18
   19.00
   15.94
   12.86
   13.11
   14.98
   13.22
   17.47
   13.82
   15.09
   13.45
   15.09
   12.52
   38.11
   24.55
   17.70
   20.76
   20.05
   21.72
   21.72
   19.34
   22.65
   25.97
   22.77
   14.98
   11.92
   11.81
   19.60
    9.09
    6.85
    9.68
    6.14
    8.01
    7.08
    9.91
    5.78
    9.20
    7.19
    5.18
    6.26
   10.73
   13.22
    9.43
    8.72
   28.32
   27.72
    9.57
    0.00
   28.80
   25.71
   20.53
   15.23
   37.63
   30.81
   26.08
    9.68
   11.92
   23.02
    9.32
   12.86
   14.05
   15.46
   15.09
   10.62
   20.42
   47.91
   58.42
   30.10
   33.75
   47.54
   43.41
   63.23
   90.61
   76.34
   31.97
   30.21
   31.15
   68.44
   62.67
   60.65
   71.98
   63.71
   68.56
   97.92
  118.34
  126.49
  125.42
  130.85
   46.50
   52.05
  107.38
   48.37
   57.23
   64.08
   74.81
   36.22
   37.29
   38.00
   59.24
   66.20
  138.04
  136.29
   56.63
   67.48
  134.17
  127.91
  188.90
  193.74
  198.22
  195.16
  197.03
  169.19
  199.52
  206.23
  197.88
  222.51
  219.68
  207.19
  190.32
  187.37
  207.90
  215.21
  194.90
  215.58
  200.34
  216.03
  201.42
  172.73
  194.20
  222.17
  210.37
  222.66
  217.22
  209.43
  218.63
  215.80
  200.82
  226.90
  168.00
  152.09
  230.56
  222.06
  219.94
  221.95
  115.99
  119.75
  204.96
  212.04
  206.94
  209.32
  210.73
  211.33
  204.25
  220.87
  210.14
  210.62
  191.25
  182.16
  173.33
  205.52
  205.67
  192.07
  227.13
  202.58
  195.16
  106.07
  178.51
  191.73
  199.75
  159.40
  178.88
  190.20
  204.96
  220.64
  209.43
  221.47
  201.28
  210.73
  201.05
  202.35
  205.67
  193.15
  239.99
  241.06
  237.86
  231.49
  202.24
  206.94
  242.22
  220.87
  209.43
  208.61
  203.40
  207.65
  171.80
  166.73
  161.63
  169.08
  169.79
  184.29
  173.67
  182.53
  164.61
  168.71
  211.90
  251.20
  252.02
  249.90
  252.02
  252.02
  251.20
  245.88
  246.36
  246.36
  246.36
  245.76
  243.52
  243.52
  241.29
  180.29
  166.59
  177.09
  121.05
  101.94
   87.90
  116.47
  111.85
  103.24
   77.64
   77.28
  152.32
   53.46
   50.26
  125.53
   92.62
   35.40
   30.81
   77.05
   70.08
   55.33
   43.41
   47.91
    0.00
    0.00
   53.92
   56.52
   59.13
  125.67
   77.64
   49.67
   23.36
   31.63
   58.05
   62.89
   70.79
   29.51
    0.00
    0.00
    0.00
   71.02
   73.99
   67.14
   73.28
   20.76
    0.00
  114.09
  142.89
   22.88
   24.55
   36.70
    0.00
    0.00
   67.96
   85.18
    0.00
    0.00
  111.51
   99.34
  102.05
   96.50
   52.50
  113.98
  111.62
  116.47
  107.26
  192.67
  255.93
  270.31
  269.60
  269.60
  241.40
  232.42
  234.44
  208.61
  231.49
  258.87
  270.79
  271.84
  271.84
  271.84
  271.84
  271.84
  271.84
  271.62
  271.84
  270.91
  269.12
  269.01
  270.54
  269.94
  267.82
  195.05
  194.08
  194.79
  184.77
  173.81
  195.39
  186.30
  194.20
  188.42
  187.00
  204.11
  187.97
  172.51
  173.44
  162.94
  169.31
  176.98
  187.37
  177.21
  177.57
  142.29
  171.91
  114.57
  113.15
  122.47
  149.74
  155.63
  144.30
  160.70
  139.57
   80.59
  129.55
  141.24
  151.27
  110.15
  101.60
   99.00
   98.40
   97.35
  105.71
   93.22
   86.48
   51.79
   57.12
   55.56
   72.32
   68.07
   52.75
   53.58
   37.41
   14.64
   14.98
   14.64
   43.41
   13.22
   14.98
   13.11
    0.00
    0.00
    1.78
   49.55
    0.00
    0.00
    0.00
    0.00
    0.00
    0.00
    0.00
    0.93
    8.01
   41.17
   16.65
   10.73
   13.93
   83.31
  113.49
  144.90
  109.50
   62.41
   28.43
   54.51
   55.93
   56.29
   59.95
   57.82
   53.58
   56.86
   99.22
   88.60
   82.23
  117.74
  107.49
   86.25
   54.62
   55.22
   60.65
  127.54
   82.71
   84.72
   31.38
   34.46
  155.52
  134.50
  146.20
  139.69
  139.69
   58.53
   61.11
  183.12
  166.84
  170.84
  169.67
  187.12
   90.84
   86.73
  191.73
  155.52
  131.56
  141.95
  140.28
  106.41
   79.29
  142.18
  137.82
  103.02
  114.80
  118.00
  124.37
  116.21
  134.28
  145.83
  115.50
   84.61
  108.68
   98.51
   92.26
  130.37
  106.56
   77.28
  104.77
  106.90
   87.78
   88.49
   98.40
  101.71
  114.20
  113.64
  125.78
   62.78
   65.72
   93.81
  105.37
  120.01
  103.13
  100.75
   61.48
   57.45
  107.72
   90.02
   47.43
   15.57
   92.14
   58.53
   59.24
  128.84
  138.87
  156.56
  176.39
  168.37
  103.72
  104.66
  151.50
  140.88
  148.55
  128.02
  160.58
   94.97
  109.50
  178.99
  160.22
  156.93
  174.38
  171.69
  123.18
  115.87
  172.51
  189.72
  192.07
  177.09
  178.40
  159.17
  160.81
  160.36
  186.66
  201.53
  187.97
  200.82
  121.28
  127.09
  133.80
  120.83
  125.42
  111.85
  116.21
   82.60
   91.80
  133.46
  128.73
  141.47
  138.53
  165.65
   83.53
  103.24
  160.81
  172.85
  148.66
  145.24
  114.63
  147.47
  145.24
  147.02
   70.91
  114.09
   69.86
  106.19
   77.76
   78.58
  193.26
  158.23
  200.82
  206.12
  214.61
  180.75
  202.35
  187.37
  203.77
  202.69
  203.06
  197.28
   90.50
   97.21
  187.26
  179.10
  170.38
  133.91
  201.76
   96.87
   95.57
  160.70
  158.69
  187.12
  184.06
  200.12
  135.33
   95.46
  192.07
  172.25
  168.49
  105.48
  106.41
   91.92
   82.60
  206.49
  203.88
  200.12
  204.48
  195.05
   33.27
   38.71
  151.86
  190.20
  184.29
  191.85
  184.88
   65.50
   67.03
  181.09
  184.29
  179.47
  167.18
  165.43
  167.30
  111.03
  144.30
  143.11
  177.80
  175.56
  164.72
  177.09
  198.93
  181.71
  187.60
  199.75
  187.12
  191.14
  176.05
  178.76
  201.98
  182.42
  178.51
  174.63
  182.53
  199.86
  212.74
  171.32
  174.38
  161.97
  211.67
  206.60
  179.81
  174.74
  184.77
  184.06
  165.06
  192.19
  179.59
  199.86
  191.14
  165.31
  164.72
  185.36
  194.20
  191.51
  192.07
  254.03
  256.01
  253.32
  256.04
  252.13
  262.87
  266.18
  199.41
  199.49
  214.50
  209.43
  201.16
  198.44
  191.85
  197.99
  178.88
  205.18
  164.01
  207.08
  208.84
  214.61
  184.99
  195.27
  198.81
  195.05
  194.34
  189.24
  213.45
  211.07
  167.89
  177.69
  181.23
  167.30
  182.05
  182.64
  198.93
  208.24
  182.42
  191.25
  202.13
  191.51
  189.95
  160.92
  213.68
  181.23
  185.84
  166.13
  169.79
  168.26
  239.87
  271.73
  271.84
  272.92
  273.82
  272.07
  271.84
  271.84
  271.84
  252.95
  258.76
  263.09
  267.25
  269.01
  270.79
  177.46
  176.27
  145.12
  115.16
  172.62
  196.69
  176.16
  195.87
  228.72
  202.69
  178.76
  180.75
   57.00
   58.87
  142.29
  133.09
  147.25
  160.47
  150.31
  105.37
   84.13
  150.56
  145.49
  154.92
  134.73
  143.48
   63.94
   59.35
  150.31
  149.60
  130.85
  119.64
  123.52
   61.70
   66.77
   96.50
   93.33
   91.69
  126.49
  120.46
   91.80
   81.64
  107.49
   80.82
   66.43
   69.74
   51.56
   60.65
   44.26
   75.63
   44.00
  162.00
  143.71
  159.06
  159.99
  160.70
  160.81
  159.40
  145.72
  141.95
  147.36
   64.90
   59.47
   97.47
   94.75
  108.09
   94.52
  103.24
   58.16
   54.28
   57.34
   66.66
  154.33
  141.70
  149.74
  148.55
  185.48
  179.93
  182.64
  162.34
  196.92
  195.50
  180.18
  147.13
  178.51
  187.37
  184.65
  173.44
  159.76
   88.86
   81.07
  149.03
  180.04
  174.15
  222.66
  210.25
  228.89
  215.77
  219.94
  211.07
  170.50
  160.92
  173.81
  128.25
  122.13
  156.34
  172.96
  160.22
   95.46
   99.70
   95.34
  107.49
  149.03
  174.86
  173.33
  150.19
  147.25
   85.55
   95.94
  156.93
  142.52
  139.23
  160.58
  163.64
  121.05
   99.00
  133.09
  137.82
  139.46
  133.91
  128.02
  123.55
  139.23
  159.88
  170.01
  130.74
  134.28
  164.01
  101.12
   90.13
  154.69
  175.68
  150.67
  146.06
  145.35
   99.70
   96.65
  147.47
  163.64
  119.16
  162.34
  153.85
  114.46
  137.22
  132.27
  140.06
  154.33
  151.98
  147.96
   97.47
   84.72
  138.41
  144.42
  139.83
  145.83
  158.35
  124.00
  156.56
  160.47
  127.31
  146.77
  134.73
   93.93
  130.85
  120.94
  139.23
  132.86
  131.67
  127.20
  130.03
  133.91
  128.02
  147.02
  131.79
  121.05
  141.36
  152.80
  140.99
  139.46
  139.23
  150.67
   92.74
   91.92
  140.65
  127.20
  131.79
  142.07
  117.29
  139.46
  142.18
  123.77
  109.73
  116.33
  139.35
  116.10
  145.12
  153.14
  126.24
  125.53
  127.91
  139.94
  128.25
  132.75
  147.36
  145.83
  131.90
  152.80
  141.36
  145.94
  137.22
  137.22
  138.87
  151.38
  135.21
  103.72
  172.39
  170.50
  150.56
  144.64
  164.12
  172.39
  151.98
  165.17
  154.81
  182.05
  153.51
  163.30
  142.07
  138.87
  138.61
  149.26
  152.57
  172.73
  161.89
  148.89
  164.72
  137.45
  161.41
  132.15
  137.22
  125.42
  138.75
  128.84
  132.98
  139.46
   44.26
   49.07
   57.12
   48.03
  141.24
  146.31
  138.87
  128.84
  144.05
   76.23
   89.57
  137.56
  113.04
  130.26
  136.15
  111.37
   55.22
   43.78
   88.72
   80.93
   67.73
   76.68
   75.15
   25.60
   20.53
   39.30
   97.92
   38.71
   37.15
   32.93
   29.25
   28.32
  115.02
  127.17
  139.91
   54.40
   56.41
   50.86
   36.59
  160.92
  120.01
  138.75
    0.00
  127.20
  121.42
  123.77
  124.11
  123.55
  134.28
  116.58
  234.21
  236.22
  248.48
  174.52
  186.89
  207.19
  202.47
  220.98
  224.52
  218.52
  214.73
  213.91
  199.29
  220.98
  265.24
  271.36
  270.79
  271.95
  269.94
  263.94
  254.96
  244.94
  242.22
  239.99
  245.54
  239.50
  245.76
  235.40
  215.32
  230.90
  195.27
  220.87
  214.39
  201.76
  203.06
  196.80
  206.83
  209.06
  215.69
  187.71
  204.25
  191.96
  209.66
  199.29
  177.35
  199.15
  202.13
  203.03
  188.68
  189.01
  226.19
  211.56
  176.05
  167.89
  175.56
  187.12
  205.30
  207.79
  195.13
  208.36
  200.34
  182.87
  181.00
  184.29
  155.40
  229.59
  192.44
  210.37
  207.31
  227.02
  208.36
  141.95
  158.94
  160.44
  139.83
  149.74
  128.36
  124.37
   44.71
   58.47
  144.90
   81.89
   87.30
   96.87
   84.02
   53.92
   45.08
   69.04
   70.45
   70.20
   67.14
   67.85
   32.68
   12.63
   59.13
   57.12
   61.59
   56.63
   61.82
   66.06
   57.57
  123.06
  115.99
  133.68
  105.48
  120.57
  134.50
  117.88
  106.30
  114.80
  105.85
  120.01
  111.26
  110.01
  115.39
  112.08
   97.81
  120.23
  115.62
  106.56
  104.18
  100.30
   89.20
   96.28
   92.62
   70.08
   71.39
   36.81
   36.93
   27.84
   65.13
   90.50
   75.75
   86.48
   73.74
   78.47
   91.10
   88.72
  105.37
  112.56
  114.80
   77.98
   60.77
  144.64
  137.34
  129.07
  164.72
  234.21
  180.04
  180.75
  154.33
  165.54
  136.52
  151.27
  120.01
  118.45
  129.78
  130.37
  144.53
  140.51
  165.43
  159.74
   40.24
   53.21
  133.68
  118.93
   90.39
   86.03
   68.89
   65.02
   79.17
  104.18
  119.75
  114.80
  109.95
  105.85
   67.25
   62.67
   72.21
   84.36
  110.66
   96.39
   75.75
   75.97
   95.09
   94.04
  116.33
  102.31
   92.74
   73.03
   61.36
   60.17
  111.85
  117.29
  115.05
  128.50
   97.44
   74.33
   72.32
  124.48
  128.36
  156.93
  124.82
  126.72
   80.22
   85.77
  139.83
   87.44
   94.01
   95.09
   93.45
   71.39
   83.05
   89.68
  119.75
   96.16
  117.18
  102.31
  102.31
  109.25
  106.30
  116.81
  106.78
  113.98
  103.02
  124.11
  118.00
  105.37
  129.55
  120.35
  122.58
  122.70
  120.09
  100.75
   86.82
   94.38
   73.99
   88.04
   95.43
  121.54
  119.64
  115.76
  131.56
  117.63
  113.49
  114.57
  150.65
  135.58
  172.62
  144.42
  134.87
  111.51
  121.17
  143.48
  149.26
  180.29
  135.10
  134.17
  150.31
   83.65
   88.49
   69.23
   95.09
  131.08
  138.16
  117.88
  115.16
  122.47
  105.14
  158.46
  146.43
  125.53
  118.34
  115.39
  103.81
   90.50
  124.00
  117.74
   85.32
  115.16
   99.22
   56.15
   44.34
   82.12
   65.13
   67.37
   81.07
   84.36
   35.17
   43.78
   66.32
   63.23
   62.78
   81.89
   63.23
   64.19
   39.42
   63.23
   90.25
   69.86
   67.03
   69.15
   35.17
   38.00
   70.91
   81.89
   75.52
   79.17
   77.39
   29.25
   29.85
   92.62
   42.84
   34.46
   43.21
   30.44
   33.87
   37.04
   58.28
   73.62
   67.48
   75.75
   91.66
   27.72
   36.81
   66.40
   49.41
   86.25
   77.64
   63.37
   61.59
   70.48
  110.55
  121.54
  137.82
  180.41
  167.44
   64.79
   51.20
  107.49
  142.18
  147.62
  173.21
  149.60
  151.16
  102.65
  141.81
  173.10
  150.45
  134.02
   54.99
   48.51
   51.45
  192.92
  174.38
  181.23
   89.54
   67.37
   32.68
   67.03
  138.64
   75.41
   68.19
   90.50
   86.59
  117.54
   41.65
  153.28
   82.60
   75.86
  139.69
  159.88
  118.70
   56.29
  132.27
  130.74
  132.98
  120.83
  118.45
  114.20
  127.91
  131.33
  151.50
  147.84
  150.79
  191.37
   93.11
   99.70
  157.27
  175.93
  127.91
   96.99
  115.39
  150.56
  160.70
  182.76
   97.69
   99.11
  166.36
  140.54
  111.03
  112.33
  115.87
  138.75
  129.66
  129.44
   44.60
   44.83
   49.67
  148.66
   69.60
   68.19
  143.59
  142.66
  107.01
   94.04
  146.31
  113.38
  105.00
  107.26
   96.16
  101.46
  131.90
  166.47
  164.35
   95.57
   33.39
   48.37
   32.22
   40.46
   41.17
   39.76
   66.20
   43.07
   69.38
   42.14
   45.08
   51.08
   54.40
   52.50
   36.59
   39.30
   48.25
   39.39
   41.17
   49.21
   49.41
   55.44
   42.14
   44.71
   36.59
   38.34
   35.51
   35.06
   35.06
   44.71
   29.62
   35.62
   33.87
   25.49
    5.07
    0.00
    0.00
    0.00
    0.00
    0.00
    0.00
    0.00
    0.00
    0.00
   47.09
   31.38
   25.60
   22.88
   13.56
   12.86
    7.67
   14.64
   13.68
   25.60
   10.51
    0.59
   13.11
   22.31
   13.45
    5.32
   14.53
   33.16
   12.40
   29.96
   54.51
   26.67
   11.44
   29.96
    5.66
   32.79
   20.90
   19.48
   14.64
   27.50
   23.59
   28.43
   53.55
   48.03
   66.66
   42.70
   27.38
   77.05
   93.11
   91.55
   96.76
  101.83
  100.04
   78.58
   76.68
   31.74
   85.06
   70.57
   85.55
   76.31
   26.90
   79.66
  118.82
  102.17
  107.12
   95.57
   57.00
   55.70
   38.71
   58.87
   46.84
   51.45
   45.31
   66.66
   58.53
   80.59
   88.60
   97.10
  137.56
  151.27
   66.20
   56.86
  144.78
  170.01
  185.70
  198.44
  173.92
  154.69
  172.73
  171.80
  162.34
  160.92
  166.73
  156.11
  146.43
  150.79
  156.68
  160.08
  120.83
  173.44
  142.07
  135.10
  120.23
  143.11
  145.83
  144.08
  147.47
  134.02
   95.68
  107.49
  123.74
  123.29
  140.28
  163.05
  145.24
   77.39
  107.12
  119.75
  143.82
  140.65
  133.80
  132.86
  110.21
   99.70
  116.58
  167.30
  165.31
  167.98
  157.27
  101.01
  122.95
  169.08
  154.33
  153.85
  164.12
  184.06
  115.16
   74.22
  102.62
   86.37
   90.61
   97.92
  109.95
   76.80
  113.49
  125.08
  140.06
  123.06
  166.36
  105.71
  125.30
  121.76
  138.87
  126.60
  135.44
  132.86
  128.02
  127.79
  126.72
  143.37
  120.23
  123.89
  118.11
   55.33
   66.54
   65.13
   92.14
   94.15
   98.77
  122.84
  103.84
  109.25
  115.02
  123.55
  114.80
  105.48
   89.42
  102.05
   90.27
   43.55
   71.16
   80.00
   84.13
   86.03
   68.78
   73.48
   77.53
  117.51
  118.82
  130.26
  109.61
  127.31
  117.29
  127.79
  123.55
  122.47
  122.58
  125.42
  109.95
  104.55
   92.51
  107.38
   93.50
  107.12
   89.57
   90.61
   89.68
   66.91
  113.75
  111.74
  114.80
  125.19
   80.82
   72.92
   61.96
  113.15
  112.08
   98.17
   63.23
   38.60
   38.11
   45.42
   88.72
   93.33
   96.05
  128.13
  149.48
  159.99
  159.17
  155.97
  134.50
  116.69
  127.20
  131.56
  108.43
  105.48
  123.77
  139.69
  170.35
  136.15
  125.19
   96.42
   76.34
  108.20
  114.09
  122.98
  120.26
  115.62
   76.12
  123.89
  101.23
  123.18
  111.62
   65.50
   55.70
   26.28
   43.07
   54.06
   55.36
   70.79
   49.98
   65.64
   57.88
   43.52
   38.79
   74.44
   64.42
   72.43
   72.63
   83.70
   38.28
   65.84
  115.16
  119.30
  106.90
  120.12
  100.92
   87.87
  106.30
  118.82
  106.27
  117.49
  111.31
   63.60
   46.95
   76.68
   93.81
  103.55
   98.88
   39.13
   56.38
   29.85
   18.07
   25.09
    8.24
    8.01
   27.84
   26.19
    1.08
   20.42
   18.52
   20.76
   30.44
   21.12
   31.04
   33.50
   15.66
   20.64
   29.59
   27.27
   11.92
   20.05
   25.74
   57.40
   19.99
   36.08
   26.42
    0.00
    0.00
    0.00
    0.00
    1.19
    0.00
    0.00
    0.00
    0.54
    0.00
  105.57
  115.02
   38.40
   32.99
   49.02
    0.00
    0.00
   97.38
  116.89
    4.76
   57.09
    0.00
    0.00
    0.00
    0.00
    3.28
    0.00
    0.00
    0.00
    0.00
    0.00
    1.16
    0.00
   16.42
   28.97
   38.45
   35.20
   29.82
   73.60
  131.42
   92.71
  150.08
   94.38
   35.00
   24.81
   35.48
   59.41
   44.17
   32.93
    0.00
    0.00
    0.00
   93.59
   23.73
   16.25
    5.58
    0.00
    0.00
    0.00
   12.06
   14.30
   15.32
   14.33
    0.45
    0.00
    9.85
   61.93
   13.48
   33.30
   56.41
   92.65
   57.88
   16.51
   22.46
   19.91
   51.28
   60.20
   24.07
    8.55
   28.01
   22.71
   14.78
   44.03
   61.67
    6.14
    3.34
    3.51
   15.15
   10.05
   90.39
  110.12
  128.67
   15.32
    0.00
   23.16
   23.56
    4.13
   96.02
  131.39
  107.83
   83.05
   97.95
  115.39
  130.94
   34.55
   85.83
   26.42
   24.75
   73.09
   99.79
   84.84
   78.75
   98.63
   53.92
   27.86
   75.32
   60.34
   64.53
   76.77
   36.33
   29.62
    0.00
   53.32
   53.89
   60.09
  102.85
   70.71
   52.90
   52.07
   92.28
   93.96
  107.69
  115.45
  116.07
   57.00
   49.16
  116.18
  162.28
  125.50
   57.37
   79.29
   53.01
   68.10
   82.77
   73.57
  117.43
  121.76
  118.85
  122.78
   60.71
  130.80
  228.04
  210.68
  195.78
  198.53
  195.70
  173.02
  154.47
  203.06
  196.21
  172.99
  143.82
  163.10
  150.99
  175.59
  192.02
  188.02
  181.88
  172.14
  132.49
  156.56
  162.82
  137.42
  141.10
  151.10
  139.01
  114.00
   89.06
  154.21
  141.92
  130.68
  112.98
  148.41
  144.70
  140.79
  126.18
  118.59
  107.55
  121.17
  117.85
  126.41
  120.49
  134.02
  135.50
  137.85
  129.41
  136.32
  141.41
  138.98
  135.30
  151.55
  142.55
  140.82
  146.54
  151.75
  143.06
  142.66
  138.64
  151.38
  157.98
  157.47
  151.10
  150.14
  153.02
  155.66
  142.83
  146.06
  154.75
  140.54
  139.04
  136.01
  144.50
  144.59
  147.59
  148.75
  144.95
  130.03
  138.16
  149.26
  142.04
  144.73
  143.09
  143.59
  141.53
  143.68
  146.62
  126.18
  137.45
  135.04
   68.89
   75.29
  104.21
  122.70
  102.54
   97.64
  109.10
   36.05
   39.84
  108.37
   98.49
  106.56
  110.89
  123.52
  123.69
  121.25
  135.21
   92.31
   95.12
  122.36
   87.47
    9.68
    0.00
    0.00
    3.74
    0.00
    0.00
    0.00
    0.00
    0.00
    0.00
    0.00
    0.00
    0.00
    0.00
    0.00
   12.12
   57.37
   15.40
   17.10
   59.30
    0.00
    0.00
    0.00
    0.42
   93.50
   25.63
    0.34
    0.00
    0.20
    0.00
    5.66
   52.24
   69.69
   69.74
   69.77
   56.07
   17.44
   33.02
   39.84
   98.00
   92.65
    0.34
    0.00
    0.00
   17.05
  108.26
  131.14
    0.31
    0.00
    0.00
    0.00
    0.00
    0.00
    0.76
    0.00
    0.00
    0.00
    0.00
    0.00
    0.48
   11.04
    0.00
    0.00
    0.00
    0.00
    0.00
    0.00
    0.00
    0.00
    5.55
    0.00
    0.00
    0.00
    7.28
    0.00
    0.00
   97.47
   41.85
    0.00
   48.56
   69.04
    0.00
    0.00
    0.03
   16.99
   12.54
    0.00
    0.00
    0.00
    0.00
    0.00
    0.00
    0.00
    8.98
    0.00
   57.45
   81.01
   80.90
    0.00
    0.00
  109.19
   93.59
  101.91
  111.26
  121.65
   17.90
   54.17
  127.57
  131.42
  122.36
  105.88
   63.09
    0.00
    0.00
   48.82
   29.62
   68.61
  113.89
   92.23
    4.39
    0.00
   11.69
   30.53
    0.00
    6.77
    7.31
    0.00
    0.00
    8.01
   58.33
    0.00
    0.00
   18.12
    0.00
    7.14
    0.00
    0.00
    0.74
    0.00
    0.00
    0.00
    0.00
   53.24
   54.51
   41.48
   35.28
    0.00
    0.00
    0.00
    0.00
    0.06
   20.42
   10.17
    0.00
    0.00
    0.00
    0.00
    0.00
    0.00
    0.00
    0.00
    0.00
    0.00
    0.00
   14.24
   14.07
   14.50
   15.66
   15.23
   15.52
   15.06
   22.46
   22.12
   18.69
   17.13
   19.74
   17.13
   18.60
   18.29
   23.50
   19.91
   21.35
   19.31
   17.70
   24.38
   21.89
   25.43
   27.24
   27.95
   26.70
   18.66
   16.37
   25.03
   21.66
   21.83
   19.74
    3.45
    0.00
   69.32
   56.58
   41.91
   33.33
   31.35
   31.63
   30.98
   30.10
   26.87
   27.21
   29.87
   23.13
    6.26
   13.08
   26.33
   55.02
   57.74
   54.00
   15.83
   21.66
    4.90
   22.77
   36.30
   40.89
   70.48
   69.32
   21.18
   23.45
   69.66
   65.33
   49.07
   66.83
   34.55
   38.17
   38.34
   45.96
   41.34
   42.02
   42.50
   21.63
   27.89
   30.81
   41.37
   42.79
   35.79
   37.46
   37.24
   27.16
   30.61
   30.30
   29.65
   33.41
   29.85
   32.37
   28.35
   28.91
   95.00
   85.49
   86.45
   83.05
   75.27
   76.65
   80.19
  120.46
  131.16
  133.88
  133.74
  115.48
   41.34
   26.99
  131.62
  124.40
  113.92
  100.78
  110.52
   95.57
   65.50
   82.91
  162.43
  120.52
  155.94
  126.69
  123.63
  108.60
  110.69
  123.15
  121.48
  129.32
  115.70
   68.56
   49.24
   45.93
   63.03
  130.14
   79.83
  147.67
  123.72
  133.06
  157.33
  163.19
  177.89
  149.51
  153.79
   52.95
   52.67
   88.58
   95.77
   66.94
  114.46
  100.89
   69.89
   97.04
   95.63
   88.77
   63.23
  124.99
  122.02
   42.22
   39.02
   91.32
   82.03
  109.93
  105.99
   89.62
   67.73
   33.64
   89.88
  102.76
   95.31
   94.83
  104.18
   46.04
   37.89
   93.33
  137.25
   73.45
   97.58
   67.82
   36.08
   68.50
  101.54
   85.66
  110.55
  121.68
  140.42
  100.16
   84.44
  132.21
  115.19
   97.47
  108.31
  130.48
   46.07
   66.52
  130.60
   91.94
  143.82
  130.85
  147.19
   87.33
   82.52
  143.03
  143.85
  119.16
  175.59
   98.97
   40.12
   42.50
   78.86
  131.33
  123.29
   94.66
   38.06
   51.85
   23.87
   85.01
   49.67
   25.46
   40.12
   15.26
   37.83
   42.14
   98.09
   80.96
  140.54
  118.79
  140.03
   78.07
  129.27
   65.07
   51.48
   45.82
  129.21
    0.00
    0.00
    0.00
  131.22
  136.83
  120.63
  130.09
  120.88
  134.56
   84.78
  123.26
  128.22
  142.69
  116.04
   47.43
   74.59
  128.90
  134.76
   42.96
   82.37
  171.97
  187.32
   92.54
  107.46
  100.84
  106.02
   40.72
   32.34
   52.02
   35.82
   44.15
   57.31
   70.62
   84.81
   77.39
  114.32
  101.23
   50.63
   42.65
   25.71
   12.71
   47.46
   93.50
  150.96
  179.73
  171.32
  154.04
  163.61
  194.93
  156.59
  189.67
  196.12
  132.75
  141.81
  156.76
  158.97
   69.06
   36.02
   39.47
   47.94
   74.36
   39.87
   31.35
   47.09
    0.00
   38.45
   62.01
   49.95
   45.22
   40.86
   58.67
   39.81
   33.16
   49.07
   38.79
   96.36
   85.89
   78.07
   47.49
  100.75
  112.84
  103.53
   24.21
   34.80
   30.98
   40.41
   43.27
   46.07
   33.64
   48.59
    0.00
    0.00
    0.00
    0.00
    7.70
    0.00
    0.00
   10.00
    9.97
    3.17
   15.89
    0.00
   10.36
   19.14
   13.31
    0.00
    0.00
    8.21
   44.15
   42.65
   50.09
   38.99
   58.16
    0.00
    0.00
   47.52
   36.76
   45.36
    0.00
    0.00
    0.00
    4.47
   73.68
   96.73
  120.35
  126.41
  108.06
  108.20
   82.54
  115.22
   77.28
    0.68
    1.44
   14.67
    0.00
    0.00
    4.59
    6.23
   26.96
   64.73
    9.97
    0.00
    9.88
   12.91
   12.97
   84.81
   13.96
    0.00
    0.00
    0.00
    0.00
   19.65
    0.28
   27.50
   41.00
    2.97
    0.00
    0.00
   29.65
   71.10
   54.54
   49.89
   53.41
    4.30
   61.82
   62.30
   88.97
  124.59
   43.04
   56.61
   72.89
   97.64
   70.85
   81.92
   45.96
   35.59
   66.88
   50.60
   65.98
   71.47
   44.20
   70.48
   73.28
   14.92
   36.10
   61.28
   35.23
   30.47
   55.67
   56.78
   57.34
   71.84
   59.01
   83.00
   77.08
   47.32
   57.23
   57.77
   64.51
  130.51
   71.19
   75.04
   70.17
    4.36
    9.00
   77.39
  108.14
   60.37
   30.50
   56.12
   37.18
    9.40
    9.06
  104.04
   96.56
   87.47
   61.79
   76.51
   20.08
    5.80
  168.46
  114.09
   95.57
  118.70
  117.57
  108.51
    0.00
   70.62
  104.72
  156.85
  114.20
  141.67
  128.42
  113.78
  131.73
   94.72
   73.94
   59.86
   78.41
   58.36
   87.27
  125.67
  143.96
   93.36
   96.28
   97.75
   78.89
   67.03
  138.55
  132.86
  127.34
  132.64
  127.71
   75.01
  131.45
   86.56
   85.74
  114.63
  142.01
  104.57
   51.00
   67.85
   74.02
   93.50
  115.84
  105.31
  125.10
   35.74
   80.19
  115.36
  162.88
  148.83
   82.86
   64.25
   57.06
   55.19
  119.87
  102.88
  150.93
  128.30
  124.17
   84.21
    7.67
   22.91
   38.60
  140.03
   34.43
   68.58
   44.37
   34.38
  113.98
  151.21
  183.66
  150.59
  164.46
  122.24
   89.99
   97.98
   63.51
   93.33
  134.22
  142.46
   69.60
    3.11
  137.68
  162.37
  112.73
  174.06
  126.80
   92.54
    0.00
  159.08
  108.51
  226.34
  183.55
  166.64
   54.79
   94.47
  179.39
  175.51
  121.03
  151.30
  144.05
  150.79
  150.14
  135.16
  169.67
  126.49
  146.65
    2.75
    0.00
    5.27
  110.78
  134.08
  166.53
  147.98
  110.04
   84.55
   79.80
  178.14
  172.08
  170.55
  165.74
  189.18
  166.08
  169.31
  183.01
  175.71
  188.42
  149.77
  160.50
  152.00
  157.41
  216.51
  176.84
  136.86
  198.02
  170.33
  185.99
  112.64
  177.15
  199.75
  185.05
  187.57
  185.33
  110.01
  113.61
  186.47
  183.27
  180.66
  180.46
  190.03
  168.03
  168.29
  196.75
  182.25
  176.78
  192.30
  194.68
  186.55
  189.44
  169.31
  181.34
   72.77
  170.95
  206.80
  176.75
  103.24
  184.63
  200.85
  163.22
  114.57
  116.92
  111.68
  119.92
  146.03
  177.04
  182.16
  139.60
  152.20
  170.61
  118.45
  137.65
  152.57
  172.68
  180.80
  191.79
  210.93
  114.65
  217.11
  123.60
  153.00
  169.33
   11.75
    5.24
    4.33
   27.61
    0.11
   74.33
  106.58
  174.83
  160.95
   38.62
  166.05
  165.48
   96.73
   77.98
   89.54
    4.50
   31.38
  166.28
  196.49
  189.10
  187.23
  191.25
   11.10
   11.19
  157.78
  195.22
  192.13
  190.49
  174.74
  174.86
  195.44
  173.36
  179.44
  164.35
  169.76
  166.39
  191.08
  170.38
  187.94
  189.50
  216.17
  202.64
  181.99
  111.99
   97.21
  117.83
  124.17
  111.54
  119.33
    0.00
    3.57
    2.61
  126.12
  126.94
   53.92
  165.12
  158.46
  176.87
  163.90
  209.91
  107.26
    4.13
    1.93
    0.00
    9.06
    0.00
   29.05
    0.28
   14.36
    0.00
    0.00
    2.58
    0.00
    0.00
    0.00
    5.10
   24.75
   11.10
   17.90
    0.00
    4.33
   23.47
    0.00
   15.60
    0.00
    0.00
    0.00
    8.10
    1.50
   18.09
   13.88
   28.88
   13.48
   11.21
    0.00
    0.00
  378.51
  732.19
  566.85
  401.28
  400.29
  399.10
  397.48
  330.68
  261.65
  257.00
  152.00
  136.49
  184.26
  169.19
  165.94
  166.08
  182.28
  203.85
   65.02
  148.86
  212.32
  171.57
  192.75
  177.72
   27.21
   30.87
  158.23
  152.15
  163.67
  149.85
  127.85
  152.60
  128.13
  186.89
  166.79
  160.78
  147.13
  146.82
  103.24
  122.67
  152.26
  131.59
  172.73
  201.70
  185.87
  110.07
  123.94
  133.32
  133.06
  142.26
   69.46
   98.00
   65.81
   39.28
  114.94
   77.87
  161.52
  187.94
  154.95
  162.74
  172.70
  179.39
  165.34
  193.72
  208.47
  221.27
   49.27
   46.84
  156.28
  150.19
  149.03
  155.52
  160.39
   91.66
  104.18
  152.60
  124.48
  102.51
  102.03
  113.15
  101.74
  119.70
  166.19
  153.99
  149.37
  164.41
  152.20
  107.52
  112.96
  129.55
  137.05
  124.14
  135.01
  137.42
  104.18
  114.74
  146.74
  148.92
  152.00
  129.29
  152.97
  120.37
  123.38
  152.12
  152.17
  160.39
  166.96
  137.65
  148.61
  130.54
  151.64
  140.39
  146.26
  139.77
  152.03
   99.93
   71.19
  108.45
  157.61
  144.84
  143.59
  116.47
   99.02
   73.68
  136.23
  125.10
  131.70
  132.41
  131.70
   56.18
   59.44
  130.65
  132.92
  134.76
  132.10
   91.49
   95.91
   85.97
  105.76
  102.03
  102.85
  107.97
  102.17
  123.97
   52.02
   89.23
   98.57
   31.49
  106.10
   81.78
   81.35
   76.71
  105.31
  192.89
  163.93
  174.54
  119.33
  137.85
   94.55
  184.57
  160.27
  132.44
  140.28
  126.63
  107.29
  142.66
  122.67
  137.59
  103.92
  134.79
  129.63
   90.87
   33.75
  145.15
  158.94
  151.47
  178.20
  180.60
   20.19
  107.26
  179.90
  144.73
  155.18
  130.57
  115.25
    4.70
   28.66
  137.08
  128.22
  100.81
  148.55
  168.91
  127.48
   14.19
  117.80
  107.83
   37.27
  149.09
   30.02
  151.30
   86.99
  148.10
  136.35
  165.80
   74.53
  140.90
  126.49
  103.05
  141.75
   97.69
  155.18
  125.76
  135.10
  234.04
  202.52
  172.51
  145.86
  179.50
  182.19
  179.61
  177.35
  177.72
  156.37
  189.92
  181.74
  190.06
  185.70
  107.97
  137.03
  181.00
  140.11
  177.38
  153.39
  174.83
  200.37
  137.03
  163.93
  176.24
  102.03
   58.76
  121.99
  102.17
    9.66
  169.79
  190.88
  195.84
  193.12
  185.70
  197.51
  157.44
  160.08
  131.39
  148.78
  122.16
  134.08
  106.95
  107.49
  120.54
  104.55
  132.66
  146.28
  153.34
  157.24
  140.00
  141.27
  149.91
  158.38
  148.64
  131.19
  157.02
  149.57
  152.94
  125.78
   88.43
   48.62
   42.53
  115.48
  108.40
  122.58
  142.92
  124.99
  125.19
  112.59
  119.50
  125.05
  119.10
  113.95
  117.18
  121.45
  105.59
   80.76
   75.04
   67.73
   62.16
   59.92
   88.66
   84.61
   78.81
  131.56
  149.29
   56.80
  101.86
  103.21
  106.53
  120.12
  140.37
  134.05
  116.61
  114.77
  112.05
   78.27
   51.42
   34.32
   42.73
   64.22
   78.98
   80.48
   31.35
   74.59
   86.93
  134.56
  100.92
  122.13
   51.42
   22.46
   48.37
   33.70
   20.47
   79.32
  179.13
   85.69
   32.31
    6.85
    0.59
   43.52
    2.66
   24.95
    2.24
    1.70
    1.13
    3.77
    2.49
    1.64
    2.32
    2.07
    3.94
    0.00
    0.00
    0.00
    0.00
    0.00
    0.00
    0.00
    0.28
    2.07
    5.49
    0.00
    0.03
    0.11
    0.00
    0.00
    0.00
    0.00
    0.00
    0.09
    0.00
   37.63
   15.18
    0.00
    0.00
    0.00
   40.63
   46.61
   15.21
    3.09
    0.00
   20.22
   44.20
   39.11
   35.28
   49.84
   41.26
    0.79
    4.50
   60.26
   33.58
   36.39
   20.42
   16.65
    2.78
   45.82
    1.33
    5.01
    0.03
    0.00
    0.00
   40.89
   27.04
   12.77
   25.00
   24.44
   24.78
    9.60
    8.64
   23.73
   26.70
   74.42
   46.04
    0.20
    2.24
   35.88
    5.32
   14.05
   18.35
   57.23
   34.86
    8.01
    3.03
   21.72
   18.21
   21.04
   10.53
   73.20
   27.95
   18.94
   63.74
   57.14
   88.72
   99.45
   66.94
   45.19
   37.63
  101.32
  118.34
  123.04
   82.35
   85.21
   25.85
   42.67
   32.42
   89.17
   88.80
   91.77
   65.24
   12.71
   39.59
   68.58
   44.15
   66.23
  111.48
  111.51
  113.92
   50.91
  107.80
  157.33
  137.51
  100.04
  143.34
  108.91
   68.13
  166.25
  164.58
  145.55
   92.00
   78.52
  101.69
   38.14
   43.72
  119.95
  148.58
  148.52
  130.03
   41.71
   13.25
  122.47
  136.94
   27.16
  129.04
  139.18
   52.50
    3.88
  125.92
  130.31
  109.10
   70.17
   45.19
  132.30
  175.56
  207.51
  116.52
  147.59
  160.58
  202.83
  181.09
  159.51
  233.59
  223.79
  198.87
  228.09
  324.74
  529.64
  562.57
  555.35
  495.83
  443.30
  527.34
  364.64
  207.76
  196.60
  186.44
  170.18
  206.85
  196.38
  200.12
  195.27
  199.44
  199.46
  190.88
  192.84
  137.48
  152.66
  134.02
  117.37
   94.95
   13.88
   54.74
   42.08
   41.48
   85.86
  148.86
  155.46
  128.98
  149.88
  151.55
  152.34
  151.10
  162.96
  171.57
  200.82
  197.62
  181.20
  194.03
  184.99
  216.31
  187.54
  200.26
  200.62
  185.19
  198.76
  187.12
  210.45
  212.74
  193.12
  218.63
  223.99
  217.64
  221.30
  227.16
  205.47
  232.25
  232.20
  242.45
  214.19
  163.87
  171.23
  163.95
  174.26
  201.30
  214.27
  191.48
  189.58
  192.07
  193.43
  195.13
  237.72
  184.09
  210.88
  272.18
  271.11
  268.61
  269.21
  265.98
  274.50
  276.03
  275.38
  256.13
  266.69
  272.10
  270.88
  276.54
  273.09
  237.97
  252.50
  258.87
  236.62
  249.39
  242.99
  241.23
  208.24
  245.28
  229.85
  202.30
  198.42
  191.03
  187.57
  193.23
  213.20
  202.38
  177.46
  175.37
  165.23
  158.69
   80.62
   70.00
  186.30
  187.12
  177.21
  182.02
  168.40
   62.52
  115.76
  195.07
  185.53
  198.22
  107.80
  116.58
  121.05
  161.35
  234.86
  212.06
   56.66
  117.34
  105.42
  148.13
  122.19
   78.47
   64.22
   70.03
   85.72
  116.69
   35.31
   28.83
   38.79
   31.46
   38.43
   60.99
   56.10
   26.19
   43.86
   84.36
   61.93
   79.63
   78.18
   81.21
   93.19
   83.19
  100.44
  104.80
  111.60
  156.20
  200.34
  188.36
  162.77
  178.59
  211.95
  189.84
  182.93
  200.91
  134.22
   93.02
  114.68
  141.05
  203.23
  183.24
  150.31
   36.95
   25.88
  162.03
  131.14
  162.51
  159.68
   25.71
   34.57
   27.61
   73.96
   53.55
   21.75
  123.26
   69.29
   22.14
   24.69
   39.42
   27.50
   23.93
   22.63
   31.69
   80.87
   21.21
   86.51
   84.58
   87.19
  153.51
  134.99
  111.71
  114.40
   89.40
   49.24
   69.86
   65.50
   97.92
   26.39
   16.62
   43.27
   40.83
   33.61
   34.63
   22.14
   22.09
   16.93
   15.63
   16.40
   12.12
   15.21
   20.67
   16.68
   20.56
   10.42
   24.95
    9.51
   14.10
   30.53
   11.36
    2.38
   32.96
   14.81
   18.09
   14.98
   18.46
   12.37
    0.85
    0.00
   26.48
   25.34
   34.24
   25.43
   76.17
  102.59
   90.56
  109.44
   92.20
  150.87
  177.72
   94.80
   89.93
  127.74
  115.08
   93.11
    1.84
  170.44
  166.50
  163.90
   55.61
  119.92
  103.64
  110.18
  166.81
  160.78
  218.66
  127.91
  235.94
  219.94
  216.11
  204.08
  204.22
  188.73
  124.28
  183.07
  207.34
  229.96
  208.87
  135.24
  150.02
  111.74
  111.91
  112.25
  131.39
  127.62
  100.72
  131.25
   54.71
   88.55
  141.22
  134.67
  206.20
  214.78
  224.47
  237.44
  252.42
  248.11
  252.16
  240.16
  247.80
  240.13
  177.43
  178.06
  154.98
  203.82
  226.56
  203.63
  223.42
  109.33
  138.53
  117.03
  148.61
  157.38
  103.05
  171.20
  150.99
  132.55
  150.02
  165.29
  164.55
   77.67
   66.03
  143.71
  130.97
  124.06
  186.24
  172.59
  103.05
  134.93
  125.10
  117.03
   91.83
  105.00
   98.00
  159.34
   75.24
  126.24
   38.99
  165.80
  174.09
  194.23
   76.06
   86.25
  130.94
  117.54
  164.58
  195.22
  206.66
  210.62
  221.38
  199.55
  185.36
  156.96
  148.27
  146.45
  140.93
  145.46
  131.19
  128.02
  110.07
  129.89
  123.01
   73.40
   61.93
  142.63
  203.37
  187.66
  180.89
  182.81
  200.17
  160.36
  156.76
  153.34
  172.76
  127.94
  143.14
  150.02
  149.85
  162.45
  125.42
  141.73
  118.59
  103.36
    0.00
   67.03
  122.56
  117.74
  100.98
  138.36
  134.00
  110.95
   41.54
  123.74
  156.48
  129.63
  137.31
  150.28
   60.15
   38.26
  118.85
  169.82
  121.88
  158.97
  108.85
   70.40
   97.52
  117.91
  133.88
  169.50
  145.66
  123.21
   41.71
    1.78
   58.90
  154.89
  124.85
   63.77
   50.01
    3.54
    0.00
   80.87
  150.22
  132.78
  213.11
  210.25
  152.85
   22.40
  143.17
  136.43
  153.96
   10.90
    0.00
    0.00
    9.09
   75.63
   92.17
  192.38
  163.67
  166.98
    3.71
    0.00
  118.02
  249.87
  180.72
  169.56
  189.18
  225.26
   75.18
  141.53
  116.01
  143.48
  115.65
  152.06
  112.76
   63.32
  148.83
  192.10
  174.06
  161.86
   93.90
    0.06
    0.00
   83.42
  163.19
   70.54
   27.44
  115.73
   28.85
   78.49
  130.94
  140.73
  218.21
  180.04
  155.01
  185.39
    0.17
  119.95
  153.56
   32.17
  107.94
   95.71
  100.21
   28.54
  205.89
  134.84
  172.28
  176.05
  188.82
  210.34
  219.09
  197.09
  195.30
  220.14
  221.44
  206.83
  140.90
  123.94
  195.36
  217.30
  192.38
   76.26
  147.79
   93.87
  140.71
  137.87
  152.60
  133.37
  105.28
  130.80
   92.17
  103.07
  228.55
  222.32
   50.18
   34.57
   31.29
  143.51
  147.42
  147.45
  152.20
   23.47
  119.55
    0.00
    0.00
   29.14
  105.62
   97.66
  118.05
  178.28
  153.08
  136.54
    0.00
   61.59
  216.91
   68.84
    0.00
    0.00
    0.00
   23.79
   31.66
  108.68
  110.78
   62.89
   73.51
    0.00
    0.00
    0.00
   44.46
    0.62
    9.23
    0.00
    0.00
    0.00
    7.67
    0.00
    9.63
    0.00
    0.00
    0.00
    0.00
    0.00
    0.00
    0.00
    0.00
    0.00
    0.00
    0.00
    6.40
    5.38
    0.00
    0.00
    0.00
    0.00
    0.00
    0.00
    0.00
    0.00
    0.00
    0.00
    0.00
    6.57
    7.45
   15.49
    0.00
    0.00
    0.45
    0.00
    0.00
    0.00
    0.25
    0.00
    0.00
    0.00
    0.00
    0.00
   19.34
   17.95
   16.25
   12.91
   10.14
   15.32
    0.00
   10.79
   10.82
    7.76
   12.01
   12.37
   12.49
   17.95
   29.14
   13.76
   29.05
    9.63
   23.93
    7.36
    4.81
    9.83
   14.07
   14.27
   17.92
   22.96
   10.76
    8.38
   27.89
   30.19
   22.48
   22.85
   22.77
   19.37
   20.76
   29.62
   23.64
   26.02
   24.83
   24.55
   21.18
    6.74
   32.14
   16.37
   47.03
   45.99
   15.55
   38.45
   15.83
   53.32
   68.67
   67.31
   74.13
   57.26
   87.90
  118.56
   51.96
   30.50
   41.77
   59.95
  107.07
   38.79
   78.13
   11.75
   61.31
   54.93
   92.03
  106.47
   78.38
   28.32
   67.65
  136.86
   80.39
  111.09
   63.57
   40.66
   38.94
   65.58
   62.78
   74.84
   70.74
   59.78
   29.79
   19.28
  108.91
  110.86
  114.29
   86.28
   83.42
   54.65
   61.14
   82.57
   77.22
   80.39
   74.33
   75.01
   38.48
   59.07
   90.87
   56.78
   57.68
   62.55
   65.36
   70.76
   93.02
   78.58
   95.88
  102.22
   96.67
   99.22
   49.89
   52.44
   73.74
   74.98
   64.00
   65.50
   79.37
   59.21
   55.19
   46.27
  100.84
   79.60
  165.97
   56.75
   62.72
   92.71
  145.78
  151.21
  164.12
  155.20
  163.59
   90.05
   96.16
   88.18
   36.05
   36.33
   40.32
   53.32
   52.64
   68.67
   73.00
   83.99
   86.20
   85.52
   64.34
   85.40
   76.97
  145.29
   32.68
  143.57
  160.22
  152.85
   98.60
   99.19
  116.24
  154.30
  169.02
  137.42
  114.91
  134.11
    7.02
  123.91
  121.28
  136.09
  142.66
  169.53
   87.73
  107.35
  192.41
  180.72
  181.37
  182.02
  161.75
  118.70
  106.39
  172.08
  140.28
  158.09
  194.82
  202.72
  136.49
  112.62
  178.96
  137.59
  113.69
  131.39
  130.40
  110.38
  109.95
  141.50
  152.23
  123.91
  105.59
  168.43
  196.24
  193.12
  200.03
  189.78
  205.07
  199.75
  193.43
  113.01
  122.16
  191.45
  186.27
  188.84
  194.08
  197.09
  141.64
  140.45
  192.55
  141.10
  149.57
  167.15
  157.92
  188.68
   89.51
   85.66
   42.33
   45.59
   51.56
   45.05
   68.24
   43.07
   74.73
   75.49
   87.44
   89.00
   27.01
   59.04
   40.44
   46.92
  167.47
   88.21
   69.52
   60.40
   45.05
   30.16
   29.22
  204.53
  212.91
  193.09
  207.87
  161.24
  151.64
  197.79
  195.81
  201.47
  185.28
  189.69
  151.35
  158.83
  190.43
  195.41
  197.11
  158.94
  230.98
   72.97
   77.84
  155.35
  143.99
  149.37
  145.72
  136.74
   85.66
   91.89
  164.10
  131.19
  160.13
  146.82
   85.60
   66.37
  111.31
  133.23
  116.04
   82.43
   97.55
  136.77
   65.38
   31.01
   60.80
   75.41
   73.51
   91.97
  122.92
   33.27
   33.24
   46.41
   45.68
   40.10
   47.54
   46.84
   37.15
   26.48
   37.15
   33.50
   29.90
    0.00
   13.59
   12.12
   13.37
   28.20
   26.59
   31.23
   35.74
   22.60
   29.36
   25.20
   30.33
   33.27
   36.87
   27.64
   28.94
   30.61
   33.22
   26.76
   25.34
   30.61
   24.15
   22.40
   32.68
   25.74
   26.25
   26.59
   26.16
   29.05
   25.49
   22.29
   58.28
   59.61
   69.80
   65.27
   57.34
   39.73
   27.78
   38.26
   39.98
   50.15
   41.97
   44.37
    0.00
    0.00
    0.00
   39.76
   41.20
   31.97
   25.15
    0.00
    0.00
    0.00
    0.03
    0.00
    0.00
    0.00
    0.00
    0.00
    0.00
    0.00
    2.49
   12.29
    6.48
   14.44
   10.08
    0.00
    9.57
   18.86
   19.37
   11.95
    9.17
   25.57
   30.21
   15.49
   12.91
   28.49
   24.21
   25.43
   13.08
   23.67
   56.89
   48.11
   14.38
   18.63
   41.23
   26.59
   31.46
   29.00
   28.97
   36.93
   55.70
   91.04
   87.56
   80.02
   92.09
   66.01
   69.26
  168.66
  159.57
  108.82
  102.71
  115.93
  128.05
  135.27
   96.19
   87.53
   80.22
   82.15
  129.72
   44.40
  134.02
  129.61
  120.80
   74.95
   51.71
  105.40
  106.05
   51.40
   54.65
   58.70
   47.80
   42.73
   75.92
   72.75
   76.17
   70.51
   65.53
   25.99
   43.35
   55.53
   70.48
   88.26
   61.53
   39.28
   40.01
   35.40
   42.93
   39.16
   41.88
   46.58
   47.49
   36.25
   42.39
   65.72
   59.15
   55.39
   64.51
   52.67
   24.89
   36.27
   74.02
   71.95
   72.72
   61.19
   84.21
   69.91
   67.76
  143.20
  162.14
  206.54
  194.51
  154.72
  115.99
  111.74
  142.15
  124.00
  125.90
  117.26
  135.41
   57.57
   48.99
  123.74
  126.32
  133.49
  136.52
  137.08
   54.09
   59.38
  125.13
  134.48
  126.35
  206.29
  195.41
   40.61
   77.84
  106.67
   74.81
   72.29
   68.98
   78.04
   43.58
   25.09
   48.22
   44.23
   43.66
   49.38
   32.54
   27.84
   25.46
   27.58
   30.78
   19.00
   44.46
   25.82
   29.25
   38.60
   31.18
   24.64
   47.57
   26.79
   27.69
   31.49
   38.03
   21.86
   26.62
   41.43
   35.99
   33.27
   38.23
   21.04
   85.15
   65.70
   60.40
   71.95
   76.91
   10.59
   72.60
   53.86
   61.87
   60.57
   59.89
   31.49
   17.70
   16.54
   52.27
   27.50
   36.25
   41.99
   25.57
   48.25
   39.76
   37.35
   21.83
   26.33
   26.25
   19.26
    0.00
    0.00
   13.28
    7.56
    9.74
    8.52
   13.56
   20.87
   10.65
   12.52
   11.44
   10.85
   12.97
   10.79
    0.00
    0.00
   10.68
    7.90
   10.00
    0.00
    0.00
    0.00
    0.00
    9.85
    6.65
   13.20
   10.51
    9.00
    0.00
    0.00
   11.67
   41.23
   31.12
   26.08
   31.29
    7.59
    9.57
    7.11
    8.38
    7.96
    8.27
   10.51
    5.72
   13.42
    7.84
    7.02
    6.63
    6.09
    7.53
    5.86
   11.10
    9.57
    8.75
   79.83
   71.36
   55.53
   42.50
   42.79
   26.62
   41.54
  151.75
  143.17
   42.90
   34.55
   41.85
   44.88
   32.65
   43.10
  126.32
  155.20
   49.19
   47.83
   83.96
   88.83
   88.26
   94.04
  131.98
   96.08
  100.67
  129.35
  111.96
  108.00
  140.79
  118.56
   61.79
   55.95
   61.08
   76.68
   64.36
   61.16
   38.91
   31.01
   61.56
  138.72
  141.98
   77.19
  102.73
   89.17
   54.17
   62.16
  170.78
  196.35
  193.80
  206.83
  149.68
   48.48
    6.57
   60.34
  157.64
  128.81
  164.95
  134.50
   91.35
   80.87
  119.24
  106.73
  132.01
  125.81
  126.75
   93.25
   88.60
   26.93
   25.80
   27.75
   28.03
   31.06
   28.68
   89.54
   90.02
   92.99
  105.20
  129.58
  136.83
   42.70
   64.45
   94.30
   62.24
   64.17
   68.44
   70.34
   55.27
   59.66
  105.06
  101.03
   88.60
   90.84
   93.02
   79.03
   67.76
   75.86
   75.44
   84.70
   65.86
   46.69
   50.01
   46.81
   48.20
   46.52
   44.12
   41.99
   44.03
   23.73
   23.08
   82.37
   91.10
   50.15
   58.76
   51.51
   50.40
   36.16
   49.38
   45.51
   56.66
   51.93
  101.03
   16.71
   15.32
   22.85
    1.93
   34.21
    0.00
   25.66
    7.11
    1.73
   42.73
   16.34
   20.02
   27.38
   13.54
    6.82
    6.88
    3.82
   24.72
   22.94
   38.34
   22.60
    5.69
    3.68
   52.75
   11.55
   20.33
    4.33
   16.79
   14.10
   26.33
   26.53
   24.47
   43.35
   15.04
   35.93
   14.78
   35.03
   54.79
   65.02
   40.46
   19.82
   21.55
   30.72
   33.95
   59.69
   67.62
   75.04
   70.25
   51.25
   61.33
   54.31
   41.43
   47.09
   44.88
   44.80
   48.28
   50.09
   44.85
   44.83
   47.40
   46.04
   51.11
   45.93
   60.57
   60.43
   55.25
   60.68
   58.42
   53.80
   50.97
   50.06
   52.81
   59.21
   51.42
   43.21
   65.47
   60.06
   51.00
   57.17
   44.37
   38.28
   46.86
   46.30
   43.69
   40.12
   43.07
   33.90
   39.13
   51.85
   67.56
   62.41
   55.78
   63.26
   58.19
   28.09
  113.58
  120.69
  108.34
   85.91
   79.17
   86.96
   88.63
  102.99
  103.21
  108.00
  108.26
   58.02
  137.37
  154.95
  153.31
  178.11
  179.73
   98.68
  105.88
  132.81
  143.20
  127.34
  138.41
  132.66
   97.78
  101.29
  119.58
  121.82
   91.86
  138.47
  138.95
  113.41
  115.16
  136.97
   49.92
   81.86
   84.75
   90.19
   40.27
   48.08
   52.92
   51.00
   55.39
   60.29
   52.07
   45.87
   46.58
   21.66
   43.83
   30.30
   32.85
   32.51
   37.46
   33.05
   62.44
   55.50
   57.68
   55.93
   55.25
   57.57
   57.20
  112.73
  110.10
  113.64
  113.69
  116.61
   52.90
   56.72
   96.65
  102.14
   98.37
  105.51
   78.21
   39.19
   43.47
   68.39
   66.37
   61.50
   64.19
   72.69
   41.00
   30.47
   71.19
   55.84
   61.96
   91.35
   88.32
   35.74
   35.00
   54.09
   59.15
   51.06
   52.22
   59.07
   44.40
   44.83
   25.34
    6.68
    9.68
    5.69
    7.11
    0.00
    0.00
   12.57
    7.73
    8.64
    8.38
    6.94
    0.00
    0.00
   40.41
   10.59
   12.77
   17.95
   16.23
    0.00
    0.00
   26.31
   23.59
   26.79
   19.51
   19.26
    0.00
    0.00
   38.99
   60.26
   56.32
   56.38
  114.12
  101.12
   59.38
   77.84
   84.04
   49.92
  112.79
   58.08
   81.55
   82.69
  154.13
  165.34
  179.76
  159.54
  122.98
  111.34
  121.96
  155.35
  147.87
  137.42
  159.11
  149.09
  149.51
  163.95
  194.79
  205.52
  201.98
  199.10
  201.64
  192.33
  154.72
  104.63
  132.92
   22.46
   31.18
  238.37
  237.95
  239.31
  226.99
  233.64
  233.25
  234.18
  236.25
  148.78
  112.50
  151.89
  165.82
  162.37
  162.37
  160.58
   71.61
   55.64
   69.15
   81.35
   74.64
   66.52
   77.47
   61.45
   54.40
   62.24
   75.24
   74.50
   78.52
   73.65
   60.94
   39.36
   54.09
   61.79
   73.74
   58.42
   91.63
   48.76
   51.48
   53.15
   51.40
   52.67
   48.20
   52.05
   48.99
   48.17
   53.32
   29.02
   50.21
   99.53
   93.90
   61.39
   52.75
  184.12
  119.67
   72.46
  166.16
  130.57
   31.52
   28.18
   61.62
   61.59
   65.81
   72.52
   65.61
   25.51
   14.16
   60.97
   57.03
   43.27
   36.84
   41.43
   26.33
   24.49
   49.36
   42.90
   63.83
   59.49
   18.94
   13.68
   71.05
   35.76
   17.81
   20.61
   19.96
   24.07
   20.08
   20.25
   19.03
   21.66
   16.08
   19.54
   18.01
   19.06
   20.84
   36.98
   35.74
   37.77
   19.79
   18.72
   14.30
   23.19
   29.36
   32.79
   29.19
   32.48
   25.34
   19.51
   19.62
   15.38
   16.25
   14.41
   21.89
   23.05
    0.00
    7.22
    0.00
    0.00
    0.37
    0.00
   56.66
   35.40
   53.60
  137.00
  109.59
   98.00
  119.95
  108.28
  101.52
  120.06
  230.95
  225.94
  229.31
  227.36
  147.25
   82.37
   78.41
   54.20
  101.09
  144.16
  177.41
  176.84
   98.91
   93.64
  111.12
  119.30
  164.04
  184.14
  192.36
  126.83
  112.76
   99.02
  126.21
  130.51
  108.11
  105.85
   74.93
   71.90
   55.61
   67.99
   57.99
   88.55
  142.49
   36.02
   33.78
   75.46
   88.55
   98.85
   94.78
   94.30
   60.23
   53.38
   59.24
   52.10
   53.58
   56.61
   71.73
   62.81
   55.10
   27.64
   92.94
  112.93
   68.61
   72.26
   79.00
   80.87
   46.69
   88.15
   70.76
   80.33
   77.67
   20.02
   55.33
   31.86
   29.34
   52.22
   74.05
   69.32
   56.92
   29.73
   74.93
   80.50
   61.16
   58.56
   69.80
   42.39
    0.00
   55.73
   63.66
   90.30
   87.87
  112.22
   63.01
   67.28
  105.40
   84.16
   83.68
   83.70
   83.59
   52.13
   63.09
   96.67
  105.25
   98.17
   90.81
   94.04
   65.19
   89.14
  100.21
  106.81
  109.67
  115.99
  124.28
   88.60
   53.43
   73.77
  118.62
  111.91
  107.60
  118.45
  117.74
  122.13
  109.64
  158.26
  170.35
  152.00
  146.06
  118.08
  123.86
  153.82
  158.01
  155.94
  153.90
  153.08
  154.92
  154.10
  146.43
  164.41
  207.36
  247.32
  246.02
  244.77
  245.96
  245.65
  244.37
  207.34
  190.46
  222.60
  221.38
  242.39
  235.51
  250.63
  263.06
  262.87
  267.31
  192.95
  164.58
  233.10
  245.88
  239.39
  231.12
  199.07
   88.26
   79.49
  151.38
  142.72
  139.49
  144.90
  143.17
  100.61
  104.57
  143.20
  138.72
  135.38
  144.76
  154.19
  127.65
  130.03
  157.33
  160.78
  162.62
  159.06
  166.50
  161.18
  162.71
  160.56
  213.51
  330.63
  389.16
  335.04
  286.96
  286.34
  283.51
  285.46
  282.63
  268.25
  285.21
  286.34
  286.09
  282.40
  220.81
  187.17
  187.80
  187.54
  187.32
  187.12
  118.42
  113.98
  171.97
  188.68
  188.28
  187.85
  187.66
  187.49
  165.23
  164.12
  223.42
  282.21
  270.20
  282.66
  284.30
  283.68
  283.45
  282.94
  282.46
  282.26
  282.04
  281.67
  280.45
  279.43
  279.46
  279.18
  280.56
  279.94
  280.37
  279.83
  278.52
  277.45
  279.03
  280.76
  280.17
  222.83
  127.85
  111.60
  156.45
  155.46
  145.29
  137.99
  107.29
   85.12
   88.60
   94.55
   82.20
  101.37
   85.21
  156.85
  168.40
  189.10
  190.18
  181.43
  170.50
  165.17
  163.98
  189.69
  243.81
  282.77
  282.57
  282.52
  282.46
  282.32
  282.15
  282.01
  281.92
  281.89
  282.60
  282.94
  283.06
  282.97
  283.03
  283.03
  282.91
  283.51
  282.66
  282.38
  282.26
  222.57
  192.95
  192.95
  120.15
  102.03
  102.85
  144.87
  177.32
  184.77
  188.87
  142.97
  146.79
  156.14
  146.40
  120.69
  124.88
  127.71
  119.70
  126.49
   97.33
  103.07
  133.77
  141.67
   35.74
   42.53
   44.57
   80.39
  111.65
  113.75
   56.27
   56.55
   21.75
   18.26
   21.18
   40.38
   36.73
   42.48
   50.80
   17.50
   21.15
   17.56
   16.31
   17.36
   12.71
   16.25
   14.27
   14.95
   19.62
   16.65
   21.95
   16.76
   20.70
   18.43
   16.03
   23.87
   24.86
   18.97
   22.94
   15.15
   15.74
   15.97
    9.43
    8.86
   13.22
    9.40
   10.05
   12.46
   10.00
    7.02
    0.00
    0.00
    1.05
   27.33
   90.33
   39.02
   27.69
    2.18
   33.13
   42.90
   86.28
   47.40
   44.20
   60.68
   29.48
   23.98
   56.38
   24.01
   16.88
   12.03
  136.23
  143.34
   79.74
   95.06
   92.23
   89.11
  103.27
   64.76
   78.24
   78.27
   85.46
   89.99
   60.06
   74.39
   65.67
   67.54
   60.00
   89.06
  144.64
   94.07
   84.27
   91.41
   85.12
   87.53
   91.83
  132.64
   90.16
   61.02
   71.53
   74.11
   77.53
   59.75
   88.43
   41.09
   47.06
   62.81
   60.71
   59.18
   51.25
   64.99
   70.76
   67.99
   66.71
   66.03
   75.69
   79.57
   82.86
   72.38
   69.86
   53.83
   61.53
   67.56
   62.27
   57.14
   41.17
   39.11
   55.53
   52.61
   48.39
   40.80
   54.45
   47.03
   47.23
   59.52
   51.71
   52.10
   55.59
   57.28
   32.31
   35.28
   24.30
   35.76
   42.59
   40.66
   88.94
  105.65
  105.37
   82.12
   87.16
   81.64
   67.37
   92.94
   59.38
   47.26
   75.55
   79.12
   82.03
   78.78
   78.86
   80.73
   83.68
   92.37
   91.80
   81.64
   82.35
   88.01
   28.63
   50.94
   84.13
   74.13
   81.47
   82.43
   89.08
   75.97
   34.57
  103.24
  117.12
  156.31
  157.84
  155.74
   85.38
  114.46
   69.52
  112.45
  128.84
  118.45
  119.53
   69.94
   71.67
  103.05
   87.81
  106.16
   82.83
   70.25
   57.88
   58.62
  109.53
  107.41
   94.66
  100.92
   94.41
   58.62
   46.07
   92.91
  106.84
  110.32
  105.34
  111.71
   60.12
   53.29
  105.85
  109.44
  102.20
  111.62
  109.59
   59.10
   58.81
  120.49
  106.47
  112.98
  109.13
  111.62
   49.13
   48.99
  106.24
  110.35
  111.82
  114.43
  114.43
   55.27
   56.89
  112.47
  113.92
  113.10
  103.75
   96.05
   50.43
   48.73
  110.32
  114.46
  113.72
  112.22
  114.20
   51.85
   50.43
  106.90
  111.94
  119.75
  121.68
  123.83
   48.87
   50.35
  109.44
  103.41
  112.45
  111.54
   98.63
   54.54
   55.08
  113.27
  120.15
  118.99
   38.09
   95.46
   60.74
   59.15
  103.24
   97.89
   83.90
  111.77
  109.05
  151.01
  154.53
  220.56
  227.04
  227.24
  218.04
  122.73
   65.95
   70.06
  251.31
  250.29
  254.46
  175.56
  171.20
   42.50
   45.36
  105.54
  115.93
  118.56
  118.93
  114.97
   94.89
   81.84
  111.88
   99.65
   91.94
  105.06
  101.83
   41.63
   41.77
  163.61
  142.32
  151.81
  184.03
  179.90
   54.82
   55.33
   72.89
   84.67
   76.71
  134.70
  114.82
   56.58
   49.21
   59.72
   59.18
   78.52
   78.13
   98.80
   52.27
   51.25
   70.57
   75.04
   88.83
  117.34
  114.29
   41.23
   40.32
   72.86
   74.78
   85.69
  149.91
  150.33
   82.66
   83.39
  144.56
  144.42
  152.60
  159.59
  141.70
   56.35
   55.81
   95.12
   75.32
   73.65
   80.08
   78.61
   52.73
   46.69
   74.64
   70.00
   69.35
   70.14
   84.44
   30.38
   34.52
   57.88
   56.38
   27.89
   73.62
   90.27
  113.15
  114.77
  141.90
  157.19
  167.32
  163.44
  163.30
  151.38
  143.51
  148.72
  145.89
  169.19
  157.19
  148.15
  149.12
  150.99
  153.02
  149.71
  132.41
  138.13
  139.74
   95.20
   93.50
  143.91
  139.04
   98.97
  117.09
  111.99
   29.00
   36.36
   95.31
   92.37
  100.07
   91.10
  103.58
   20.90
   28.23
   89.37
   66.94
   31.23
   31.32
   30.21
    9.20
  109.47
  150.25
  150.33
  150.73
  129.69
  135.13
   60.09
   54.74
   54.79
   58.13
   49.02
   78.86
   41.88
   38.48
   37.72
   51.68
   33.07
   43.44
   40.41
   44.20
    5.07
    2.83
   48.68
   41.54
   40.89
   48.20
   52.36
   25.54
   25.37
   45.48
   50.26
   52.73
   41.54
   45.11
   34.15
   37.75
   65.02
   56.75
   58.08
   54.34
   53.80
   54.65
   56.10
   65.38
   66.94
   75.78
   52.70
   60.20
   63.43
   61.59
   48.54
   49.13
   59.15
   51.51
   50.60
   44.34
   84.41
   47.88
   53.04
   58.96
   53.69
   88.80
   46.61
   51.03
   80.76
   64.42
   71.39
  118.65
   96.48
  102.56
   92.17
   93.08
   70.14
   88.12
  111.20
  113.07
   41.94
   40.04
   55.13
   71.56
   75.72
   73.17
   81.61
   81.72
  101.63
   82.52
   69.86
   76.91
   71.56
   73.20
   35.00
   80.82
   29.56
   72.18
  108.71
   66.69
   62.95
   36.70
   38.40
   77.11
   78.15
  100.98
  107.58
  108.68
   46.30
   48.70
   95.85
   87.02
   87.24
   93.36
   89.96
   44.32
   49.24
   85.40
   89.59
   97.21
   99.17
  100.19
   38.34
   33.98
   65.07
   94.15
   87.95
   92.20
   94.27
   48.42
   59.10
   98.32
  101.54
   97.30
  103.02
   98.03
   40.38
   44.40
  123.01
  138.44
  142.80
  138.41
  132.27
   87.67
   82.74
   44.06
   33.50
   30.21
   30.72
   30.44
   29.79
   20.22
  119.04
  116.50
   59.18
   59.81
  109.08
   79.74
   80.00
  125.30
  122.98
  130.80
  125.10
  126.63
   79.23
   82.83
  127.65
  129.46
  126.01
  128.33
  123.52
   79.57
   83.05
  128.59
  105.59
  112.73
  108.99
  114.15
   76.88
   77.59
  114.20
  113.81
  116.35
  115.22
  113.18
   78.32
   79.49
   94.92
  104.09
   99.53
  103.10
  101.26
   72.97
   76.54
   99.68
  100.41
  101.32
  104.63
  101.74
   79.94
   81.35
  107.60
  105.06
  102.82
  108.60
  100.33
   82.43
   86.37
  101.15
  100.27
   99.19
  127.77
  129.92
   81.98
   72.41
  113.66
  112.25
  109.27
  115.22
  116.52
   65.27
   64.08
  102.76
  101.20
  101.94
   56.92
   54.03
   59.07
   59.10
   95.34
   88.72
  100.04
  146.60
  139.46
  140.51
  134.96
  164.72
  161.52
  164.04
  231.75
  252.61
  253.83
  221.55
  250.24
  251.85
  253.15
  242.96
  252.81
  137.70
  138.78
  170.69
  166.90
   82.35
  106.30
  100.55
   53.24
   54.74
   61.90
  153.87
  172.76
  158.91
  172.36
  170.78
  149.54
  165.12
  190.91
  190.86
  177.89
  191.54
   93.67
   95.29
   97.75
  150.02
  198.30
  169.22
  225.23
   89.48
   93.70
  122.19
  124.68
  121.34
  130.77
  127.94
  152.80
  138.55
  163.84
  241.80
  243.41
  201.39
  170.04
  213.68
  198.56
  209.63
  209.97
  217.56
  206.60
  223.82
  150.16
  149.71
  168.12
  177.89
  177.83
  164.27
  148.41
  145.80
  139.35
  123.49
  119.41
  123.23
  128.95
  125.59
   67.82
   36.19
  141.81
  136.91
  134.45
   92.31
   68.61
   34.52
   26.50
   61.33
   69.04
   77.47
   83.87
  116.01
   55.44
   69.63
  106.58
   97.49
  101.63
  106.33
  109.95
   43.07
   43.47
   38.60
   92.74
   87.64
   82.12
   81.81
   25.00
   30.02
   36.61
   43.61
   40.46
   10.62
   10.05
   15.89
   16.34
   39.53
   39.59
   14.41
   27.92
   28.03
   26.87
   16.71
   52.92
   41.80
   37.77
   40.41
   39.76
    9.15
   10.31
   15.40
   17.39
   20.76
   18.66
   21.21
    9.88
   15.72
   15.86
   16.48
   15.60
   21.92
   17.90
   17.05
   18.77
   10.56
   11.72
   12.57
   14.98
   12.54
    9.97
    6.37
    7.90
    3.40
    6.46
   19.62
    9.71
   10.51
   17.36
   21.72
   40.29
   46.38
   57.12
   55.39
   30.02
   28.97
   40.32
   25.46
   28.46
   28.74
   26.11
   29.22
   30.81
   78.30
   75.97
  118.31
  141.98
  142.83
   39.39
   38.68
   39.73
   97.58
   91.92
   83.85
   78.64
   40.63
   39.98
   97.49
   63.46
   63.34
   67.45
   65.75
   60.06
   59.95
   85.91
  120.86
  123.09
  105.48
   69.35
   60.43
   53.89
   67.37
   91.04
   87.39
   88.07
   90.22
   83.82
   88.24
   65.75
   71.42
   61.96
   71.22
   67.37
   96.50
   80.39
   82.18
  106.33
   88.89
   88.94
   86.34
   42.42
   28.20
   96.45
   92.06
   94.63
   26.90
   41.63
   30.98
   31.55
   30.33
   34.35
   34.94
   53.83
   43.49
   23.87
   19.99
   28.03
   22.20
   21.80
   25.15
   20.98
   16.40
   38.45
  119.89
  119.38
  118.05
  109.98
  139.04
  131.48
  130.80
   73.23
   78.18
   82.37
   82.09
   83.68
   84.53
   84.38
   68.53
   97.13
   89.59
   97.81
   96.31
   49.70
   53.46
   96.59
   98.17
   99.17
  101.03
   99.42
   71.56
   67.08
   93.62
   96.96
   94.01
   99.14
   99.39
   76.80
   70.40
   94.01
  102.03
   98.06
   86.82
   98.15
   92.48
  104.94
  149.97
  141.53
  150.82
  132.89
  144.33
   70.76
   70.91
   74.59
   28.97
   27.69
   29.25
   30.81
   28.46
   27.78
  113.75
  113.75
  116.50
  115.70
  112.47
   75.58
   27.55
  123.97
  103.41
  151.98
  163.98
  147.11
   88.43
   82.63
  117.37
  116.44
  117.03
  114.23
  119.81
   92.77
   65.64
  121.76
  107.97
  117.34
  118.28
  134.05
  110.97
  112.53
  141.27
  141.02
  142.26
  157.67
  159.71
  110.18
  107.41
  145.52
  151.30
  150.90
  153.28
  151.30
   88.18
   91.72
  146.60
  144.56
  139.32
  147.62
  146.37
   89.82
   89.57
  143.17
  142.94
  141.90
   80.67
   84.13
  105.17
   66.43
  141.05
  134.00
  137.53
   67.88
   83.45
  164.41
  161.49
  139.40
  145.21
  148.10
  143.45
  141.50
   45.76
   41.74
   63.43
   71.70
   62.18
   70.99
   63.03
   41.65
   41.34
   62.07
   61.93
   66.06
   67.59
   60.65
   43.13
   42.42
   58.84
  115.28
  113.72
  117.01
  135.81
  107.94
   10.22
   15.26
   15.26
   23.56
   99.85
  102.76
   70.79
   69.43
   70.88
   71.22
  184.46
  201.39
  199.58
  139.86
  137.53
  188.34
  191.17
  172.34
  181.57
  160.25
   88.49
   86.82
   28.29
    0.03
    0.09
   18.92
  218.78
  268.02
  267.65
  397.63
  485.07
  481.30
  433.79
  379.08
  379.67
  373.84
  325.59
  242.36
  166.33
  221.24
  378.79
  378.94
  379.19
  379.50
  379.84
  315.45
  266.57
  216.17
  277.84
  278.47
  274.11
  278.81
  279.29
  264.17
  280.39
  281.13
  280.90
  252.08
  223.62
  262.27
  260.23
  258.93
  252.36
  255.13
  246.81
  257.71
  250.69
  249.64
  254.60
  259.38
  255.16
  167.69
  171.63
  167.66
  168.03
  169.65
  104.29
  112.45
  176.95
  164.35
  166.59
  191.39
  178.51
  166.11
  159.79
  173.36
  175.03
   75.01
   75.24
   61.65
   30.27
   30.78
   90.05
  114.68
  113.95
  116.07
   69.35
   27.75
   29.02
   44.29
   61.39
   68.07
   69.06
   30.41
   26.59
   26.79
  100.02
  133.80
  143.85
   56.18
  140.71
   73.57
   65.16
   42.39
   70.08
   67.31
  117.57
   88.80
   59.01
   60.48
   33.64
   80.45
   83.53
   79.57
   88.58
   48.79
   43.92
   41.74
   85.57
  166.08
  159.45
  177.80
  140.22
   87.10
  156.03
  227.53
  255.50
  252.25
  250.77
  105.82
  104.72
   79.06
  209.20
  195.75
  250.49
  247.66
  213.25
  217.81
  200.79
  187.46
  182.50
  182.64
  122.98
  118.82
   82.37
  118.65
  136.74
  127.82
  137.00
  185.16
  116.86
  114.51
  114.74
  127.82
  149.97
  166.11
  116.16
   75.24
   76.48
  200.82
  200.91
  219.99
  250.09
  209.03
   91.32
  150.93
  155.63
  140.54
  124.79
  217.33
  216.11
  157.78
  133.91
  100.13
  105.93
  111.79
  114.57
  153.19
  161.26
  143.00
   90.64
  115.90
  154.10
  162.54
  398.87
  667.09
  737.97
  614.14
  487.25
  437.38
  316.95
  255.45
  182.96
  186.92
  231.18
  227.92
  227.24
  228.57
  235.48
  183.46
  175.11
  143.14
  144.16
  144.81
  155.06
  149.80
   82.26
   32.34
  132.72
  104.66
  139.32
  171.32
  168.06
   79.29
   76.57
   96.05
  113.24
  112.11
  126.04
  122.84
   96.11
   84.75
   99.93
  102.42
   78.81
  105.88
  106.44
   65.67
   75.49
   72.46
  103.50
  108.91
  116.16
  107.58
   82.37
   95.54
   70.45
   70.51
  117.83
  118.45
  117.88
   95.34
   96.99
  110.80
  170.75
  167.64
  166.70
  162.54
   91.04
   85.26
  141.07
  139.01
  153.62
  154.72
  157.67
   87.78
   84.78
  138.89
  148.78
  161.49
  165.31
  162.77
   88.07
   66.49
  153.39
  152.63
  155.83
  150.99
  149.43
   89.20
   83.19
  171.35
  176.61
  171.20
  177.18
  177.26
   85.23
   85.23
  171.20
  173.95
  175.88
  161.63
  111.03
   95.40
   87.05
  181.14
  156.45
  143.99
  142.41
  142.66
  113.81
  116.89
  130.48
  171.88
  151.72
  151.98
  150.05
  126.32
  131.14
  153.65
  167.89
  166.79
  166.50
  141.84
   71.30
  112.81
  115.36
  115.93
  122.16
  123.55
  124.08
   92.65
  102.79
  119.67
  122.27
  119.61
  119.53
  120.06
  105.59
  114.80
   88.49
   96.70
   89.08
   59.44
   41.26
   85.40
  114.12
  160.78
  185.22
  183.18
  176.39
  155.83
  127.14
  119.30
  168.97
  171.88
  120.12
  108.40
  147.62
  156.79
  156.22
  144.44
  209.29
  248.42
  258.05
  261.42
  252.19
  261.48
  261.11
  254.34
  262.21
  260.23
  250.04
  137.90
  136.94
  191.99
  205.04
  199.46
  198.84
  194.88
  199.72
  189.38
  258.45
  258.45
