19850101
 2299.87
 2271.92
 2252.27
 1889.33
 1467.63
 1624.34
 2053.00
 2288.71
 2272.54
 1862.31
 1489.47
 1492.07
 1506.94
 1316.62
 1330.07
 1101.30
 1477.54
 1437.08
 1193.07
 1029.09
 1311.66
 1560.74
 1556.61
 1532.76
 1198.28
 1067.43
 1051.74
  919.11
  904.61
  892.35
 1194.97
 1592.71
 2608.92
 3806.97
 3757.87
 3692.88
 3676.12
 3712.00
 3747.51
 3757.53
 3719.19
 3538.78
 3697.33
 4385.80
 4599.48
 4271.26
 3589.75
 3160.39
 2818.12
 2493.30
 2494.60
 2481.04
 2328.95
 2172.84
 2130.84
 1804.01
 1812.05
 1760.71
 1162.18
  852.56
  850.81
  849.51
  852.34
  854.83
  862.73
  991.57
 1133.50
 1132.67
  849.62
 1044.78
 1274.26
 1454.07
 1465.99
 1357.08
 1054.58
  845.85
  855.06
  834.30
  842.09
  702.03
  685.98
  801.03
  749.58
  730.09
  636.08
  714.18
  655.31
  710.64
  677.25
  884.79
  887.85
  657.55
  595.73
  601.51
  313.13
  319.50
  325.87
  274.90
  282.94
  271.50
  260.03
  250.38
  236.93
  224.64
  221.95
  110.92
    0.00
    0.00
    0.00
  422.74
  429.00
  547.00
  574.24
  815.04
  871.56
  870.86
  859.19
  755.01
  873.09
  877.82
  887.51
 1030.51
 1224.70
 1254.92
 1260.92
 1108.12
  970.22
  931.51
 1173.85
 1201.34
  819.06
  920.41
 1036.62
 1332.08
 1365.10
 1005.47
  694.70
  564.92
  566.82
  566.34
  566.34
  566.56
  831.33
  833.34
  835.35
  720.89
  569.54
  571.29
  569.88
  575.65
  818.13
  675.72
  612.35
  867.09
  888.67
  884.90
  871.56
  846.90
  567.64
  572.00
  848.09
  950.51
  977.41
  902.37
  580.98
  576.25
  572.93
  572.37
  716.19
  725.51
  744.25
  568.83
  571.18
  569.17
  715.37
  735.42
  914.29
 1015.64
 1017.65
  927.60
  603.86
  567.53
  710.27
  851.74
  850.33
  853.75
  846.45
  895.04
 1020.82
 1029.54
 1041.72
 1049.85
 1060.13
 1051.04
 1044.07
  728.34
  731.99
  722.45
  566.34
  787.43
  795.70
  789.81
  789.11
  904.38
  888.21
  803.26
  972.46
  807.03
  811.16
 1156.52
 1354.85
 1360.28
 1388.60
 1369.60
 1131.97
  874.51
  865.56
  866.27
 1103.17
 1090.68
 1118.40
  923.61
  921.23
  946.26
  970.67
  959.94
  976.70
  981.66
 1164.42
 1369.01
 1352.36
 1375.97
 1341.74
 1332.68
 1218.11
 1070.26
  849.62
  952.75
 1191.43
 1180.47
 1186.84
 1144.82
 1146.01
  858.48
  995.11
  999.58
 1002.78
 1013.97
  946.60
 1002.90
  995.93
  836.42
  912.51
  722.45
  723.27
  702.37
  713.47
  704.04
  707.10
  570.36
  712.06
  715.48
  570.47
  573.78
  698.94
  710.27
  567.27
  572.23
  576.13
  575.31
  581.91
  572.00
  658.14
  777.52
  768.09
  750.17
  785.20
  915.23
  721.37
  804.79
  801.25
  809.38
  811.05
  801.14
  605.98
  599.84
  785.57
  794.29
  838.07
  838.41
  845.85
  842.91
  619.43
  824.73
  829.68
 1127.83
 1090.20
 1328.43
  962.29
  746.40
  960.42
  986.02
  837.84
  790.97
 1077.82
 1078.05
 1081.82
 1374.07
 1425.75
 1442.97
 1507.99
 1324.41
  901.18
  723.61
  862.36
  859.64
  872.87
  897.16
  918.17
  883.85
 1162.77
 1066.50
 1018.36
  777.52
 1146.49
 1253.39
 1012.33
  813.77
  780.84
  967.73
 1114.98
 1242.06
 1420.20
 1432.49
 1292.78
 1625.61
 1942.65
 1422.92
  855.06
 1151.08
 1428.36
 1421.02
 1572.77
 1745.62
 1476.61
 1138.45
 1327.35
 1257.98
 1324.89
 1310.84
 1305.89
 1318.74
 1303.28
 1324.04
 1086.43
 1029.09
 1022.83
  958.04
 1195.68
 1123.58
 1157.56
 1044.07
  789.81
  774.13
  851.74
  761.02
  803.15
  843.84
  845.97
  831.92
  835.83
  852.11
  854.57
  849.51
  853.75
  721.03
  706.39
  728.45
  709.22
  697.19
  724.20
  712.65
  595.14
  582.62
  713.47
  719.36
  979.28
  857.29
  731.76
  626.03
  645.14
 1082.30
 1044.78
 1070.04
 1088.19
  903.31
  620.03
  593.61
  943.55
  856.70
 1103.42
 1300.56
 1466.47
 1404.74
 1253.73
 1031.21
 1236.63
 1150.74
 1228.47
 1241.35
 1203.13
 1184.95
 1340.32
 2154.91
 3328.53
 3993.04
 3926.73
 3687.93
 3565.57
 2681.49
 1682.13
 1420.57
 1419.75
 1404.18
 1105.55
  921.23
  948.84
 1426.12
 1475.53
 1431.64
 1345.42
 1019.77
  847.75
  953.57
  973.05
  991.57
 1291.73
 1848.86
 2180.28
 2180.17
 2257.22
 2301.34
 2266.42
 2232.56
 1792.68
 1357.08
 1358.02
 1143.18
  906.51
  905.80
  708.86
  736.35
  703.79
  574.01
  572.48
  577.66
  570.81
  566.56
  569.88
  570.81
  570.10
  474.79
  287.08
  285.41
  284.95
  284.36
  286.48
  284.95
  286.23
  287.19
  237.75
  142.41
  143.00
  143.00
  142.77
  143.71
  143.11
  142.66
  142.77
  142.66
  144.53
  136.03
  141.81
  141.58
  142.66
  144.30
  144.42
  142.07
  141.58
  141.58
  143.11
  141.95
  141.95
  142.07
  142.77
  141.58
  142.29
  146.06
  273.48
  288.95
  383.69
  512.20
  512.05
  454.97
  399.04
  398.08
  397.96
  396.32
  398.08
  398.22
  650.95
  894.59
  863.07
 1113.93
 1535.71
 1165.01
  692.46
  566.34
  601.14
  545.10
  656.13
  994.40
 1113.67
 1063.78
 1202.76
 2349.25
 1754.94
 1576.31
 1554.11
 1385.40
  993.69
  693.76
  654.83
  612.24
  538.39
  510.18
  425.23
  426.17
  428.18
  429.59
  428.07
  428.52
  426.54
  427.47
  425.69
  428.29
  512.42
  428.52
  424.41
  424.98
  424.64
  423.82
  539.92
  539.92
  511.71
  510.07
  511.83
  510.41
  509.70
  509.70
  511.83
  513.61
  513.61
  512.53
  513.47
  513.24
  512.90
  509.70
  510.18
  510.89
  509.93
  510.52
  509.70
  509.70
  509.70
  512.42
  512.53
  509.70
  424.75
  424.75
  424.75
  424.75
  424.75
  424.75
  424.75
  424.75
  424.75
  467.00
  510.18
  509.70
  509.70
  509.70
  509.70
  509.70
  509.70
  509.70
  509.22
  509.70
  510.64
  509.70
  509.70
  509.70
  509.70
  509.70
  509.70
  509.70
  509.70
  509.70
  509.70
  509.70
  509.70
  649.98
 1527.58
 1400.38
 1358.27
 1355.07
 1105.77
  766.91
  707.92
  566.34
  707.92
  707.92
  707.92
  707.92
  707.92
  707.92
  557.36
  558.78
  566.34
  837.36
  853.75
  868.39
  880.88
  720.32
  583.92
  576.62
  568.12
  518.79
  509.70
  509.70
  509.70
  696.48
  725.14
  746.15
  779.31
  701.66
  141.58
  141.58
  141.58
  147.84
  509.70
  509.70
  707.92
  711.69
  713.47
  688.92
  566.34
  692.35
  698.38
  693.28
  672.89
  692.57
  920.52
 1108.83
 1205.59
  959.46
 1066.84
 1080.40
 1085.02
  768.58
  763.25
  938.11
  936.95
  934.34
  990.16
 1003.83
  996.87
 1656.65
 2576.61
 2806.43
 2800.20
 2722.18
 2517.96
 2291.91
 2257.79
 2135.09
 1618.90
 1244.41
 1211.37
 1157.45
 1153.91
 1314.13
 1903.83
 1961.88
 2906.61
 4691.51
 5483.93
 5954.92
 5781.00
 4498.84
 3445.11
 3440.98
 2898.82
 2021.94
 1639.66
 1645.92
 2209.90
 2640.32
 3490.53
 4082.69
 3912.91
 3882.01
 3913.16
 4456.36
 5015.14
 5010.44
 4765.95
 4207.66
 3618.41
 3472.72
 3063.29
 2265.94
 2258.98
 2646.21
 2637.49
 2706.04
 2720.77
 2721.48
 2691.18
 2681.83
 2659.07
 2127.67
 1698.30
 1708.92
 1634.59
 1560.14
 1557.91
 1556.01
 1526.28
 1123.36
 1119.82
 1238.38
 1252.20
 1255.97
 1284.99
 1001.11
  893.99
  878.42
 1293.26
 1825.50
 2378.62
 2620.02
 2472.29
 2314.79
 2292.73
 2609.06
 2966.56
 2980.46
 3014.33
 2676.31
 2366.95
 2341.92
 1976.63
 1525.46
 1543.15
 1546.21
 1541.37
 1538.54
 1529.59
 1539.50
 1552.47
 1558.50
 1548.00
 1553.89
 1555.67
 1267.89
 1284.88
 1272.02
 1292.66
 1528.88
 1530.41
 1545.17
 1546.10
 1919.77
 2376.15
 2388.89
 2940.00
 4573.28
 6257.68
 7370.28
 7555.87
 7549.38
 6951.90
 5671.75
 4666.50
 4529.05
 4519.37
 4396.42
 4311.95
 4235.61
 3711.86
 2758.43
 2319.26
 2295.45
 1788.32
 1491.82
 1518.49
 1299.74
 1266.84
 1187.18
 1099.40
 1106.00
 1185.99
 1117.47
 1087.03
 1064.12
 1015.39
  881.25
  805.02
  936.95
 1104.95
 1172.20
 1187.30
 1205.00
  712.51
  751.59
  744.39
  648.82
  566.34
  473.49
  393.83
  445.99
  407.28
  417.33
  623.91
 1008.56
 1172.80
  601.39
  574.35
  576.25
  711.35
  853.05
 1066.50
 1143.89
 1158.53
 1163.94
 1007.37
  889.86
  965.72
 1023.65
 1033.45
  791.46
  774.83
  746.04
  802.07
  983.78
  971.49
  758.41
  576.96
  566.11
  697.19
  797.35
  907.55
  891.50
  894.10
  571.66
  574.95
  719.02
  808.45
  775.88
  805.98
  801.25
  751.93
  752.75
  907.07
  915.34
  919.82
  917.95
  912.17
  869.10
  906.03
  786.39
  849.51
  849.51
  849.51
  849.51
  731.06
  707.92
  947.91
  870.63
  870.63
  868.14
  906.51
  867.57
  865.08
  867.43
  863.89
  851.40
  847.75
  976.59
  853.16
  844.44
  970.67
  996.27
 1005.47
  873.09
  859.19
  713.36
  571.18
  743.69
  723.72
  579.08
  581.91
  579.67
  578.60
  583.21
  947.20
 1091.50
 1148.36
 1144.48
 1155.55
 1079.24
 1068.25
  972.09
  960.76
  956.29
  956.17
 1125.00
  988.85
  985.43
  862.62
  927.97
  947.79
  932.70
  938.11
  724.80
  719.02
  889.86
  890.56
 1028.27
  995.82
 1020.48
 1260.47
 1280.86
  951.56
 1017.40
 1016.35
 1006.18
 1042.43
 1017.88
 1002.30
  855.99
  861.31
  866.38
  852.71
  868.51
  855.65
  852.56
  917.83
  899.65
  930.58
  924.91
  942.24
  936.69
  877.71
  877.94
  724.20
  739.78
  729.16
  700.84
  664.03
  665.67
  588.88
  571.29
  572.00
  573.30
  568.57
  566.34
  566.34
  566.34
  566.34
  700.62
  772.71
  725.62
  581.09
  583.21
  893.17
  923.61
  914.63
  958.75
  917.95
  705.91
  580.27
  716.19
  733.52
  722.79
  713.70
  577.32
  578.97
  595.47
  693.65
  710.87
  590.77
  566.34
  562.09
  557.62
  574.61
  848.20
  755.47
  751.59
  767.87
  756.29
  603.26
  604.93
  756.77
  756.77
  707.33
  710.75
  565.63
  566.34
  566.34
  566.34
  563.99
  625.46
  564.58
  566.34
  566.34
  589.92
  566.34
  566.34
  566.34
  566.82
  566.34
  566.34
  566.34
  566.34
  566.34
  566.34
  566.34
  566.34
  566.34
  566.34
  566.34
  793.47
 1108.49
 1091.73
  849.87
  587.57
  566.34
  791.82
  797.60
  984.38
 1007.97
 1031.81
  566.34
  566.34
  717.12
  722.08
  723.16
  734.11
  728.22
  866.61
  906.37
  919.11
  862.96
  849.02
  865.79
  587.80
  566.34
  566.34
  566.34
  566.34
  566.34
  509.70
  509.70
  509.70
  509.70
  467.82
  513.47
  701.32
  547.45
  509.70
  509.70
  509.70
  509.70
  509.70
  509.70
  424.75
 1631.65
 4798.77
 6209.06
 6036.33
 3966.26
 2062.54
 1700.54
 1901.48
 1709.86
 1508.24
 1516.14
 1529.48
 1539.73
 1545.87
 1021.76
  850.69
  766.34
  891.27
  974.58
 1216.10
 1040.53
 1027.56
  971.86
 1126.78
 1139.64
 1405.34
 3792.11
 5553.16
 5536.65
 4295.33
 3610.17
 3537.71
 3476.37
 3401.11
 2402.20
 1556.12
 1057.15
 1241.47
 1544.46
 2105.84
 2794.99
 2018.51
 1415.73
 1418.33
 1416.92
 1431.78
 1421.73
 1447.81
 1442.15
 1129.73
  978.23
  936.24
 1474.26
 1365.58
 1538.79
 1557.54
 1558.62
 1456.31
 1126.30
 1129.50
 1344.34
 1096.94
 1366.06
 1379.26
 1062.11
  754.16
  758.78
  705.68
  568.23
  568.94
  763.73
  787.69
  759.37
 1124.07
 1347.66
 1530.04
 1346.24
 1402.28
 1131.63
  930.32
 1218.56
 1339.75
 1372.89
 1336.44
 1361.56
  594.17
  568.12
  698.60
  567.75
  566.34
  566.34
  566.34
  527.40
  509.70
  509.70
  509.70
  509.70
  509.70
  509.70
  520.04
  488.47
 1157.93
  837.70
  890.79
  933.63
  782.37
  792.65
  566.34
  566.34
  864.74
 1133.86
 1219.04
 1198.28
  590.63
  568.57
  682.66
 1093.62
 1203.58
  992.39
  833.00
  797.12
  706.17
  695.29
  719.25
  721.74
  718.20
  510.64
  509.70
  509.70
  509.70
  475.50
  424.75
  424.75
  424.75
  424.75
  424.75
  424.75
  424.75
  424.75
  424.75
  424.75
  424.75
  424.75
  424.75
  424.75
  424.75
  392.90
  339.80
  339.80
  339.80
  339.80
  339.80
  339.80
  339.80
  339.80
  339.80
  339.80
  339.80
  339.80
  339.80
  339.80
  339.80
  339.80
  339.80
  339.80
  339.80
  339.80
  339.80
  339.80
  339.80
  339.80
  339.80
  339.80
  339.80
  339.80
  339.80
  339.80
  339.80
  339.80
  339.80
  339.80
  339.80
  339.80
  339.80
  339.80
  339.80
  339.80
  339.80
  339.80
  339.80
  339.80
  339.80
  339.80
  339.80
  339.80
  339.80
  339.80
  333.66
  339.80
  339.80
  339.80
  339.80
  357.16
  339.80
  339.80
  339.80
  339.80
  339.80
  339.80
  339.80
  339.80
  339.80
  339.80
  339.80
  339.80
  339.80
  339.80
  339.80
  339.80
  339.80
  382.28
  467.23
  509.70
  509.70
  509.70
  509.70
  509.70
  509.70
  509.70
  509.70
  538.02
  567.75
  566.34
  566.34
  622.97
  736.24
  736.24
  736.24
  736.24
  736.24
  736.24
  736.24
  736.24
  736.24
  693.76
  608.81
  566.34
  566.34
  566.34
  566.34
  566.34
  538.02
  509.70
  509.70
  509.70
  509.70
  509.70
  509.70
  509.70
  509.70
  509.70
  509.70
  509.70
  533.29
  588.51
  622.97
  622.97
  622.97
  622.97
  670.17
  792.87
  849.51
  849.51
  849.51
  849.51
  849.51
  849.51
  849.51
  849.51
  849.51
  849.51
  792.87
  736.24
  736.24
  736.24
  736.24
  736.24
  736.24
  736.24
  736.24
  736.24
  736.24
  736.24
  736.24
  736.24
  736.24
  736.24
  707.92
  679.60
  651.29
  615.89
  594.65
  566.34
  538.02
  509.70
  509.70
  509.70
  509.70
  509.70
  509.70
  530.94
  509.70
  509.70
  509.70
  509.70
  509.70
  509.70
  509.70
  647.75
  920.30
 1061.88
 1132.67
 1132.67
 1132.67
 1132.67
 1132.67
 1132.67
 1132.67
 1061.88
  991.09
 1080.77
 2082.48
 3386.21
 3449.81
 3004.79
 2945.66
 2546.28
 2601.61
 3175.96
 3112.02
 2928.33
 2347.24
 1747.26
 1497.14
 1453.14
 1407.83
 1398.97
 1402.62
 1450.30
 1145.53
 1159.09
 1135.28
 1139.16
 1279.69
 1306.34
 1134.32
  913.93
 1145.78
  693.05
  682.66
  691.30
  679.60
  679.60
  704.38
 1272.84
 1529.11
 1829.16
 2506.41
 3644.26
 4234.78
 4196.92
 3802.24
 3379.62
 3283.11
 3211.95
 3143.65
 3131.84
 3117.35
 2903.41
 2740.14
 2730.93
 2763.50
 3110.72
 3932.98
 4609.98
 6660.24
 7976.63
 9043.10
 9610.51
 9107.07
 7908.07
 7529.34
 6540.14
 5956.93
 5647.31
 4776.12
 3562.74
 2224.66
 1523.33
 1533.13
 1529.22
 1529.48
 1514.47
 1516.59
 1519.31
 1535.96
 1525.94
 1522.03
 1514.95
 1935.34
 2428.65
 2388.41
 2387.93
 2216.73
 2049.80
 2063.96
 2361.63
 4217.91
 6369.17
 6164.95
 4427.23
 3391.31
 3433.53
 3766.25
 4860.47
 7105.77
 8211.18
 7003.83
 5887.19
 5749.85
 5889.68
 5995.04
 6094.72
 6221.44
 6044.71
 5805.43
 6221.81
 7566.97
 8006.96
 8132.12
 7449.34
 6546.15
 5690.50
 4880.52
 4552.90
 4037.98
 3457.26
 3408.16
 3144.47
 2878.89
 2870.85
 2858.95
 2588.39
 2193.62
 2210.84
 2227.23
 2228.90
 2218.29
 2215.57
 2205.66
 2654.48
 2937.39
 2342.62
 1499.86
 1433.54
 2123.54
 3045.25
 3732.53
 4158.81
 3579.96
 2537.67
 2002.00
 2068.43
 2711.11
 3101.29
 3077.70
 2873.93
 2657.54
 2621.66
 1921.67
 1512.83
 1538.54
 1523.67
  899.29
  654.71
  615.78
  734.71
  879.61
  905.91
  730.09
  713.70
  566.34
  566.34
  567.53
  566.93
  808.93
 1309.06
 1507.39
  880.88
 1308.46
 1319.57
 1533.02
 1531.71
 1529.34
 1529.11
 1526.76
 1521.92
 1516.03
 1324.89
 1394.12
 1243.59
 1242.77
  955.21
  794.40
 1021.53
 1435.89
 1435.78
 1371.61
 1310.59
 1040.05
 1124.55
 1516.74
 1384.58
 1396.62
 1075.81
 1052.45
  755.01
  718.54
  659.19
  879.12
 1278.99
 1502.10
 1546.92
 1540.32
 1539.25
 1537.12
 2512.41
 3949.38
 4572.58
 5674.10
 6127.65
 5753.16
 5243.09
 5172.78
 5183.63
 5216.19
 5138.21
 5023.86
 4934.10
 4861.41
 4513.93
 4064.54
 4042.46
 4039.28
 4360.79
 5048.89
 5062.71
 4586.85
 4911.44
 5195.09
 4893.38
 4588.26
 4295.07
 4005.30
 3868.90
 3766.37
 3734.88
 3600.01
 3477.08
 3433.79
 2472.66
 1724.01
 1686.75
 1673.19
 1553.55
 1411.82
 1409.47
 1403.58
 1426.94
 1262.34
 1261.74
 1274.48
 1273.32
 1310.36
 1279.92
 1285.70
 1409.24
 1380.33
 1271.79
 1372.66
 1243.82
 1053.98
  999.10
 1068.96
  956.29
 1033.45
 1005.62
  899.29
 1021.30
 1046.42
 1038.75
  979.88
  952.52
 1070.38
 1070.04
 1038.18
 1115.34
 1118.18
 1028.50
 1057.86
  863.32
  874.06
  879.35
 1250.30
 1197.58
 1233.57
 1225.89
 1233.31
 1261.40
 1267.18
 1273.21
 1250.78
 1241.35
 1244.89
  994.40
  997.35
 1111.80
 1111.80
 1102.94
 1121.46
 1192.73
 1167.14
 1184.72
 1154.62
 1093.51
 1093.14
 1197.21
 1129.62
 1313.56
 1515.89
 1300.11
 1208.65
 1221.99
 1328.43
 1188.71
 1738.43
 2894.69
 4517.24
 6419.66
 4601.66
 5299.98
 5253.71
 5170.32
 5023.07
 4508.89
 3891.33
 2547.10
 2013.92
 1758.14
 1511.64
 1512.83
 1524.52
 1517.08
 1713.28
 2024.17
 2040.94
 2035.39
 2018.88
 1796.93
 1478.03
 1460.55
 1417.37
 1323.22
 1405.34
 1566.26
 1285.36
 1198.28
 1179.88
 1219.63
 1222.35
  967.39
  979.28
 1098.92
 1204.77
 1220.82
 1309.17
 1413.49
 1404.29
 1409.95
 1504.45
 1598.37
 1793.99
 2665.44
 3432.94
 3408.64
 3402.86
 3333.37
 3239.33
 2887.61
 2580.26
 2804.19
 2971.97
 2911.68
 2838.28
 2629.45
 2578.84
 2601.27
 2379.44
 2133.56
 2136.02
 1933.93
 1691.22
 1679.19
 1461.63
 1408.42
 1535.25
 1545.99
 1759.78
 2002.23
 2006.73
 1767.45
 1533.95
 1538.20
 1540.44
 1539.25
 1532.31
 1469.87
 1313.19
 1234.39
 1231.90
 1226.01
 1235.92
 1239.80
 1220.82
 1224.11
 1189.53
 1161.47
 1190.38
 1235.92
 2058.75
 3316.61
 3300.44
 3309.90
 3310.72
 3597.43
 4003.78
 4108.89
 4063.35
 3999.27
 3737.12
 3585.03
 3605.56
 3528.17
 2866.60
 2131.32
 2317.14
 3047.60
 3071.08
 3063.88
 3310.83
 3697.84
 3816.77
 3921.18
 3813.09
 3736.29
 3648.99
 3650.27
 4116.45
 4614.60
 4738.34
 5195.66
 6214.50
 8642.30
 8917.34
 8583.54
 8217.21
 7431.87
 6672.98
 7155.07
 7662.91
 7734.15
 7642.12
 7263.27
 7364.16
 7826.44
 8130.13
 8124.33
 7498.19
 6868.36
 7035.92
 7369.69
 7318.15
 6907.55
 6911.92
 6746.38
 6406.21
 5638.48
 4885.85
 4102.63
 3254.91
 3342.80
 3612.89
 3970.84
 3904.78
 3889.09
 3688.75
 3592.59
 3621.84
 3641.66
 3611.81
 3058.22
 2475.12
 3106.13
 4676.30
 5085.93
 5208.88
 5380.91
 5160.04
 4688.22
 4437.25
 4517.02
 4110.56
 3007.02
 2133.19
 1717.64
 1722.26
 1478.03
 1216.21
 1161.70
 1219.04
 1047.24
  817.65
  692.72
  700.50
  573.19
  567.04
  566.11
  566.34
  577.44
  571.41
  578.15
  592.76
  578.15
  566.34
  566.34
  572.11
  568.94
  566.34
  870.04
 1202.42
 1463.64
 1191.09
 1090.57
 1242.63
 1200.63
  999.24
  934.23
  913.11
  941.65
  842.43
  928.79
 1253.13
 1371.47
 1459.25
 1503.85
 1540.92
 1528.18
 1192.14
 1356.97
 1346.69
 1323.33
 1282.16
 1320.05
 1510.59
 1501.02
 1471.88
 1456.79
 1445.69
  835.12
    0.00
    0.00
  214.73
  702.03
  875.47
  849.51
 1155.10
 1415.84
 1274.26
  991.09
  943.89
 1274.26
 1604.74
 1857.25
 2158.93
 2258.64
 2188.07
 2119.74
 1798.60
 1491.36
 1495.84
 1510.93
 1127.83
 1061.29
 1063.18
  743.43
  697.08
  834.53
  875.93
  881.59
  881.25
  871.34
  649.16
  647.63
  693.88
  778.49
  731.17
  733.29
  802.07
  772.12
  749.58
  749.09
  739.78
  738.59
  741.56
  710.87
  571.18
  566.56
  839.59
 1011.14
  904.72
  903.19
 1323.22
 1299.63
  931.28
  831.47
  857.07
  873.35
  882.07
 1091.61
 1428.10
 1415.62
  964.42
  807.74
  798.65
  790.86
  848.32
 1030.85
 1028.50
  961.73
  923.50
  944.25
  949.21
 1022.61
  849.99
  854.12
 1052.91
 1046.31
  945.07
  941.65
  953.09
  934.34
  930.10
  922.79
  998.28
 1044.89
 1042.65
 1051.04
  866.61
  874.28
 1033.79
 1022.61
 1027.19
 1045.83
  996.27
  724.77
  732.92
 1000.75
 1018.33
 1017.40
  873.69
  876.52
  593.24
  566.34
  569.76
  867.91
  887.85
 1240.50
 1244.41
  569.17
  574.01
 1152.01
 1040.53
  871.56
  846.67
  734.82
  734.48
  709.45
  703.19
  715.93
  714.66
  702.37
  687.39
  693.99
  687.05
  681.73
  678.42
  681.02
  713.58
  710.98
  717.12
  711.35
  709.45
  703.33
  670.17
  669.81
  804.31
  660.26
  666.98
  846.79
  852.45
  858.23
  818.95
  814.22
  706.99
  691.64
  839.00
  864.74
  883.97
  902.60
  906.14
  743.09
  726.10
 1024.02
 1011.99
 1236.85
 1140.57
 1140.23
  943.06
  780.61
 1042.54
  874.51
  743.32
  572.59
  664.96
  678.67
  689.74
  848.20
  844.66
  907.78
  905.80
  902.71
  907.44
  907.22
  885.50
  893.40
  907.67
  904.61
  913.33
  911.58
  917.35
  915.94
  920.78
  928.79
  945.56
  949.55
  945.90
  908.26
  897.53
  782.73
  765.26
  898.72
  892.35
  900.48
  910.16
 1172.91
 1694.42
 1858.41
 1719.65
 1511.78
 1504.22
 1346.24
 1339.98
 1156.63
 1003.24
  967.50
  928.91
  920.41
  940.35
 1006.07
 1823.38
 3497.36
 4300.73
 4546.86
 6454.12
 8753.93
 9882.81
10017.57
 9653.69
 9044.63
 9480.25
10140.74
10190.41
10419.41
 9974.72
 9090.90
 8616.48
 8489.16
 8178.27
 7767.20
 7260.10
 6572.00
 6188.17
 6109.25
 5980.89
 5841.88
 5831.74
 5712.10
 5425.03
 5092.45
 4436.43
 3449.47
 2974.12
 2977.52
 2979.75
 2640.06
 2259.80
 2232.56
 1808.03
 1368.41
 1369.83
 1413.24
 1464.92
 1198.74
 1159.80
 1353.77
 1288.53
 1232.72
 1113.45
 1061.54
 1116.62
 1494.90
 1491.48
 1484.17
 1464.09
 1398.63
 1441.55
 1430.00
 1416.66
 1830.03
 2371.20
 2410.58
 3093.84
 6181.94
 9565.20
10684.17
10784.84
10849.83
10691.14
10062.50
 9552.91
 9268.81
 8966.90
 8650.57
 8013.07
 6976.68
 6768.80
 6600.18
 6107.72
 5744.78
 5426.10
 5142.23
 5137.50
 4784.61
 4239.03
 3757.42
 3114.97
 2862.72
 2886.68
 2897.52
 2857.76
 2561.03
 2159.53
 2082.22
 2088.03
 2114.56
 2284.69
 2663.79
 2854.11
 2843.12
 2773.15
 3071.67
 3623.14
 3883.66
 4044.01
 3966.00
 3909.03
 4028.18
 4039.51
 4000.83
 3257.15
 2844.20
 2813.76
 2477.50
 2172.38
 2209.31
 2204.58
 2871.10
 3982.17
 4944.60
 5033.91
 5093.49
 4814.57
 3614.87
 2639.72
 2187.84
 1884.60
 1715.41
 1248.29
 1057.86
  990.49
  956.51
 1926.14
 2902.25
 3509.05
 3542.32
 2690.70
 1807.32
 1818.54
 2570.94
 3086.76
 3095.40
 3099.87
 2716.29
 2334.61
 2860.00
 3938.39
 4255.80
 4271.48
 3991.74
 3079.12
 2331.41
 2318.67
 1945.85
 1458.32
 1452.31
 1442.15
 1448.07
 1464.09
 2184.42
 5380.57
 8290.95
10095.81
 8580.23
 5570.29
 3091.15
 1828.45
 1487.57
 1479.44
 1064.71
  898.01
  918.66
  875.70
  877.82
  787.43
  655.53
  578.97
  577.66
 1240.65
 1302.35
 1297.73
 1014.22
 1160.99
 1162.18
  999.47
  881.02
 1012.70
 1002.42
  985.20
 1164.64
 1254.32
 1392.96
 1208.53
 1024.14
 1116.28
 1096.46
 1111.80
  999.70
 1119.59
 1109.20
 1109.54
 1115.09
  976.82
  915.12
 1065.31
 1083.01
 1068.03
 1078.39
  797.01
 1108.26
  840.67
  843.73
  852.93
  864.60
  922.53
  713.81
  891.05
  898.83
  852.93
  915.23
  922.31
  903.42
  884.90
  888.21
  905.91
  913.59
  911.32
  908.49
  907.67
  924.32
  916.64
  906.85
  918.77
  912.74
  902.12
  907.22
  893.51
  913.81
  900.70
  912.99
  904.13
  998.28
  997.83
  998.88
 1013.04
  994.29
 1030.25
 1020.60
 1013.26
 1014.93
 1004.20
  988.74
 1001.48
  990.75
  999.10
  987.78
  989.67
 1003.61
 1013.74
  984.83
  999.95
 1002.78
 1009.01
  996.75
  995.11
  998.40
 1092.69
 1100.70
 1108.49
 1101.41
 1001.00
 1008.67
 1021.90
 1013.26
  914.52
  906.85
  895.89
  893.17
  845.74
  798.20
  802.30
  893.06
 1014.34
 1011.85
  985.20
  920.30
  697.90
  777.07
  781.21
  783.67
  770.33
  792.16
  795.11
  831.10
  822.26
  827.56
  719.62
  633.96
  629.57
  623.45
  625.58
  613.65
  618.50
  612.35
  617.31
  621.21
  607.62
  608.47
  602.44
  609.18
  626.17
  633.96
  626.62
  651.29
  731.40
  824.50
  815.41
  895.63
  883.85
  893.62
  984.49
 1002.78
 1072.39
 1019.63
  979.76
  913.59
  901.41
  894.47
  914.04
  925.85
  936.95
  937.66
  931.62
  929.27
  930.21
  949.80
  936.47
  859.19
  952.86
  671.22
 1087.48
 1070.38
 1074.85
 1081.93
 1070.04
  765.97
  810.57
 1012.21
 1986.79
 4762.19
 6836.39
 8453.65
 9266.46
 9591.74
 9044.29
 8246.23
 7644.25
 7372.66
 7425.98
 7422.44
 7383.84
 7279.21
 7105.77
 6923.58
 6574.24
 6005.07
 5194.02
 4557.82
 3941.11
 3596.13
 3020.93
 2330.14
 2351.01
 2356.07
 2209.20
 2043.29
 2033.86
 2364.57
 2825.54
 2847.63
 2849.50
 3153.56
 3550.59
 4025.01
 4495.19
 4463.81
 4419.78
 4240.93
 3737.71
 3414.53
 3370.41
 2689.05
 1783.48
 1582.69
 1832.81
 2261.21
 2440.69
 2438.08
 2400.08
 1882.84
 1585.74
 1588.58
 1562.27
 1428.36
 1358.98
 1508.47
 1501.87
 1484.03
 1362.52
 1303.99
 1246.31
 1040.30
 1095.52
 1127.38
 1173.73
 1178.80
 1179.76
  984.38
  870.26
  860.95
  921.94
  873.23
  863.78
  776.11
 1003.83
 1052.68
 1064.94
 1057.52
 1087.85
 1098.21
 1289.24
 1509.88
 1100.59
  853.16
 1057.52
 1268.25
 2159.39
 3003.11
 3295.60
 3288.29
 3241.09
 3267.88
 3282.63
 2966.08
 2059.23
 1577.25
 1465.62
 1548.45
 2063.36
 3915.29
 4382.63
 4427.57
 4310.90
 4120.47
 3417.96
 2617.30
 2595.95
 2617.89
 2546.39
 2352.42
 2316.20
 1892.05
 1497.03
 1491.70
 1492.30
 1491.96
 1505.52
 1039.34
 1007.97
 1253.50
 1516.25
 1405.70
 1431.78
  699.09
  542.75
  566.34
  566.34
  509.70
  509.70
  509.70
  424.75
  424.75
  424.75
  424.75
  424.75
  424.75
  424.75
  424.75
  424.75
  502.62
  558.66
  738.02
  766.45
  786.73
  818.24
  832.74
  677.85
  582.02
  566.34
  566.34
  509.70
  509.70
  497.90
  509.70
  467.23
  424.75
  424.75
  424.75
  424.75
  424.75
  522.11
  859.64
  873.57
  897.42
 1125.25
  734.48
  941.05
 1091.98
  481.61
  424.75
  832.74
  819.43
  733.63
  736.95
  719.73
  690.59
  694.24
  498.49
  657.66
  857.52
  849.87
  851.86
  509.70
  509.70
  509.70
 1162.18
 1318.63
 1316.14
 1163.60
  853.87
 1118.18
 1133.75
 1552.58
 2343.33
 2012.28
 1444.53
 1216.92
 1111.92
 1276.38
 1194.04
 1366.88
 1312.97
  841.01
  832.03
  957.48
  951.56
  974.69
 1109.31
  630.05
  471.70
  473.49
 1128.43
 1336.67
 1048.32
 1379.63
 1380.11
 1643.91
 1875.51
 1694.54
 1541.63
 1367.70
 1397.80
 1301.53
 1288.64
 1165.35
 1161.47
 1173.62
 1198.62
  880.88
  899.65
  933.27
  935.39
  918.66
  971.75
  972.09
  983.90
 1004.20
 1165.46
 1334.43
 1142.58
 1160.17
  826.63
  780.95
  734.82
  719.47
  684.08
  685.49
  831.58
 1093.03
  922.08
  929.87
 1198.51
 1210.06
  950.85
 1139.53
 1155.92
  804.20
  782.85
  999.70
 1006.89
 1057.15
 1007.97
  995.22
  692.35
  698.94
 1120.30
 1148.36
 1180.22
 1446.17
 1450.64
 1195.79
 1099.77
 1394.83
 1327.35
 1156.04
 1139.98
 1137.74
 1182.71
 1168.55
 1188.83
 1470.24
 1465.76
 1455.26
 1451.95
 1448.89
  819.66
 1310.48
 1235.32
 1233.43
 1238.27
 1172.20
 1179.40
 1180.33
 1183.64
 1185.29
 1166.65
 1203.95
 1138.22
 1478.85
 1531.35
 1547.03
 1529.00
 1509.51
 1519.31
  946.60
  970.79
 1012.33
  939.78
  937.88
  888.33
 1126.53
 1198.40
 1159.46
  965.38
  895.29
  896.45
  988.97
 1102.35
 1082.89
 1079.58
 1089.26
 1079.69
 1054.58
 1076.97
 1070.38
 1068.85
  704.86
  719.59
  816.12
  812.81
  807.51
  803.60
  820.25
  800.55
 1177.98
 1179.62
 1209.95
 1215.73
 1218.81
 1393.08
 1578.89
 1579.85
 1411.82
 1157.11
 1243.22
 1239.34
 1232.97
 1229.32
 1228.95
 1226.12
 1229.89
 1414.43
 1468.94
 1519.79
 1399.56
 1370.05
 1493.94
 1768.87
 2095.93
 2090.72
 1713.76
 1461.97
 1465.17
 2000.95
 2694.72
 2917.00
 2876.88
 2155.14
 1507.87
 1532.42
 1536.56
 1539.25
 1545.87
 1548.45
 1556.83
 1564.17
 1556.01
 1189.90
 1415.62
 1441.70
 1470.83
 1391.18
 1285.95
 1762.13
 2389.46
 2725.72
 2779.19
 2865.33
 3027.44
 3558.49
 4626.97
 5051.02
 5151.32
 5123.00
 4949.44
 4850.19
 4781.19
 4680.89
 4281.99
 3972.15
 4233.26
 4255.68
 3819.94
 3383.86
 3417.73
 3593.52
 3979.22
 4115.15
 4031.50
 3634.69
 3400.85
 3378.79
 3353.42
 3329.83
 3330.06
 3315.56
 3020.10
 2739.17
 2705.08
 2711.00
 2783.32
 2994.03
 3209.12
 2987.09
 2873.45
 2868.38
 2346.28
 1503.40
 1522.40
 1541.74
 1354.73
 1071.68
  909.34
 1103.31
 1183.05
 1376.09
 1367.93
 1363.94
 1505.64
 1509.66
 1530.04
 1538.54
 1535.48
 1530.89
 1527.92
 1522.26
 1498.56
 1381.98
 1497.62
 1482.50
 1467.75
 1450.53
 1444.87
 1452.88
 1459.96
 1465.76
 1461.74
 1730.98
 2360.10
 2731.64
 2656.35
 2636.30
 2681.61
 2280.92
 1379.40
 1372.77
 1351.08
 1350.83
 1345.16
 1356.75
 1357.91
 1379.14
 1392.37
 1405.93
 1413.61
 1091.02
 1810.15
 2944.24
 4182.17
 5484.38
 6380.61
 6616.94
 6773.98
 5950.56
 5120.99
 5293.35
 5382.69
 4419.92
 2977.18
 2416.50
 2025.36
 2020.29
 2264.75
 2386.63
 2259.80
 2147.01
 2138.63
 2145.71
 2153.01
 2164.71
 2057.22
 1732.17
 1476.02
 1476.02
 1132.67
 1132.67
  841.01
  831.21
  782.85
  793.81
 1137.74
 1334.20
 1413.61
 1432.12
 1431.90
 1366.06
 1365.69
 1295.16
 1864.32
 3141.75
 3200.51
 3240.04
 3250.89
 3101.40
 2834.03
 1970.97
 1147.20
  989.79
 1136.21
  820.14
  778.23
  703.08
  763.85
 1060.24
 1431.53
 1365.24
  798.05
  566.45
  727.40
  701.78
  684.93
  691.04
  713.81
  746.86
  717.72
  701.78
  768.92
  720.18
  974.81
 1040.16
 1006.78
  814.93
  895.04
  973.17
 1000.07
  996.98
 1003.61
  557.02
  549.35
 1007.85
 1010.57
 1014.82
 1008.45
 1004.77
  596.30
  577.78
  570.58
  721.97
  713.58
  809.98
  796.41
  809.27
  839.00
  814.93
  811.05
  836.99
  918.40
  963.37
  811.99
  814.00
  914.63
  927.26
 1051.38
 1066.72
 1034.39
 1044.67
  818.95
  650.24
  347.70
  339.80
  339.80
  339.80
  339.80
  339.80
  339.80
  339.80
  315.02
  327.99
  259.58
  141.58
  212.38
  480.20
  821.19
  948.39
  992.02
 1137.15
 1274.26
  920.30
  495.54
  382.28
  339.80
  339.80
  240.69
  141.58
  140.06
  141.58
  215.92
  339.80
  509.70
  835.35
 1061.88
 1132.67
 1132.67
 1132.67
 1274.26
 1415.84
 1415.84
 1415.84
 1415.84
 1415.84
 1415.84
 1415.84
 1168.07
 1207.83
  836.99
  808.22
  825.10
  828.49
  855.28
  802.78
  899.77
  723.27
  705.57
  815.53
  812.35
  927.04
  900.25
  832.74
  848.57
  850.69
  843.50
  847.98
  855.99
  699.65
  786.27
  800.55
  826.03
  727.86
  733.41
  736.01
  719.47
  769.03
  893.76
  860.72
  940.94
  934.68
  989.19
  973.87
  707.92
  566.34
  566.34
  681.95
  566.34
  679.60
  792.87
  802.19
  568.69
  535.19
  603.15
  587.23
  523.86
  759.97
  754.16
  660.26
  826.63
  769.51
  624.27
  654.83
  927.97
 1067.06
  620.03
  611.76
  583.33
  629.82
  651.06
  652.36
  660.49
  575.77
  653.64
  685.27
  665.93
  703.45
  718.06
  713.24
  582.99
  576.13
 1031.67
 1003.01
  784.60
  734.00
  734.23
  582.51
  487.05
  961.84
 1067.32
 1326.42
 1437.90
 1424.82
 1129.96
  849.51
  849.51
  849.51
  972.91
  931.51
  942.24
  566.34
  566.34
  941.90
 1072.27
 1128.43
 1109.43
 1136.21
 1199.22
 1472.48
 2292.02
 3533.01
 3207.82
 2678.77
 2519.01
 2586.86
 2445.53
 2252.49
 2233.26
 2185.01
 2185.01
 1899.13
 1523.45
 1532.88
 1539.13
 1544.57
 1543.04
 1541.74
 1542.33
 1240.28
 1225.19
 1302.09
 1161.36
 1117.81
 1547.74
 1547.52
 1550.23
 1562.61
 1561.90
 1559.07
 1562.61
 1558.02
 1549.41
 1545.62
 1971.93
 2596.32
 2734.81
 3127.11
 3365.46
 2913.46
 2371.76
 2639.50
 2911.20
 2927.74
 2976.70
 3290.30
 3464.34
 3438.85
 3393.43
 3136.09
 2833.33
 2836.64
 3601.90
 5123.45
 6361.15
 6387.80
 5893.22
 5288.65
 4114.92
 3261.39
 3011.27
 2984.96
 2963.24
 2948.38
 2933.63
 2924.14
 3462.56
 4600.78
 6205.52
 7357.79
 8186.40
 8441.25
 8417.18
 8395.46
 7054.09
 6867.32
 6836.76
 6884.90
 6839.45
 6791.91
 7455.83
 8230.66
 7796.93
 6181.45
 5129.00
 5316.37
 5624.21
 5775.59
 5642.84
 5710.46
 5739.82
 5860.17
 6153.73
 6167.18
 6797.12
 7383.02
 6819.89
 5731.81
 4986.96
 4702.72
 4491.28
 4252.71
 3436.73
 2966.90
 2933.74
 2209.90
 1384.58
 1407.23
  996.98
 1180.10
 1444.75
 2597.84
 6012.37
 8876.14
 9843.76
10015.07
 9226.56
 8506.27
 7702.18
 7340.66
 7291.96
 7329.82
 7209.58
 7247.81
 7324.86
 7499.83
 8430.52
 9951.73
 9621.84
 7446.14
 5299.87
 3067.31
 1271.43
 1872.22
 3538.19
 4190.55
 3894.39
 3854.86
 3896.77
 3806.86
 4174.02
 4825.30
 4778.84
 4429.12
 4063.13
 3857.83
 3659.36
 2854.34
 1806.61
 1442.26
 1420.09
 1451.72
 1423.03
 1489.58
 1499.15
 1492.18
 1488.76
 1447.93
 1450.64
 1448.89
 1302.69
 1100.68
 1236.03
 1274.26
 1267.18
 1238.86
  841.12
  630.98
  628.86
  697.67
  577.66
  797.60
  850.81
  845.14
  531.05
  504.04
  817.54
  823.79
  799.61
  829.91
  433.96
  439.62
  569.40
  903.53
 1033.45
 1191.66
 1673.75
 1440.36
 1188.00
 1114.98
 1115.20
 1287.60
 1292.55
 1130.44
  827.08
  836.42
 1063.18
  959.83
  961.84
  963.48
  967.50
  795.11
  944.59
 1204.54
 1399.56
 1641.07
 1859.48
 1582.43
 1468.23
 1464.92
 1462.57
 1458.32
 1112.51
  945.56
  971.86
  877.00
  852.56
 1002.42
 1017.76
 1162.29
 1454.55
 1469.64
  977.75
  970.45
 1131.14
 1435.44
 1410.29
 1439.20
 1078.99
 1078.99
  887.73
 1055.74
 1301.98
 1320.75
 1434.96
 1430.00
 1427.99
 1416.07
 1424.34
 1438.50
 1425.75
 1460.92
 1178.35
 1500.79
 1104.58
 1231.30
 1222.58
 1296.80
 1589.28
 1581.16
 1047.50
 1053.16
 1108.72
 1110.50
 1097.28
 1077.23
 1070.97
  957.59
  961.73
 1376.31
 1518.97
 1534.66
 1284.28
 1264.12
 1013.52
 1042.99
 1020.71
 1047.24
 1030.39
  996.87
 1025.07
 1065.53
 1061.54
 1209.02
 1199.59
 1165.24
 1180.33
 1177.75
  973.62
  964.56
  800.06
  787.21
  910.50
 1192.03
 1203.95
  951.56
  815.41
  813.29
  981.07
 1007.15
  998.28
  979.54
  544.16
  540.37
 1143.07
 1183.64
 1186.25
 1165.12
 1185.17
  991.57
  973.28
 1011.14
 1088.19
 1146.83
 1152.50
 1150.85
  989.19
  848.09
  935.99
  812.21
  574.61
 1109.68
 1205.25
 1205.25
 1221.16
 1196.16
 1217.62
 1317.21
 1470.95
 1475.79
 1297.62
 1263.30
 1272.62
 1292.18
 1316.39
 1307.30
 1313.42
  957.93
 1003.35
  955.69
  957.00
  971.27
  978.57
 1002.53
  912.99
  762.32
  881.36
 1201.00
 1205.25
 1307.05
 1296.09
 1163.23
 1043.84
 1073.80
 1044.18
 1250.56
 1234.84
 1379.51
 1139.27
  809.64
 1113.45
 1114.86
 1134.68
  712.17
  710.27
  561.98
  545.92
 1299.63
 2111.16
 2814.47
 2836.75
 2730.11
 2622.25
 2603.25
 2850.57
 3244.52
 3220.45
 3225.52
 3042.87
 2876.77
 2934.56
 3282.15
 3706.45
 3810.85
 3690.51
 2941.07
 2154.69
 1744.80
 1515.66
 1518.15
 1524.75
 1224.11
 1194.97
  874.51
  891.64
 1016.94
 1014.82
  891.50
  788.40
  789.22
  571.29
  572.23
  567.75
  864.15
  871.93
  872.27
  965.26
 1172.80
 1475.68
 1503.85
 1522.26
 1510.70
 1514.95
 1515.18
 1515.18
 1514.95
 2529.77
 4157.39
 4765.84
 5234.94
 5072.37
 5174.08
 5131.83
 4814.32
 4024.53
 3142.69
 2701.43
 2239.38
 1934.75
 1721.44
 1499.15
 1500.79
 1507.87
 1532.05
 1488.98
 1471.29
 1432.35
 1497.25
 1434.25
 1408.17
 1516.59
 1059.42
 1023.54
 1146.35
 1312.71
 1098.58
 1270.38
 2052.74
 3384.34
 3914.32
 3958.47
 4003.29
 4441.38
 4995.80
 4871.21
 4429.12
 4047.07
 3897.59
 3063.54
 1882.96
 1506.94
 1525.80
 1528.40
 1528.77
 1518.26
 1950.55
 3019.51
 3967.42
 5628.34
 6803.01
 6859.05
 6679.01
 5805.43
 4929.96
 4875.93
 4765.39
 4079.16
 2661.19
 1891.45
 1595.06
 1432.35
 1488.98
 1337.49
 1440.73
  791.12
  824.39
  815.89
 1059.87
  718.65
  712.65
  700.02
  718.06
  561.13
  582.28
  568.57
  511.12
  521.26
  442.22
  442.22
  436.67
  436.79
  424.75
  419.80
  418.75
  409.77
  423.22
  436.45
  332.61
  283.17
  330.37
  424.75
  424.75
  845.37
  878.42
 1191.32
  911.32
 1184.35
  960.31
  902.60
  350.19
  334.14
  719.47
  804.57
 1043.25
 1066.95
 1076.86
  758.78
  764.78
  707.58
  699.65
  981.89
 1357.31
 1386.34
 1437.45
 1083.12
 1113.33
 1422.92
 1454.07
 1449.60
 1523.45
 2497.55
 2786.86
 1959.04
  903.79
  424.75
  424.75
  424.75
  424.75
  143.59
   88.49
  633.96
 1099.63
 1385.06
 1397.32
 1416.21
 1422.44
 1422.81
 1430.71
 1438.61
 1268.96
 1074.74
 1294.08
 1137.63
 1021.30
 1036.28
 1052.57
  792.39
  792.05
  590.89
  567.98
  528.48
  625.58
  644.43
  707.69
  814.70
  686.57
  682.32
  949.44
 1119.11
 1111.21
  701.66
  705.80
  713.47
  716.42
  720.66
  715.71
 1156.26
 1470.72
 1051.26
  828.49
  821.78
  827.45
  859.64
  882.44
  981.07
  987.78
  841.94
  851.63
  868.51
  884.79
 1004.43
 1047.02
 1006.44
  556.09
  578.74
  566.82
  659.44
  836.17
 1011.28
 1011.62
  793.69
 1016.23
 1192.85
 1157.34
 1271.31
 1249.37
 1268.25
  698.94
 1009.16
 1378.10
 1428.25
 1505.97
 1540.21
 1524.75
 1508.10
 1511.89
 1497.37
 1453.96
 1404.40
 1277.09
 1320.27
  857.29
  993.44
 1145.08
 1125.71
 1162.29
 1160.06
 1152.38
  693.28
  679.12
  930.10
 1004.31
 1011.99
 1013.26
  995.71
  801.96
  800.43
  896.60
  926.56
  923.24
  952.27
  915.34
  818.13
  814.22
  794.88
  803.15
  803.49
  799.72
  833.34
 1015.05
  927.26
 1149.07
 1159.09
 1172.32
 1176.93
 1444.16
  997.46
  973.39
 1221.39
 1214.57
 1206.89
 1282.41
 1000.41
  565.29
  566.34
  704.38
  723.27
  910.98
 1536.78
 1984.67
 2367.18
 1906.32
 1937.58
 1998.23
 1999.88
 1986.31
 1672.93
 1528.63
 1547.52
 1549.64
 1546.81
 1510.11
 1511.19
 1383.39
 1122.06
  935.99
  966.31
  890.23
  897.42
  918.17
  904.50
 1004.54
 1066.36
 1086.06
 1484.88
 1486.29
 1239.46
 1286.66
 1526.28
 1540.44
 1555.08
 1561.79
 1539.96
 1836.94
 2021.71
 2717.60
 3897.11
 3855.82
 3807.68
 3797.29
 3743.01
 3686.37
 3564.04
 3451.34
 2994.28
 2349.11
 1703.26
 1554.26
 1557.43
 1562.61
 1561.67
 1559.78
 1241.47
 1242.77
 1226.94
 1494.90
 1273.78
 1210.32
 1477.80
 1230.96
 1406.64
 1383.76
 1238.27
 1234.84
 1243.59
 1240.50
 1244.04
 1245.23
 1234.98
 1238.86
 1245.23
 1327.01
 1533.36
 1432.83
 1538.54
 1526.05
 1518.86
 1512.35
 1511.64
 1505.75
 1514.47
 1529.70
 1548.34
 1551.17
 1530.75
 1506.94
 1519.31
 1354.96
 1518.86
 1542.33
 2116.80
 2589.09
 2562.90
 3516.13
 4146.52
 4167.53
 4230.76
 4445.15
 4692.33
 4663.90
 4539.08
 4396.67
 3870.69
 3002.78
 2751.80
 3060.23
 3124.88
 3326.18
 3606.63
 3870.09
 4091.08
 4205.99
 4336.84
 4587.44
 4679.25
 4611.29
 4357.48
 4298.38
 4462.03
 4664.97
 5029.89
 5375.73
 5332.29
 4914.50
 4364.93
 3872.92
 3431.07
 3364.98
 3541.25
 3910.92
 4069.73
 3679.89
 3407.45
 4135.34
 4049.90
 3986.42
 4016.97
 3805.90
 3566.73
 2627.32
 1559.55
 1560.97
 1547.74
 1351.31
 1539.50
 1538.09
 1539.50
 1522.03
 1524.15
 1523.45
 1520.73
 2148.20
 3531.48
 4740.72
 5037.23
 5326.77
 5450.99
 5316.49
 5117.08
 4271.60
 2967.12
 2456.71
 2474.78
 2470.16
 2462.26
 2565.87
 2643.86
 3125.36
 3597.06
 3550.34
 3455.48
 3431.66
 3475.89
 3454.66
 3147.90
 2833.10
 2804.19
 2225.93
 1494.90
 1508.10
 1506.46
 1505.86
 1509.51
 1444.27
 1512.94
 1145.08
 1114.15
 1138.71
  841.60
  887.03
  868.73
  916.76
  960.31
 1085.72
  611.76
  717.61
  552.41
  930.21
 2390.31
 3520.97
 3667.40
 3855.45
 3386.58
 2484.80
 2044.25
 1816.89
 1733.47
 1999.17
 1723.31
 1079.24
  707.92
  707.92
  766.91
 1409.47
 2074.10
 2549.11
 2502.39
 2095.11
 1471.17
 1045.83
  424.75
  424.75
  424.75
  424.75
  424.75
  906.14
  906.14
 1074.85
 1093.74
 1121.57
 1223.06
 1415.84
 1415.84
 1432.35
 1445.94
 1755.64
 2191.02
 2187.48
 1953.38
 1463.50
 1463.98
  915.57
  906.14
 1076.04
 1076.04
 1076.04
 1076.04
 1280.52
 1499.97
 1494.90
 1495.61
 1494.79
 1492.30
 1496.55
 1497.37
 1498.90
 1503.51
 1498.67
 1509.51
 1492.41
 1190.50
 1465.99
 1133.86
 1103.65
  852.82
  831.33
  807.14
  812.10
  798.90
  732.59
  813.40
  389.02
  381.80
  406.12
  472.30
  765.74
  881.48
  971.49
 1015.39
 1053.16
 1053.39
 1060.47
 1075.11
  864.37
 1078.53
 1081.82
 1082.52
  771.63
  760.19
  890.79
 1110.73
 1168.18
 1201.34
 1194.74
 1074.62
  946.01
  910.39
  927.49
 1029.91
 1052.34
 1097.76
 1077.23
 1188.60
 1200.63
 1207.60
 1078.53
 1132.19
 1120.64
  991.91
 1091.73
 1127.61
 1156.97
 1142.58
 1137.40
 1093.62
 1131.48
  926.19
  845.97
  849.51
  849.51
  923.24
 1063.52
 1130.32
 1128.43
 1131.37
 1160.40
 1152.98
 1147.91
  983.90
  864.03
  885.84
  919.11
  885.50
  904.38
 1069.33
 1045.12
 1070.38
 1076.52
 1064.83
 1086.06
 1030.73
 1150.37
 1156.04
  986.36
  711.94
  987.32
 1030.14
 1121.94
 1105.55
 1103.88
  849.51
  802.90
 1144.48
 1175.15
 1131.03
 1083.23
 1106.59
 1114.04
 1128.65
  849.87
  880.17
  877.82
  879.24
  879.24
  879.46
  855.88
  852.82
  854.94
  850.44
  868.73
  889.38
  866.16
  863.66
  873.80
  883.49
  893.99
  905.43
  903.19
  570.44
  566.34
  906.37
  906.14
  936.58
 1107.67
 1147.43
  976.45
 1185.17
 1176.34
 1027.42
 1185.99
 1173.51
 1156.04
 1128.54
 1148.96
 1143.18
 1123.24
 1173.25
 1187.18
 1473.41
 1861.61
 1860.53
 1848.38
 1842.38
 2131.44
 2638.31
 1968.02
 1194.26
 1205.82
 1209.84
 1223.51
 1234.84
 1745.03
 2246.46
 2256.85
 2242.21
 2215.31
 2180.62
 2172.61
 2169.55
 2168.84
 1952.56
 2841.00
 4444.56
 5070.95
 5353.78
 5573.58
 5570.15
 5493.35
 5227.52
 4551.71
 3458.90
 3481.78
 3514.23
 3489.71
 3483.68
 3447.80
 3207.11
 4111.12
 5350.47
 5641.08
 5676.93
 5488.88
 5072.37
 4088.73
 2777.40
 2493.19
 2548.18
 1557.43
 2284.46
 2251.90
 2230.66
 2228.54
 2248.02
 2276.33
 2690.33
 3145.52
 3072.75
 3032.03
 3053.26
 3054.68
 3042.05
 3219.29
 3481.56
 3506.70
 3504.07
 3508.12
 3537.37
 3465.98
 3179.13
 2782.47
 2811.64
 2827.66
 2828.03
 2828.26
 2813.51
 2819.54
 2876.99
 2999.58
 3479.55
 4688.79
 5856.15
 6059.47
 6276.66
 5407.33
 4703.31
 4714.42
 4871.69
 5051.24
 5072.96
 4296.74
 3467.28
 3449.47
 3391.54
 2956.39
 2419.45
 2397.13
 2208.60
 2018.88
 2054.50
 2073.27
 2083.30
 2081.40
 2081.40
 2084.49
 1848.61
 1617.37
 1610.63
 1859.11
 2410.95
 2412.96
 2832.76
 4134.37
 6989.08
 8577.65
 8799.23
 8645.02
 7981.10
 6725.73
 6066.88
 5541.38
 5099.64
 4975.98
 4555.59
 4489.75
 4489.75
 4543.92
 4542.25
 4502.86
 4750.63
 5415.97
 6091.77
 6570.33
 6540.26
 6372.11
 6257.54
 6066.88
 5880.70
 5800.22
 5066.25
 4096.63
 3661.03
 2980.12
 1913.51
 1495.72
 1514.47
 1532.31
 1529.22
 1308.95
 1251.12
 1036.99
  912.88
  898.83
  846.79
  593.24
  582.99
 1011.85
 1009.86
 1042.99
  821.56
  833.59
  358.92
  346.88
  356.91
  344.64
  588.99
  561.61
  572.11
  548.67
  563.25
 1091.98
 1159.69
 1389.42
 1447.81
 1587.27
 1475.19
 1578.66
 2379.92
 3589.64
 3591.51
 3265.30
 2302.87
 1493.01
 1439.91
 1446.17
 1196.16
 1091.61
  982.96
  966.31
  547.82
  529.41
  534.96
 1021.42
  936.47
 1082.07
  855.17
  761.02
  537.68
  540.74
  915.82
 1457.84
 1427.76
 1492.52
 1530.53
 1504.70
 2583.43
 3905.12
 3436.02
 2879.60
 2859.07
 2870.14
 2847.37
 2808.92
 2801.73
 2870.14
 2933.26
 2972.67
 3017.05
 3226.59
 3674.82
 4047.55
 4449.88
 4729.28
 4412.59
 4182.40
 4161.64
 4130.13
 3990.78
 4085.64
 4208.36
 3792.33
 3432.71
 3379.62
 3323.80
 3291.13
 3285.69
 2559.25
 1818.88
 1827.51
 1678.14
 1809.22
 1528.52
 1216.58
 1172.43
 1149.78
 1019.41
 1104.58
  963.25
 1017.40
 1097.28
 1078.53
 1097.99
  824.84
  849.02
 1031.81
 1017.28
 1046.53
 1020.60
 1053.05
 1021.76
 1001.11
 1043.48
 1012.92
 1006.18
 1000.29
  997.94
  699.91
  709.00
  899.17
  918.17
  939.30
  889.74
  869.44
  585.11
  566.34
 1140.57
 1175.15
 1133.16
 1180.70
 1192.73
 1138.22
 1177.39
 1169.49
 1161.81
 1117.33
 1123.84
 1135.73
  552.41
  707.92
  844.32
 1060.83
  858.00
 1027.31
  814.00
  598.90
  609.29
  596.66
  819.18
  828.27
  844.32
  836.76
  550.99
  545.47
  810.57
  843.62
  824.13
  808.93
  818.47
  702.37
  709.56
  840.53
  836.76
  842.43
  831.69
  817.76
  842.20
  836.28
  837.24
  870.86
  860.95
  849.51
  864.15
  792.98
  791.91
  841.01
  842.31
  849.99
  851.29
  850.81
  707.92
  707.92
  848.57
  837.58
  847.04
  853.75
  853.53
  552.18
  562.09
  872.87
  837.13
  843.13
  845.14
  851.40
  855.17
  841.94
  854.23
  875.47
  869.92
  850.44
  847.38
  749.80
  826.29
  849.02
  890.45
  882.78
  874.99
 1514.61
 1831.56
 1797.24
 1735.48
 1633.06
 1548.00
 1562.24
 1559.55
 1247.73
  886.91
  869.33
  869.33
  877.34
  872.16
  866.72
  850.69
  889.63
  903.31
  901.18
  904.13
  903.19
  906.85
  546.29
  562.09
  882.44
  875.93
  873.69
  863.89
  856.47
  754.76
  744.73
  871.82
  887.14
  498.49
  858.23
  865.90
  870.97
  860.35
  855.06
  870.04
  921.71
  909.20
  901.41
  877.60
  853.53
  856.24
  871.82
  889.86
  853.53
  883.49
  588.76
  585.11
  572.93
  577.18
  580.01
  577.18
  846.19
  867.09
  843.73
 1282.16
 1803.19
 1791.27
 1798.83
 1309.43
  859.78
  892.92
  894.10
  892.21
 1422.72
 2866.03
 5086.64
 6385.93
 6283.39
 5960.36
 5693.33
 5724.85
 5529.35
 4622.39
 4089.43
 3638.94
 3347.90
 3439.79
 3453.72
 3414.19
 3441.80
 2792.64
 2192.43
 2166.95
 2167.54
 2195.26
 2173.69
 2162.81
 2148.65
 2148.65
 2134.61
 2113.74
 2093.10
 2739.54
 4016.74
 4671.09
 4666.02
 4650.33
 4600.44
 4648.69
 4537.29
 3960.34
 3032.51
 2987.54
 2947.08
 2971.03
 3391.88
 3873.15
 3931.20
 3925.20
 3891.22
 3557.30
 2846.44
 2544.75
 2740.59
 2669.46
 2633.69
 2340.39
 2204.58
 1899.01
 1611.71
 1625.76
 1630.34
 1630.12
 2960.78
 3828.66
 3813.34
 3815.10
 3778.40
 3549.40
 3273.80
 3220.45
 2727.99
 2200.33
 1844.73
 1376.43
 2005.43
 2511.36
 2515.24
 2522.21
 2495.79
 2491.77
 1987.36
 1360.74
 1403.92
 1447.36
 1716.82
 2007.78
 1803.90
 1589.76
 1394.60
  859.08
  857.12
 1084.20
 1073.69
 1321.80
 1141.28
 1262.82
 1367.56
 1512.35
 1298.70
 1290.20
 1272.50
 1359.21
 2418.97
 3958.70
 5278.85
 6838.89
 6342.75
 4034.30
 2280.58
 2262.88
 2717.23
 3198.61
 3253.95
 3325.93
 3762.49
 4260.86
 4603.84
 4723.00
 4712.86
 4648.81
 4447.05
 4254.72
 3935.11
 4007.43
 4036.34
 4022.41
 4041.30
 4029.26
 3908.09
 3409.35
 2605.74
 2250.96
 2279.17
 1955.50
 1610.04
 1617.71
 1619.47
 1606.87
 1133.50
 1107.56
 1074.14
 1362.41
 1376.20
 1620.91
 1611.46
 1001.71
  955.92
  908.63
  912.28
  974.21
 1121.01
 2393.96
 4155.72
 4224.28
 4150.66
 4075.73
 3744.31
 3485.58
 3507.98
 3496.54
 3476.71
 3021.52
 2584.28
 2588.75
 2570.46
 2135.46
 1265.62
 1008.79
 1012.44
 1028.13
 1173.62
  890.34
  683.14
  640.78
 1008.56
 1621.96
 2227.12
 2452.61
 1836.57
 1274.74
  715.71
  707.92
  707.92
  792.87
  882.55
  906.14
  906.14
  711.94
  694.58
  975.63
  982.82
 1088.07
 1355.07
 1335.51
 1328.88
 1299.15
 1288.30
 1198.51
 1142.47
 1107.67
 1208.31
 1253.73
  787.32
 1061.29
 1102.83
 1244.75
 1239.09
 1235.69
 1258.34
 1293.60
 1295.98
 1292.78
 1292.89
 1283.83
 1274.26
 1274.26
 1273.55
 1266.84
 1275.19
  969.85
 1250.42
 1285.81
  923.24
  921.12
 1114.04
 1303.99
 1211.85
 1086.18
 1251.49
 1064.37
 1132.67
 1066.36
 1270.95
 1194.97
 1028.50
 1014.34
  911.80
  799.13
  982.48
  906.14
  906.14
  863.66
  707.92
  849.51
  792.87
  792.87
  792.87
  792.87
  792.87
  707.92
  707.92
  707.92
  789.33
  792.87
  785.79
  803.97
  940.60
  884.56
  844.66
  854.35
  976.11
 1010.43
  701.92
  761.95
  869.44
  987.21
  981.07
  919.11
  959.94
  915.57
  875.59
  482.80
  575.20
  915.12
  896.23
  905.29
 1022.12
  963.59
  783.67
  757.25
  753.71
  797.83
  779.08
  791.31
  760.68
  578.15
  647.75
  756.54
  765.49
  844.21
  951.81
  816.46
  598.31
  620.96
  567.75
  515.85
  521.96
  622.26
  562.32
  571.07
  569.99
  679.60
  845.03
  850.21
  851.15
  847.75
  638.66
  444.57
  441.74
  772.82
  906.37
  593.72
  782.37
  576.36
  584.15
  846.19
  849.51
  865.65
  833.22
  829.68
  593.95
  566.34
  708.74
  510.07
  509.70
  502.51
  509.70
  509.70
  509.70
  509.70
  509.70
  509.70
  509.70
  424.75
  424.75
  424.75
  770.93
  607.40
  792.65
 1001.82
 1164.05
 1164.19
 1205.00
 1829.86
 2671.47
 3136.57
 3055.98
 2369.78
 1852.29
 1660.56
 1647.70
 1642.38
 1641.19
 1065.42
  988.63
  962.77
 1289.61
 1604.63
 1605.79
 1616.41
 1870.33
 2142.28
 2160.58
 2204.69
 2220.75
 2233.01
 1945.74
 1690.63
 1668.57
 2512.78
 3521.20
 3939.81
 4230.06
 4022.52
 3352.71
 2799.94
 2794.16
 2851.39
 3204.65
 3461.51
 3550.45
 3656.19
 3760.85
 5862.89
 8309.81
 8777.63
 7987.33
 6742.84
 5665.97
 5103.52
 5426.81
 5527.22
 5127.84
 4804.43
 4748.03
 4537.29
 4310.42
 4066.53
 3852.28
 3448.34
 3017.75
 2486.70
 1895.10
 1756.47
 1872.68
 1922.71
 1697.26
 1506.94
 1526.50
 1546.69
 1576.29
 1633.40
  887.62
 1007.49
 1657.61
 1402.99
 1190.13
 1172.91
  922.90
 1316.39
 1922.49
 2193.25
 2283.53
 2470.53
 2511.82
 2534.24
 2569.05
 2808.55
 3000.76
 3023.05
 2958.88
 2590.76
 2243.88
 2820.24
 3736.63
 4262.39
 4630.68
 4547.06
 4452.03
 3786.36
 3035.71
 2961.60
 2391.56
 1481.25
 1527.69
 1572.72
 1236.31
  583.33
  828.04
  842.48
  869.64
  945.70
  584.80
  592.45
  593.89
  992.79
 1030.20
 1020.96
 1038.49
  982.51
  519.08
  508.94
  679.01
  526.67
  526.69
  447.07
  440.19
  449.59
  424.16
  946.58
  524.43
  518.28
  535.67
  524.94
  345.32
  350.68
  296.51
  364.98
  448.09
  426.96
  561.32
  589.92
  605.92
 1011.59
  999.47
 1056.19
 1769.21
 2334.81
 2442.84
 2602.06
 2682.77
 3123.46
 3989.39
 4292.41
 3636.70
 2462.69
 1783.54
 1576.23
 1489.30
  926.24
  704.92
  721.88
  765.38
  575.62
  592.50
  565.83
  566.48
  573.50
  429.28
  442.88
  438.71
  409.60
  567.67
  652.28
  652.42
  725.19
  628.10
  712.71
  933.49
  827.47
  828.27
  808.45
  728.48
  574.46
  536.29
  550.05
  573.90
  597.63
  549.21
  527.09
  499.59
  521.60
  556.48
  587.35
  625.29
  673.91
  671.02
  722.08
  733.18
  711.12
 1242.71
 1444.27
 1443.37
 1311.78
 1395.82
 1390.02
 1420.20
 1429.41
 1431.59
 1430.74
 1391.29
 1243.48
  778.46
 1193.30
 1400.75
 1232.75
 1452.85
 1434.45
 1383.70
 1412.90
 1404.86
 1078.05
 1121.94
 1094.90
 1139.27
  847.83
 1026.85
 1056.73
  994.12
  970.45
  961.98
  994.06
  940.60
  857.21
  898.89
  816.12
  850.30
  894.39
  910.30
  889.35
  909.57
  887.53
  861.17
  945.92
  876.97
  928.96
  927.55
  964.44
  841.89
  749.12
  781.86
  853.33
  857.29
  624.73
  612.35
  664.91
  683.80
  662.67
  669.75
  810.46
  817.42
  681.42
  902.43
  804.88
  916.33
  935.50
 1005.08
  502.03
  499.42
  469.95
  602.24
  537.88
  639.65
  611.39
  426.06
  430.05
  716.42
  431.61
  462.10
  431.27
  423.00
  432.94
  434.24
  429.51
  429.65
  426.76
  427.24
  422.37
  425.97
  431.07
  665.53
  652.99
  574.38
  566.45
  438.66
  427.39
  436.36
  438.43
  438.68
  508.57
  576.76
  513.84
  446.39
  525.65
  840.81
  958.53
  941.25
  952.95
  901.24
  436.87
  437.86
  606.89
  545.35
  631.30
  664.54
  596.75
  495.12
  500.98
  610.62
  748.73
  752.55
  739.27
  776.59
  721.51
  748.02
  749.80
  933.52
 1042.80
 1045.03
 1044.58
 1015.98
 1015.13
 1031.84
  703.16
  708.09
  692.74
  458.56
  427.84
  428.29
  577.89
  585.31
  670.29
  613.80
  428.72
  431.55
  434.92
  805.64
  778.57
  508.09
  431.44
  435.40
  434.89
  435.71
  957.00
  943.43
  957.59
  977.47
  985.43
  599.95
  438.06
  776.70
  849.93
  913.64
  668.02
  727.86
  823.94
  768.58
  906.54
 1068.20
 1037.44
 1040.59
 1036.28
  639.56
  640.05
  939.50
  863.98
  921.43
  691.70
  439.05
  435.74
  430.53
  664.26
  432.85
  346.09
  342.49
  346.15
  343.09
  343.62
  345.86
  348.84
  566.71
  759.03
  796.13
  819.63
  675.75
  819.29
  905.01
 1021.81
 1022.63
 1029.23
 1021.47
  870.04
  866.30
  852.62
  876.60
  881.48
  996.38
  430.95
  436.45
  977.70
 1021.19
  934.37
 1159.77
  914.83
  581.88
  413.51
  569.45
  557.28
  573.73
  556.94
  589.25
  436.82
  434.81
  487.42
  480.79
  486.99
  438.37
  429.57
  434.55
  427.07
  480.62
 1255.37
 1322.31
 1374.61
 1324.63
 1259.53
 1275.45
 1307.16
 1249.40
 1254.21
 1189.11
 1147.80
 1026.00
  925.62
  752.41
  786.33
  859.84
  760.85
 1144.31
 1122.65
  783.13
 1052.74
 1306.20
 1087.71
 1037.53
  561.66
  431.04
  432.94
  974.33
 1003.24
  832.83
 1000.58
  993.55
  597.77
  574.75
 1406.75
 1497.93
 1580.31
 1652.49
 1763.29
 1571.05
 1611.77
 1609.53
 1750.60
 1213.52
  806.10
  524.97
  685.58
  781.23
 1693.77
 2662.18
 4897.14
 5016.33
 5169.27
 5053.85
 4768.08
 3906.45
 3792.19
 2778.56
 1610.15
 1704.84
 1718.01
 1721.83
 1733.13
 1757.37
 1758.42
 1241.64
  567.61
  707.44
  855.59
 1375.29
 1777.02
 1790.30
 1799.68
 1819.81
 1300.05
 1196.64
 1659.40
 1808.06
 1342.64
 1078.39
 1036.62
  728.31
  738.53
  902.91
  972.57
  810.77
  814.25
  811.50
  764.72
  571.04
  350.08
  393.35
  406.09
  407.20
  369.53
  415.04
  422.52
  423.62
  431.75
  445.96
  434.21
 1279.21
 1565.70
 1645.75
 1550.55
 1586.96
 1145.50
  993.33
 1103.25
  679.35
  581.29
  579.59
  654.09
  501.58
  511.29
  481.30
  518.48
  502.77
  528.70
  446.78
  454.40
  505.06
  506.84
  485.55
  484.76
  739.01
  573.73
  786.10
  777.38
  768.94
  746.46
  591.77
 1067.26
 1083.94
  578.37
  612.78
  564.64
  591.71
  564.35
  560.59
  544.31
  525.45
  523.72
  543.94
  540.54
  599.24
  820.79
  933.01
  843.39
  688.98
  781.60
  615.16
  538.19
 1020.85
  798.65
  785.68
  780.81
  573.36
  570.39
  588.45
  595.19
  570.44
  680.62
  594.85
  593.35
  428.09
  531.00
 1011.08
 1228.13
 1227.42
 1098.50
 1170.76
  784.40
  880.17
 1338.68
 1245.04
 1122.65
 1229.18
 1287.68
  807.48
  629.96
  757.84
 1113.62
 1028.27
  984.01
 1012.24
  813.80
  748.10
 1052.20
  952.98
  975.69
 1017.11
  836.22
  528.48
  538.13
  990.21
  955.95
  822.46
  850.55
  915.34
  598.36
  570.50
  595.53
  447.80
  406.80
  439.02
  435.54
  414.59
  434.04
  903.05
  956.01
  718.37
  799.33
  770.67
  760.36
  727.83
  787.15
  633.08
  753.34
  741.67
  365.94
  371.35
  372.00
  369.96
  678.02
  393.01
  417.36
  572.17
  693.00
  715.11
  751.33
 1073.27
 1083.37
  724.06
  775.46
  388.17
  388.85
  711.18
  719.53
  680.62
  764.53
  658.08
  383.98
  432.71
  840.30
  971.07
  900.45
  703.31
  508.66
  380.27
  379.08
  692.77
  725.36
  850.52
  863.75
  810.31
  344.93
  350.62
  714.09
  721.17
  719.39
  831.01
  618.61
  329.95
  353.05
  629.74
  680.71
  613.03
  818.72
  996.67
  998.51
 1262.59
 1168.24
 1148.05
 1190.27
 1110.59
 1044.10
  891.30
  598.36
 1017.37
 1147.29
  985.28
  400.29
  356.08
  341.27
  342.75
  816.20
  800.09
  836.48
  849.28
  847.18
  540.68
  550.25
  673.01
  662.90
  485.46
  399.78
  416.54
  418.01
  398.73
  384.94
  421.44
  396.44
  403.12
  393.43
  556.88
  926.27
 2191.21
 3139.32
 3089.00
 2235.59
 1329.53
 1362.24
 1393.70
 1181.95
 1172.57
 1034.64
  944.37
 1023.80
  851.46
  826.37
  833.34
  862.05
  846.22
  723.27
  407.51
  383.83
  382.33
  381.60
  387.54
  373.75
  378.71
  380.35
  401.08
  412.15
  410.93
  405.19
  391.99
  385.68
 1156.46
 1325.31
 1358.73
 2841.11
 3947.03
 3778.06
 3762.60
 2974.68
 1669.14
 1868.20
 1773.74
 1710.11
 1809.30
 1809.33
 1853.28
 1357.62
  617.39
 1168.49
 1317.53
 1218.62
  608.61
  632.60
  548.53
  567.92
 1140.26
  947.20
  701.46
 1552.98
 3108.68
 4683.78
 5531.47
 5786.55
 5753.30
 5745.80
 5885.60
 5747.19
 5554.12
 5277.10
 5133.48
 5063.59
 4913.14
 4244.16
 3451.80
 3135.16
 2219.11
 1154.28
 1291.28
 1220.99
 1337.60
 1349.16
  791.51
  802.95
  780.38
  716.95
 1059.33
 1109.54
 1534.43
 1396.39
 1553.66
 1034.44
 1521.75
 1489.92
 1501.30
 1550.83
 1558.45
 1540.35
 1549.78
 1466.47
 1356.80
 1384.35
 1294.79
  756.65
  425.55
 1032.55
  427.50
  411.10
  425.89
  424.78
  439.25
  437.30
  447.18
  564.41
  493.05
  495.37
  526.95
  918.57
  967.08
 1317.41
 1521.12
 1605.85
 1547.01
 1519.37
  706.39
  713.44
  991.46
  925.82
  660.83
  641.72
  516.02
  519.16
  494.70
  800.97
  847.95
  820.17
  836.39
  848.80
  418.41
  533.89
  738.14
  734.65
  165.46
  165.77
  166.73
  165.14
  154.55
  140.03
  144.61
  487.84
  429.00
  434.92
  472.13
  418.47
  483.51
 1039.17
 1141.48
  561.66
  529.27
  528.59
  511.43
  485.21
  452.42
 1024.62
  769.17
  760.70
  762.09
  740.54
 1029.03
  947.11
 1229.77
 1598.97
 1562.13
 1435.72
 1585.46
  787.12
  860.12
  850.81
 1011.31
 1546.75
 1564.82
 1094.45
 1065.05
  791.20
  811.36
  734.71
  722.19
  468.64
  470.26
  525.14
  554.44
  531.25
  529.95
  523.44
  555.55
  748.92
 1001.31
 1082.67
 1081.11
 1003.69
  956.12
 1007.80
 1022.35
 1018.67
 1120.13
 1166.60
 1218.98
 1261.15
  470.23
  754.45
  751.25
  597.68
  628.49
  642.42
  667.60
  469.04
  432.91
  574.97
  812.07
  735.25
  741.90
  851.49
  530.54
  566.68
 1241.18
 1191.94
 1357.14
 1322.31
 1461.94
  929.47
  807.12
 1070.55
 1110.02
 1145.98
 1109.99
 1127.35
  836.28
  890.62
 1226.69
 1474.06
 1866.48
 1954.51
 1975.27
 1898.93
 1916.48
 1641.10
 1343.07
 1206.64
 1345.84
 1254.27
 1007.91
 1048.88
 1035.49
  934.37
  945.61
 1070.43
  992.39
  843.67
  840.27
  883.34
 1430.65
 1368.58
 1290.31
 1358.25
 1392.59
 1403.64
 1329.62
 1346.64
 1352.44
 1393.27
 1391.74
 1140.77
 1157.25
  548.38
 1031.70
 1080.71
  924.21
 1102.66
  727.46
  912.91
  893.14
  753.71
  902.46
 1195.37
 1321.21
  984.04
  895.80
  950.34
 1136.98
  993.44
  860.75
  840.08
  723.10
  842.03
 1159.66
 1071.00
  773.47
  592.11
  499.42
  453.24
  892.32
 1020.54
 1752.59
 2224.77
 2211.55
 2150.07
 2109.07
 2092.08
 2047.87
 1678.59
 1235.46
 1227.59
 1334.37
  985.85
 1034.98
 1285.05
 1257.86
  839.57
  870.21
  977.95
  890.99
  799.81
  843.56
  803.80
  803.58
  852.68
  828.78
  754.47
  785.71
  919.45
  944.34
  928.40
  951.08
  939.98
  685.15
  699.31
  724.49
  687.59
  653.01
  682.75
  669.10
  567.75
  605.50
  910.87
  950.12
 1157.08
 2183.51
 6327.82
 7618.42
 7156.15
 6356.59
 4484.96
 2479.65
 1453.99
 1466.95
 1426.72
 1405.42
 1190.84
 1437.31
 2220.41
 2977.29
 3991.66
 4955.08
 5481.77
 5315.50
 5482.62
 5146.22
 3857.38
 3092.14
 3176.02
 2313.03
 1604.57
 1710.48
 1734.46
 1668.12
 1485.39
 1498.10
 1461.29
 1032.55
  877.96
 1044.50
 1011.14
 1063.78
  771.55
  813.85
  957.28
 1060.41
  492.63
  494.04
  502.88
  519.56
  471.31
  537.23
  786.50
  882.58
  753.65
  613.14
  631.72
  864.12
 1260.52
 1985.21
 4907.93
 6355.55
 7909.15
 9247.29
 9797.74
 9770.67
 9592.73
 9303.58
 9092.14
 8594.53
 7502.75
 5275.54
 3141.39
 2879.99
 2582.44
 2517.40
 2224.71
 1830.12
 1910.88
 1895.05
 1871.66
 1881.03
 1540.83
 1529.99
  986.96
 1042.91
 1079.07
 1256.14
 1134.57
 1328.57
  855.11
  859.61
  571.66
  842.71
  942.75
 1271.74
 1262.56
 1292.04
  633.05
  933.66
 1049.00
  822.38
  817.51
  841.60
  878.93
  629.20
  618.33
  783.73
  840.73
  755.78
  820.93
  749.04
  391.06
  973.87
 3180.21
 6230.92
 7294.90
 7764.62
 8259.26
 8062.23
 7614.03
 7021.39
 5712.24
 4210.15
 3430.02
 2571.45
 1776.20
 1888.39
 3701.55
 6015.06
 6138.30
 6178.91
 5214.21
 3264.85
 1825.08
 2079.19
 1648.75
 1029.49
  643.70
  666.04
  435.00
  317.18
  447.69
  979.05
  911.92
  797.35
  908.23
  595.05
  436.62
 1124.80
  672.84
  455.84
 1151.50
 1317.70
  878.05
  847.24
  924.49
  783.58
  873.32
  918.54
  601.79
  423.08
 2038.02
 3863.04
 3938.36
 3313.24
 2842.02
 2819.08
 2754.78
 1891.93
 1179.23
 1431.78
 1315.83
 1299.18
 1328.65
 1317.24
  701.78
  573.27
  563.70
  850.04
 1140.32
 1568.30
 1566.37
 1580.28
 1600.95
 1606.61
 1644.47
 1708.33
 1802.11
 1796.05
 1788.15
 1808.74
 1142.64
  770.73
  589.95
  810.82
  471.02
  476.52
  765.21
  913.11
  908.60
  698.58
  728.51
  348.86
  351.30
  520.92
  473.63
  461.42
  479.63
  501.12
  396.38
  534.37
  760.73
  741.70
  547.99
  588.23
  531.22
  368.63
  380.18
  532.81
  505.68
  601.14
  623.85
  623.28
  431.86
  451.51
  812.27
  762.94
  794.09
  697.08
  425.15
  391.85
  412.77
  880.31
 1130.89
 1216.94
 1124.21
 1125.82
  312.31
  303.90
  613.88
  650.69
  668.96
  675.78
  695.49
  573.50
  540.97
 1015.47
 1013.46
  867.60
  867.60
  846.42
  536.86
  582.00
 1085.47
  698.41
  701.27
  711.43
  718.48
  418.83
  427.84
  697.76
  719.16
  675.64
  660.01
  671.73
  736.95
  872.07
  805.22
  805.90
  963.51
  989.65
  989.19
  717.83
  704.69
  857.01
  852.85
  863.58
  860.78
  696.11
  566.39
  600.03
  547.93
  698.92
  647.75
  571.35
  553.85
  559.06
  590.63
  756.06
  745.55
  739.13
  744.59
  421.69
  420.59
  433.59
  684.59
  710.50
  859.81
  878.90
  729.02
  736.21
  737.26
  922.11
 1014.85
 1359.69
 1363.46
 2125.63
 2984.68
 2979.61
 2421.06
 1754.60
 1699.95
 1757.06
 1653.45
  922.51
  944.42
  895.01
  987.95
 1038.78
 1037.16
 1012.33
 1230.17
 1366.43
 1427.85
 1455.23
 1375.43
 1364.45
 1352.58
  961.56
 1045.85
 1151.50
 1107.47
  763.17
  747.73
  623.37
  568.09
  592.08
  722.65
  792.65
  870.15
  824.44
  889.29
 1142.87
 1230.23
 1442.74
 1555.08
 1489.75
 1522.54
 1536.30
 1825.08
 1754.65
 1805.00
 2482.28
 3437.33
 3413.40
 3092.40
 2946.42
 2956.96
 2497.12
 1799.96
 1775.64
 1728.52
 1812.16
 1775.61
 1717.76
 1754.99
 1775.86
 1478.99
 1186.31
 1181.38
 1096.71
 1021.81
 1228.84
 1649.74
 1867.27
 1869.96
 1863.87
 1844.42
 1886.86
 1861.61
 1850.42
 2302.84
 3068.33
 3172.79
 3254.40
 3297.98
 3888.95
 4427.14
 4335.05
 4485.93
 5277.04
 5350.30
 5179.41
 4227.68
 3438.43
 3433.02
 3787.21
 4347.26
 4577.14
 4565.07
 4525.77
 4034.07
 3690.36
 2899.87
 1790.64
 1784.47
 1774.90
 1759.64
 1759.30
 1691.96
 1334.20
 1093.60
 1072.42
 1009.86
 1266.64
 1652.63
 1793.84
 1346.86
 1364.39
 1240.14
 1005.02
 1257.72
 1284.25
 1341.09
 1348.73
 1818.71
 1394.01
  987.41
 1234.87
  994.32
 1000.92
 1000.92
  960.99
  813.80
  810.97
  812.95
 1285.02
 1761.48
 1820.38
 1702.66
 1750.32
 1767.54
 1780.00
 1793.70
 1788.66
 1720.64
 2317.25
 4504.96
 6908.83
 8408.35
 9486.79
 9384.54
 9210.82
 8968.31
 8791.76
 9050.06
 9200.60
 9257.17
 9199.38
 8951.61
 8238.11
 7629.24
 7484.00
 6678.84
 5817.55
 5786.80
 5474.33
 4581.38
 3956.57
 3428.97
 2734.64
 2602.23
 2638.90
 2637.74
 2427.80
 2211.72
 2210.98
 1988.98
 1781.75
 1783.88
 1741.60
 1775.10
 1196.81
 1393.95
 1487.37
 1042.74
 1239.94
 1298.02
 1106.68
  748.30
  754.05
 1091.59
 1198.40
  699.71
  541.59
  659.10
  644.46
  617.70
  650.10
  739.15
  964.73
 1350.12
 1734.55
 1747.66
 1744.09
 2161.96
 2753.67
 2730.85
 2215.48
 1778.27
 1778.04
 1765.30
 1380.64
 1198.34
 1166.31
 1172.12
 1747.04
 1766.66
 1739.90
 1722.74
 1419.69
 1320.67
 1275.36
 1146.97
 1630.97
 1341.40
 1187.47
 2571.34
 6162.11
 9092.85
 8445.64
 6988.71
 8222.76
 9387.12
 9576.39
 7803.56
 5513.23
 5554.58
 5569.58
 5822.11
 5803.37
 5813.17
 6005.55
 5803.14
 5350.02
 4911.98
 4620.12
 4384.27
 3107.41
 1915.78
 1678.23
 1417.54
 1218.08
  903.56
  895.41
 1380.47
 1341.74
 1338.99
 1340.52
 1207.49
 1212.47
 1604.66
 1458.69
 1384.24
 1628.87
 1716.14
 1788.07
 1794.52
 1789.06
 1784.81
 1790.67
 1776.23
 1777.17
 1794.50
 1809.39
 1741.43
 1760.09
 1745.82
 1720.62
 1297.93
  947.14
  943.91
 1253.90
 1593.81
 1676.41
 1727.07
 1729.11
 1521.44
 1586.42
 1724.89
 1726.93
 1745.22
 1371.58
 1344.31
 1443.14
 1477.06
 1583.45
 1423.43
 1371.44
 1373.93
 1293.74
 1354.25
  821.90
 1437.36
 1145.61
 1097.59
 1378.80
 1351.51
 1315.15
 1212.87
 1268.65
 1285.78
 1565.13
 1295.78
 1238.27
 1252.34
 1284.25
 1434.45
 1677.18
 1681.17
 1720.50
 1774.79
 1799.68
 1668.54
 1493.74
 1778.95
 1799.71
 1403.07
 1794.95
 1228.36
 1386.36
 1402.48
 1393.76
 1393.08
 1389.99
 1388.52
 1185.37
 1226.23
 1346.38
 1342.76
 1343.80
 1354.56
 1381.89
  926.22
  920.13
 1357.08
 1387.70
 1412.19
 1506.23
 1483.26
 1463.58
 1460.19
 1199.56
 1270.12
 1191.15
 1302.29
 1306.85
  752.78
  778.60
 1109.96
 1020.68
 1060.55
 1159.63
 1138.90
  808.93
  811.02
 1202.70
 2003.81
 2849.04
 1927.36
 1457.98
 1215.13
 1529.99
 1522.54
 1473.41
 1482.78
  882.15
  892.01
  741.25
  799.38
 1120.50
 1252.54
 1336.47
 1306.77
 1272.50
  728.45
  828.69
  846.19
 1386.02
 1515.77
 1517.10
 1191.43
  828.83
  795.90
 1130.27
 1164.39
 1176.73
 1178.21
  783.24
  657.21
  786.95
 1348.22
 1160.62
 1213.15
 1202.84
 1117.30
 1053.22
  964.10
  957.11
 1220.06
 1117.07
  971.98
 1063.38
  865.87
  974.47
 1244.89
 1021.84
 1141.00
 1133.83
 1112.23
  614.82
  631.10
  943.06
 1319.82
 1532.08
 1539.33
 1663.33
 1873.58
 1879.22
 1821.14
 1796.34
 1752.76
 1721.49
 1701.42
 1720.59
 1725.09
 2573.92
 3878.25
 3757.84
 3601.99
 3070.03
 2551.52
 2579.41
 2088.65
 2054.25
 2272.06
 2419.36
 2437.63
 2182.61
 2186.74
 2200.96
 1771.42
 1608.62
 1637.42
 1655.40
 1894.94
 1895.90
 1885.85
 1880.07
 1884.80
 1878.60
 1877.75
 1879.42
 1881.57
 1887.83
 1874.80
 1612.62
 1847.99
 1839.77
 1823.83
 1818.82
 1761.53
 1711.95
 1680.41
 1649.57
 1655.15
 1666.90
 1660.39
 1678.28
 1707.87
 1742.22
 1748.51
 1754.51
 1726.79
 1706.12
 1694.65
 1716.71
 1810.58
 1872.45
 1872.11
 1865.20
 1864.13
 1868.97
 1888.88
 1847.25
 1804.26
 1845.78
 1908.16
 1934.10
 1936.82
 1923.82
 1806.59
 1822.42
 4073.41
 7173.99
 7322.65
 7610.35
 7775.38
 7724.98
 7403.16
 6528.73
 5662.60
 4778.47
 4119.82
 3524.63
 2960.95
 2992.10
 2938.16
 2725.35
 2732.24
 2374.08
 1943.07
 1948.82
 1948.79
 1944.97
 1940.21
 1891.17
 1476.36
 1291.64
 1831.28
 1928.80
 1926.34
 1921.10
 1926.42
 3503.33
 5801.13
 5837.40
 4751.74
 3906.56
 3785.76
 3767.19
 3914.97
 3924.21
 3817.22
 2732.26
 1899.55
 1323.27
 1222.21
 1459.20
 1475.93
 1724.44
 1421.25
 1067.12
  729.81
  746.12
  731.82
  936.27
 1043.56
  996.81
  547.45
  812.04
  513.16
  513.07
  632.71
  575.31
  601.00
  606.83
  404.62
  444.23
  428.58
  397.85
  738.93
 1115.97
  950.79
  716.50
  697.93
  953.54
 1104.24
 1146.46
 1093.85
 1917.98
 2641.93
 2641.40
 2176.49
 1791.49
 1369.54
 1210.40
 1135.02
 1077.06
 1077.88
 1235.12
 1246.08
 1251.97
 1247.92
 1098.47
  591.37
  608.25
 1058.54
  776.25
  800.26
  809.30
  816.03
  914.80
 1194.12
 1426.52
 1477.35
 1347.71
 1359.63
 1322.85
  991.51
  453.83
  758.92
  418.18
  383.75
  453.83
  453.47
  856.50
  919.22
 1036.14
 1391.80
 1459.28
 1485.98
  862.84
  434.98
  430.10
  424.41
  412.80
  405.07
  962.66
 1084.45
 1369.49
 1354.34
 1754.74
 1770.40
 1794.64
 1768.90
 1567.45
  873.63
  856.95
 1087.31
  892.32
 1118.46
 1235.55
 1451.55
 1446.42
 1883.44
 2755.06
 3012.54
 3007.65
 2987.48
 2600.19
 2183.65
 2158.20
 2131.72
 1773.60
 1364.67
 1363.40
 1302.18
 1355.92
 1352.38
 1052.96
 1337.43
 1371.27
 1362.41
 1382.82
 1055.45
  993.86
 1351.79
 1063.55
 1086.72
 1048.94
 1109.82
  839.11
  806.66
  834.75
  819.40
  729.22
 1291.96
  985.82
  672.61
 1133.27
 1355.53
 1375.80
 1349.92
 1024.96
  840.36
  939.55
 1178.49
 1374.47
  965.04
 1276.78
  939.27
  905.86
  749.60
  760.79
  984.24
  975.52
 1008.90
 1009.67
 1003.69
  965.43
  966.54
 1057.89
 1255.77
 1354.20
 1332.25
 1344.65
 1364.50
 1360.99
 1363.34
 1325.88
 1318.80
 1408.56
 1380.81
  796.92
  846.39
  873.12
  776.36
  945.10
 1009.10
  889.94
  905.86
  851.12
 1408.93
 1429.72
 1897.00
 2354.06
 2835.31
 3756.80
 3802.16
 4110.59
 4381.61
 4307.25
 3619.03
 2182.95
 1423.35
 1431.84
 1431.56
 1450.64
 1462.54
 1465.68
 1497.68
 1493.49
 1293.09
 1182.14
 1331.37
 1230.25
 1119.03
 1145.59
  895.52
  772.63
 1181.29
 1065.56
 1080.32
 1084.39
 1081.93
 1110.05
  971.13
 1033.71
  978.12
 2401.72
 3472.47
 3467.54
 3438.83
 3340.91
 3254.68
 3178.68
 2395.52
 1499.72
 1396.25
  968.72
 1171.01
 1163.45
 1145.36
 1037.61
 1421.42
 2384.96
 3367.98
 3278.13
 3328.39
 2980.94
 2270.76
 1780.39
 1833.15
 1829.66
 1817.60
 1562.52
 1459.08
 1464.29
 1530.61
 1269.27
 1235.15
 1738.65
 1813.01
 1819.02
 2207.38
 2714.42
 3385.62
 4149.04
 4123.50
 4637.45
 5051.19
 5574.23
 6085.72
 6558.92
 6918.57
 6745.27
 6486.71
 7079.75
 8632.65
 9876.24
 9885.27
 9178.11
 8788.30
 9025.99
 9680.99
 9624.39
 9489.77
 9494.16
 9241.32
 8579.27
 6992.00
 5677.84
 5237.91
 4591.44
 4760.03
 4920.90
 4906.91
 4795.83
 4663.64
 3561.13
 2510.71
 2488.74
 2476.17
 2435.93
 2420.41
 2433.24
 2438.62
 3005.89
 3712.23
 4065.08
 4325.14
 3748.07
 3029.76
 3036.93
 3107.94
 3268.33
 3333.23
 2408.49
 1594.72
 1611.68
 1760.60
 2067.84
 2505.59
 3019.17
 3261.76
 3537.57
 3749.58
 3510.07
 3334.22
 2685.00
 2067.75
 2036.97
 1792.74
 1696.46
 1782.83
 1754.74
 1850.14
 1393.25
 1432.83
 1766.77
 1731.26
 1807.15
 1834.48
 1860.53
 1295.01
 1162.89
 1506.06
 1395.14
 1532.03
 1659.82
 1652.15
 1671.74
 1670.78
 1666.84
 1773.48
 3443.27
 4632.30
 5322.66
 5431.54
 5280.64
 5057.59
 4897.03
 4781.36
 4631.79
 3577.81
 2593.26
 2607.33
 2094.43
 1709.74
 1877.27
 1873.73
 1859.65
 1519.43
 1605.85
 1526.87
 1561.28
 1675.96
 1484.43
 1751.68
  770.19
  785.82
 1695.30
 1293.99
  929.19
  821.73
  679.72
  599.41
  637.41
  634.61
 1189.51
 1571.33
 1525.80
 1380.33
  983.02
 1143.83
 1545.79
 1790.36
 1796.48
 2200.62
 3434.95
 4508.86
 4618.14
 4646.23
 4584.64
 4240.28
 3616.09
 2904.35
 1522.54
 1399.62
 1374.50
 1408.28
 1326.62
  789.90
  717.58
  737.48
  830.62
  741.50
  762.88
  582.14
  464.40
  458.42
 1145.70
 1400.04
 1685.05
 1991.30
 1730.02
 1412.70
 1336.33
  924.29
  988.17
 1305.80
  974.75
  970.31
  985.14
  999.84
  593.69
  595.42
  923.98
  927.94
  931.06
  941.54
  955.98
  574.72
  563.59
 1127.89
 1018.08
 1026.80
 1009.58
  611.90
  746.60
  715.54
  727.80
  733.58
  560.45
  522.56
  845.94
  760.70
  635.85
 1038.63
  909.79
  929.44
  972.60
 1063.55
 1171.13
 1196.53
 1312.88
 1304.90
 1326.13
 1315.32
 1196.75
  913.93
  886.77
 1062.50
  817.85
  820.17
  711.15
  723.33
  726.04
  724.91
  725.28
  722.79
  714.83
  743.23
  853.87
  546.88
  550.28
  545.72
  788.45
  772.00
  758.69
  737.29
 1601.20
 1649.46
 2032.81
 2148.00
 1596.70
 1274.23
 1239.74
  896.71
 1107.84
 1055.71
 1061.03
 1059.53
 1057.95
 1063.01
 1084.20
 1073.29
 1076.63
 1002.42
 1078.87
 1027.02
  611.81
  532.39
  529.21
  917.49
 1048.18
 1064.54
 1069.02
  922.31
  502.65
  518.37
  920.55
  922.99
  924.15
  957.90
  949.78
  880.63
  804.88
  818.53
  825.89
  780.58
  779.96
  781.26
  897.13
  895.41
  987.95
  981.46
  969.34
  938.90
  789.70
  804.54
  980.84
 1426.21
 1718.95
 1704.62
 1722.91
 1748.54
 1271.60
 1125.31
 1125.82
 1122.28
 1060.52
  993.33
  750.65
  704.52
  702.74
 1100.87
 1066.61
 1086.57
  979.28
  955.92
  919.08
  904.84
  894.98
 1028.18
  918.77
  932.13
 1055.85
 1029.09
 1067.66
 1327.98
 1394.80
 1433.74
 1152.69
  887.14
  684.56
  809.83
 1073.01
 1050.98
 1060.49
  881.45
  588.51
  622.97
  625.01
  905.35
  953.20
  929.70
  814.56
  625.21
  706.28
  715.06
  712.54
  588.59
  554.67
  551.70
  555.94
  555.69
  557.28
  561.49
  706.93
  702.74
  698.01
  696.40
  697.76
  735.19
  706.90
  713.02
  749.75
  731.34
  727.12
  542.41
  556.31
  544.02
  624.41
  574.52
  541.11
  572.14
  568.09
  573.42
  598.56
  609.32
  861.60
 1100.70
 1406.47
  769.62
  677.85
  941.39
  955.52
  761.30
  772.54
  598.36
  596.61
  597.88
  586.78
  805.84
  963.68
  896.20
  730.91
  804.88
  683.91
  707.07
 1111.95
 1190.53
 1136.81
 1152.27
  683.74
  728.68
  695.26
  791.00
 1062.14
 1080.88
 1125.62
 1175.55
 1165.55
 1569.23
 1360.62
 1346.72
 1233.79
  897.22
  603.66
  602.84
  769.68
  997.55
  999.07
 1011.05
  908.63
  687.67
  793.55
  634.35
  651.00
  579.36
  894.56
  949.27
  869.24
  687.70
  990.83
  856.53
  612.07
  579.76
  730.15
  973.22
 1019.38
 1495.75
 1634.36
 1614.65
 2232.92
 3219.60
 3120.86
 3094.44
 3907.70
 5606.45
 5805.52
 5960.50
 5855.05
 5614.64
 5207.18
 3587.74
 2257.19
 1877.78
 1630.60
 1724.30
 1349.61
 1828.48
 1835.55
 1826.13
 1823.27
 1811.83
 1697.28
 1667.55
 1683.72
 1659.20
 1450.76
 1307.08
 1253.50
 1208.93
 1246.48
 1327.89
 1352.72
 1663.53
 1046.45
 1118.15
 1097.39
 1205.84
 1407.35
 1547.06
 1497.88
 1304.30
  864.77
 1014.93
  843.11
  876.07
 1326.50
 1139.33
 1121.18
 1120.75
 1092.32
  577.32
  579.73
 1245.52
 1163.31
 1265.14
  988.06
  923.53
  571.07
  570.90
  573.47
 1402.28
 1562.52
 1603.64
 1490.00
  643.98
  666.98
  608.87
  352.26
  556.62
  529.75
  351.89
  366.36
  372.11
  455.02
  600.86
  635.26
  415.75
  418.98
  428.60
 1095.04
 1720.79
 1794.52
 1780.56
 1279.84
 1001.57
  932.96
  840.25
 1106.74
 1114.98
 1099.46
 1098.07
 1050.92
  479.80
 1054.41
 1651.78
 1778.38
 1295.30
 1205.93
 1327.47
 1048.26
  921.32
 1162.10
 1112.65
 1074.96
 1059.59
 1128.79
 1066.89
 1010.68
 1064.57
 1177.44
 1188.37
 1478.79
 1653.65
  825.66
  849.62
  952.52
  622.66
  653.81
  705.49
  659.56
  429.57
  346.99
  349.43
  771.27
 1002.22
 1019.01
  584.57
  754.19
  759.71
  693.59
  749.43
  610.03
  683.48
  671.53
  761.52
  754.33
  731.85
  731.11
  710.70
  733.77
  972.60
  558.72
  719.79
  641.40
  559.77
  577.86
  475.67
  514.91
  537.62
  459.38
  507.35
  550.73
  723.55
  742.69
  740.09
  375.82
  526.98
  464.31
  465.42
  464.59
  560.93
  730.72
  728.28
  648.37
  598.11
  634.84
  871.54
  728.90
  909.82
  517.01
  533.09
  599.41
  768.97
  828.32
  810.82
  557.08
  599.47
  716.95
  731.59
  854.23
  705.09
  732.84
  725.00
  729.30
  579.87
  501.09
  514.97
  510.24
  506.84
  504.21
  601.19
  609.55
  877.94
  876.72
  886.54
  871.79
  886.46
  577.83
  573.36
  863.69
  903.65
  897.47
  886.91
  876.24
  577.55
  573.59
  992.87
  916.08
  916.50
  881.33
  719.22
  576.28
  562.71
  569.71
  568.63
  726.13
  824.19
  815.30
  568.32
  556.40
  552.29
  757.59
  717.27
  716.47
  722.28
  538.36
  514.86
  751.22
  816.43
  813.37
 1024.19
  714.80
  545.95
  546.40
  851.09
  884.19
  815.92
  863.58
  790.07
  780.84
  858.77
  887.39
  708.91
  575.29
  598.36
  382.50
  384.09
  822.29
 1863.28
 1843.77
 1804.72
 1454.55
 1223.15
  684.64
  677.20
  981.86
 1085.16
 1184.13
 1153.15
  934.00
 1017.91
  743.71
  654.01
  689.52
  717.69
  740.32
  608.42
  583.16
  529.10
  708.12
  602.13
 1011.42
  749.26
  615.35
  574.27
  777.47
 1140.86
 1012.02
  980.19
  627.19
 1016.91
  869.81
  889.15
  783.10
 1171.01
 1259.48
 1233.14
 1293.85
  864.20
  860.52
 1086.66
 1079.69
 1284.99
 1337.60
 1498.33
 1657.05
 1927.10
 1344.34
 1073.27
 1099.49
 1131.74
 1692.70
 2603.79
 2535.21
 2504.23
 2160.94
 1782.26
 1794.78
 1789.77
 1796.36
 1836.60
 1890.29
 1886.89
 1326.36
 1054.63
 1166.48
 1738.14
 1545.08
 1498.19
  950.34
 1015.95
 1036.45
 1462.74
  959.83
  880.63
  759.03
  751.78
  884.48
  834.13
  833.73
  583.87
  599.30
  752.66
  715.93
  709.03
  786.67
  706.45
  715.06
  569.68
  572.09
 1031.55
 1408.59
 1418.36
 1428.95
  875.39
  713.98
 1159.04
 1717.90
 1659.42
 1625.59
 2342.03
 3173.13
 3236.22
 3822.97
 4413.27
 4381.41
 4326.98
 3854.29
 3395.39
 3391.88
 3219.09
 2241.39
 1580.90
 1579.46
 1568.19
 1314.47
 1291.90
 1309.34
 1267.26
 1411.62
 1555.33
 1586.73
 1593.59
 1607.97
 1624.06
 1647.70
 1687.91
 1098.61
 1033.93
  957.62
 1391.63
 1634.96
 1575.52
 1318.63
  854.74
  758.44
  772.99
  730.74
  729.64
  628.04
  735.73
  893.37
 1068.17
  527.94
  571.46
  912.91
  744.08
  712.40
  730.35
  754.79
  474.56
  402.24
 1376.11
 1044.47
  961.19
 1099.80
 1151.05
 1646.79
 1668.91
 1648.04
 1625.78
 1644.56
 1620.57
 1585.66
 1539.98
 1438.50
 1084.31
  824.19
  571.69
  658.79
  515.90
  473.46
  489.68
  607.82
  607.51
  624.24
  577.21
  355.43
  363.28
  363.79
  386.19
  369.79
  341.76
  346.09
  342.44
  348.35
  357.81
  379.64
  363.19
  337.25
  347.67
  353.79
  352.18
  348.61
  348.55
  353.25
  349.77
  338.90
  332.75
  346.40
  356.00
  357.87
  368.32
  379.84
  388.79
  502.60
  629.26
  624.02
  783.64
  872.70
  705.00
  687.33
  926.22
  519.08
  520.32
  543.71
  510.18
  333.63
  321.76
  444.18
  356.48
  585.20
 1017.54
 1214.71
  833.93
  766.99
  691.58
  423.45
  532.19
  574.44
  567.64
  593.55
  587.32
  442.62
  441.52
  568.63
  701.95
  698.92
  669.47
  609.27
  527.26
  443.07
  430.36
  423.25
  422.49
  399.44
  427.30
  520.12
  510.21
  515.17
  515.96
  510.78
  511.63
  511.43
  516.90
  514.29
  513.24
  512.56
  512.42
  513.13
  510.24
  514.57
  515.99
  515.76
  514.94
  522.22
  519.02
  504.44
  506.16
  511.23
  511.15
  516.44
  516.02
  564.01
  519.81
  448.45
  515.03
  520.04
  518.79
  515.28
  522.36
  516.53
  523.83
  521.65
  521.91
  629.57
  373.70
  524.71
  520.63
  510.41
  505.40
  503.02
  500.36
  507.75
  578.17
  586.89
  513.21
  512.00
  512.56
  512.31
  513.30
  511.94
  508.37
  512.85
  515.82
  521.20
  524.03
  521.68
  517.04
  523.78
  525.62
  520.97
  517.72
  721.91
  665.76
  661.20
  769.34
  722.45
  530.69
  511.12
  745.87
  721.80
  747.34
  738.45
  744.76
  534.48
  536.77
  596.24
  603.09
  607.08
  618.98
  624.98
  628.01
  624.61
  610.91
  610.23
  611.53
  600.71
  588.82
  410.96
  433.47
  430.95
  431.66
  432.12
  429.79
  429.51
  427.70
  422.57
  426.96
  419.66
  420.96
  490.42
  445.96
  437.52
  454.88
  429.76
  430.56
  452.16
  415.12
  433.84
  437.86
  440.98
  447.04
  440.81
  443.98
  440.98
  423.93
  422.20
  441.66
  380.01
  366.42
  348.24
  356.42
  369.70
  348.18
  361.95
  361.55
  352.66
  360.11
  344.84
  356.57
  365.26
  355.80
  358.12
  356.28
  352.57
  344.62
  348.18
  350.99
  352.71
  361.55
  370.02
  392.08
  355.12
  371.57
  354.56
  355.29
  355.83
  372.51
  404.90
  378.06
  378.77
  597.85
  377.78
  380.64
  360.02
  377.69
  369.14
  353.31
  391.91
  342.78
  349.68
  386.27
  357.81
  373.02
  382.82
  418.04
  364.07
  365.74
  367.75
  362.91
  368.03
  365.12
  663.29
  673.52
  810.17
  791.23
 1252.79
 1234.44
 1218.36
  977.78
  690.00
  711.89
  709.00
  723.50
  720.41
  718.57
  729.30
  708.32
  451.03
  420.62
  434.72
  391.42
  381.23
  483.91
  828.66
 1591.32
 1231.75
 1276.52
 1323.30
 1358.84
 1339.47
 1144.60
 1143.46
 1078.73
 1257.27
  956.68
  961.95
  375.42
  686.68
  909.08
  867.32
 1184.24
 1176.54
 1159.69
  865.22
  847.66
  804.85
  843.25
  798.90
  833.11
 1119.20
 1244.53
 1267.58
 1521.61
 1476.89
 1379.77
 1515.21
 1306.06
 1091.13
  753.85
  731.65
  868.42
  860.29
  853.36
  682.55
  721.20
  719.19
  740.34
  603.09
  589.50
  849.68
 1150.46
 1188.23
 1327.07
 1834.82
 1718.38
 1841.10
 1790.47
 2144.15
 2551.40
 2474.92
 2060.02
 1630.06
 1629.41
 1634.79
 1627.88
 1640.00
 1614.54
 1623.57
 1633.32
 1634.99
 1659.48
 1634.08
 1670.35
 1690.40
 1123.92
 1173.08
 1206.10
 1182.28
 1030.96
  860.38
  987.38
  970.02
 1056.64
 1818.54
 1846.32
 1847.08
 1774.25
 1677.32
 1252.48
  897.47
 1311.44
 1734.97
 1736.30
 1735.51
 1837.71
 2036.21
 2026.44
 1950.35
 2247.68
 2510.51
 2429.90
 1986.88
 1558.33
 1219.21
 1096.54
 1060.61
 1352.75
 1516.40
 1527.07
 1625.93
 1693.26
 1664.46
 1728.97
 1956.61
 2409.25
 3047.01
 3541.13
 3424.81
 3148.30
 3009.57
 2827.27
 2780.06
 2663.20
 2505.84
 2420.86
 2334.89
 2265.21
 1980.23
 1730.84
 1757.26
  975.29
  968.38
  883.54
 1029.46
  929.47
 1012.64
  979.31
  934.06
  815.44
  835.23
  586.64
  586.58
  595.28
  947.48
 1581.50
 1443.48
 1177.22
 1106.11
  534.11
  548.44
  579.93
 1427.37
 1402.93
 1498.27
 1163.34
  668.84
  570.56
  576.39
  576.19
  591.11
  586.67
  579.79
  571.12
  566.82
  575.51
  576.45
  577.13
  507.30
 1443.22
 1345.36
 1313.00
  949.32
  961.16
 1021.50
 1351.90
 1458.63
 1414.00
  938.42
  629.17
  670.57
  622.09
  582.87
  531.85
  505.09
  430.33
  436.19
  579.87
  585.22
  582.59
  570.36
  569.93
  514.12
  521.40
  516.58
  464.08
  454.94
  464.08
  440.07
  503.81
  506.56
  526.95
  581.91
  567.53
  576.11
  561.18
  520.69
  519.84
  515.65
  514.60
  514.89
  508.83
  500.42
  506.08
  532.78
  530.40
  483.20
  479.32
  493.05
  518.03
  551.98
  719.47
  710.38
  706.68
  719.93
  550.76
  516.90
  441.74
  384.26
  544.36
  569.76
  646.98
  700.42
  714.41
  744.51
  734.17
  718.65
  723.78
  692.57
  712.99
  868.99
  742.95
  685.30
  602.19
  601.59
  643.73
  579.50
  584.46
  596.24
  595.64
  640.98
  708.23
  707.30
  690.82
  691.55
  704.64
  729.95
  810.91
  773.62
  956.23
  803.15
  711.21
  779.87
  779.73
  786.02
  772.40
  772.91
  686.23
  648.88
  563.90
  560.53
  705.34
  726.04
  436.45
  436.33
  437.41
  459.21
  553.23
  451.57
  435.48
  507.21
  716.22
  456.35
  443.44
  434.92
  437.10
  431.92
  465.98
  718.82
  710.16
  453.41
  562.57
  484.61
  453.52
  349.43
  351.16
  350.42
  447.01
  352.04
  352.26
  354.58
  361.52
  357.56
  354.16
  352.37
  355.12
  351.92
  352.77
  352.29
  358.15
  361.95
  361.35
  360.11
  360.67
  356.62
  349.63
  345.44
  342.27
  339.80
  348.95
  428.46
  439.31
  442.59
  437.67
  431.61
  432.88
  446.19
  411.10
  414.81
  421.21
  418.13
  419.37
  356.68
  358.58
  359.26
  358.83
  356.34
  355.18
  355.80
  357.90
  354.70
  357.87
  357.78
  355.01
  357.67
  358.29
  356.65
  356.08
  357.39
  355.18
  426.06
  352.29
  355.29
  355.97
  349.74
  349.23
  358.52
  362.46
  360.56
  409.24
  412.43
  408.36
  406.83
  493.19
 1076.38
 1776.34
 2857.06
 4005.30
 4027.62
 4570.34
 5038.93
 4865.74
 4231.02
 3658.59
 3384.03
 3233.27
 3281.33
 2905.00
 2419.53
 2437.74
 2467.59
 3174.94
 3496.31
 3474.36
 3417.93
 3258.28
 3226.70
 2615.88
 2099.86
 2146.70
 2072.28
 1895.27
 2539.09
 3371.77
 3725.00
 4163.23
 3896.99
 3415.89
 4994.21
 5343.02
 5151.71
 4610.18
 3367.13
 2818.63
 2776.27
 2332.46
 1794.75
 1769.26
 1813.61
 1403.81
 1136.04
 1202.42
 1273.07
  396.04
  492.43
 1563.46
 2235.13
 2103.09
 2034.25
 2067.24
 2072.65
 1935.00
 1819.98
 1786.26
 1544.15
 1088.73
 1104.64
 1107.90
 1115.57
 1246.48
  935.16
  922.22
  664.85
  719.90
  696.23
  871.79
  825.38
  806.04
 1137.57
 1019.75
 1151.50
 1089.04
 1072.19
 1649.68
 1834.79
 1864.55
 1891.20
 1866.36
 1853.51
 1747.52
 1827.74
 1815.51
 1268.93
 1333.58
 1258.37
 1193.36
 1059.64
 1001.88
  837.87
 1213.26
 1885.08
 1524.95
 1727.24
 1708.02
 1794.89
 1383.82
 1246.08
 1245.74
 1564.96
 1815.85
 1779.29
 1761.96
 1772.52
 1842.69
 2178.58
 2603.11
 2291.51
 1855.21
 2192.40
 2642.13
 2648.39
 2655.72
 2661.13
 2657.85
 2645.95
 2275.91
 1855.09
 1849.66
 1842.38
 1868.97
 1863.93
 1347.94
  729.75
  728.31
 1553.43
 1842.86
 1842.32
 1830.74
 1826.04
 1823.66
 1819.27
 1822.02
 1424.45
 1437.08
 1473.01
 1106.85
  987.75
 1408.65
 2893.13
 5302.95
 6785.91
 7298.27
 6644.83
 5693.53
 6036.30
 6268.47
 5788.42
 4430.06
 3008.98
 2903.75
 2853.63
 2758.83
 2978.48
 3657.12
 4151.53
 4154.42
 3986.25
 2763.61
 1913.00
 1910.71
 1368.86
 1389.71
 1343.46
 1282.33
 1190.58
  763.93
  760.70
  991.57
  998.88
 1121.55
 1169.88
 1608.71
  757.73
  529.89
  782.73
  810.82
  788.96
  813.29
  809.15
  902.06
  999.13
 1060.21
 1100.79
 1475.31
 1188.91
  982.31
 1088.84
 1098.84
  801.73
  835.66
 1013.06
 1002.22
 1008.90
 1058.09
  846.08
  599.92
  661.11
  692.91
  700.96
  738.45
  693.96
  685.61
  677.23
  854.38
  927.41
  902.63
  964.61
  595.73
  594.00
  578.23
  782.88
 1002.05
  999.70
 1265.54
 1291.93
 1282.92
  829.83
  682.58
  695.12
  704.55
  687.87
  565.32
  545.38
  557.28
  522.39
  719.13
 1097.59
 1062.45
 1355.58
 1399.76
 1688.05
 1630.91
 1416.21
 1396.56
 1355.30
 1051.72
  907.81
  775.26
  785.82
  914.21
  864.26
  656.98
  847.69
  820.14
  839.76
  825.49
  538.78
  764.47
  482.15
  860.63
  741.73
  858.65
  857.60
  856.81
  849.93
  855.88
  695.94
  700.76
  847.75
  871.22
  859.05
  853.24
  702.34
  557.73
  557.84
  692.09
  898.97
  917.86
  893.59
  584.80
  555.86
  447.29
  563.68
  560.76
  555.10
  803.89
 1592.14
 1636.29
 1788.52
 2073.90
 2799.71
 2800.03
 2833.75
 2822.88
 2838.54
 2902.59
 3178.23
 3658.08
 3571.04
 3297.98
 2433.49
 1773.74
 1777.51
 1813.44
 1797.72
 1775.04
 1768.90
 2111.90
 2640.89
 2662.66
 2647.20
 2634.85
 2615.91
 2519.83
 2670.70
 2701.94
 2697.80
 2710.49
 2648.08
 2613.02
 2602.60
 2599.71
 2588.78
 2586.23
 2626.10
 2608.83
 2310.68
 1900.88
 1914.28
 1912.97
 1962.67
 1146.58
 1053.02
  309.25
  712.76
 1947.12
 2739.37
 2671.61
 2628.74
 2778.45
 2801.30
 2729.69
 2654.51
 2604.19
 2558.77
 2513.15
 2499.67
 2495.05
 2480.84
 2479.05
 2464.47
 2436.78
 2402.91
 2366.38
 2330.48
 2282.79
 2237.85
 2248.24
 2245.67
 2228.90
 2253.62
 2321.53
 2290.18
 2322.04
 2406.03
 2423.70
 2730.82
 3478.50
 3558.95
 4406.50
 5687.10
 5668.27
 5603.34
 5519.86
 5403.28
 5728.72
 6005.55
 5573.89
 5053.06
 5019.93
 4896.10
 4812.50
 4670.52
 4653.00
 4604.52
 4442.55
 4271.71
 3897.47
 3402.35
 3428.35
 3416.20
 3425.38
 3464.82
 3448.60
 3056.35
 2425.14
 2162.84
 1842.32
 1827.03
 1819.92
 1806.13
 1238.41
 1139.55
  752.44
  749.07
  817.96
  799.10
  807.48
 1523.96
 1771.95
 2025.79
 2876.34
 4033.73
 4491.59
 4466.95
 4865.94
 5742.57
 5978.39
 5675.40
 4424.79
 3757.67
 3979.93
 4132.93
 4510.34
 4951.20
 5211.97
 5643.18
 6037.80
 6066.86
 6085.74
 6493.39
 6855.45
 6744.99
 6825.46
 6763.93
 6589.22
 6269.01
 6035.48
 4871.77
 4069.56
 3599.01
 2855.05
 2838.42
 2402.23
 1649.03
 1689.69
 1710.05
 1619.07
 1907.05
 1918.58
 1911.22
 1893.72
 1890.83
 1256.59
 1199.73
 1231.19
 1131.57
  881.22
 1166.99
  940.23
 1213.74
 1850.14
 1540.32
 1495.70
 1589.17
 1814.52
 1833.35
 1765.56
 1733.98
 1434.67
 1148.67
  971.30
  822.01
  837.61
  799.87
 1018.10
 1444.95
 1658.21
 1856.93
 1852.12
 1872.54
 1879.45
 1893.35
 1902.41
 1835.92
 1744.63
 1702.61
 1649.06
 1682.53
 1676.78
  656.53
  550.93
  521.62
  506.33
  503.81
  506.53
  355.01
  342.18
  366.25
  365.34
  361.27
  367.24
  369.31
  388.85
  390.49
  395.98
 1010.46
 1176.76
 1531.43
 1784.05
 1851.89
 2158.56
 4286.15
 8027.40
 9222.29
 8479.20
 5376.15
 3546.77
 3217.81
 2777.88
 3669.04
 4426.49
 4119.39
 3931.79
 3525.65
 3249.95
 2999.58
 2460.34
 1797.58
 1775.75
 1811.46
 1786.59
 1794.30
 1783.20
 1782.86
 1186.19
 1108.52
  902.12
  935.82
  904.33
  972.54
  952.69
  982.85
 1134.54
 1090.93
 1110.56
  702.65
  678.95
  862.25
  749.58
  700.73
  826.63
 1016.46
 1424.73
 1025.92
 1072.13
  804.48
  793.78
  699.03
  723.84
  707.92
  619.88
  513.04
  571.35
  570.67
  571.58
  569.17
  514.83
  513.58
  510.04
  517.80
  509.42
  512.82
  516.19
  500.93
  496.42
  458.93
  484.44
  524.74
  545.41
  536.63
  534.57
  506.33
  504.35
  655.05
  699.91
  719.56
  570.24
  574.27
  553.82
  552.15
  548.30
  759.68
  676.18
  641.83
  630.08
  628.92
  622.91
  617.48
  563.11
  561.35
  572.37
  556.03
  561.49
  560.76
  662.61
  664.12
  666.21
  677.23
  561.83
  520.95
  737.71
  722.50
  713.61
  706.00
  709.14
  686.43
  658.06
  713.02
  712.34
  714.60
 1059.67
 1186.82
 1341.60
 1750.80
 1767.88
 1191.35
 1101.53
 1032.09
 1029.71
  933.21
  764.72
  731.88
  707.61
  695.43
  745.53
  767.64
  747.54
  801.11
  744.56
  629.74
  617.82
  808.70
  715.51
  720.04
  867.63
  882.58
  892.97
  687.08
  681.81
  612.21
  659.10
  628.66
  584.40
  614.14
  599.47
  701.44
  682.86
  637.13
  664.31
  626.31
  570.92
  660.18
  724.94
  592.70
  592.70
  580.86
  583.33
  592.42
  589.87
  492.91
  523.72
  447.55
  393.49
  531.85
  508.60
  578.94
  574.18
  699.03
  643.36
  468.33
  567.38
  599.04
  602.47
  710.53
  688.47
  401.50
  399.66
  714.75
  928.88
 1008.48
  892.41
  968.01
  959.20
  709.08
  703.25
  762.03
  714.21
  669.78
  630.13
  659.61
  685.95
  659.61
  675.39
  670.85
  675.87
  625.97
  561.86
  576.25
  594.77
  885.75
  980.47
 1109.14
 1170.14
 1004.91
 1007.68
  984.32
  872.27
 1218.62
  826.14
  847.33
 1105.74
 1130.38
 1302.04
 1324.66
 1468.60
 2495.14
 3376.95
 3304.32
 3250.55
 2612.00
 2070.02
 2079.08
 2338.52
 2628.88
 2600.85
 2560.89
 2537.53
 2162.36
 1667.83
 1700.85
 1696.75
 1695.70
 1677.49
 1657.81
 1675.76
 1660.44
 1641.92
 1638.84
 1665.06
 1690.86
 1738.94
 1214.40
 1195.79
 1587.98
 1524.83
  990.52
  990.07
 1503.57
 2069.14
 2892.31
 3052.13
 3018.29
 3003.88
 2981.25
 2919.84
 2390.45
 1690.32
 1643.14
 1614.85
 1680.77
 1684.91
 1630.12
 1381.75
 1397.61
 1448.63
 1348.22
 1311.27
 1307.50
 1307.67
 1113.64
 1134.43
 1636.09
 1599.59
 1557.99
 1561.76
  979.65
  954.31
 1209.87
 1649.80
 1699.52
 1750.77
 1779.01
 1763.74
 1755.70
 1732.34
 1694.31
 1666.62
 1651.44
 1635.41
 1589.28
 1038.80
 1055.60
 1051.77
  977.95
  888.89
  866.18
  853.24
  952.69
 1103.76
 1759.84
 1890.01
 2317.85
 2852.70
 3040.52
 3304.58
 3253.01
 2978.82
 2513.40
 2356.67
 2991.96
 4378.49
 4062.31
 4192.73
 5123.88
 5275.15
 5395.83
 4688.53
 4005.45
 4146.72
 3895.97
 3494.38
 3552.69
 3571.75
 3592.78
 3797.23
 4199.44
 4014.79
 3791.80
 3693.28
 3571.80
 3439.45
 3399.21
 3317.15
 3273.68
 3272.10
 3292.34
 3044.00
 3355.18
 3300.78
 2960.55
 2555.43
 2878.58
 3280.34
 3310.15
 3282.49
 3228.83
 3213.03
 3192.10
 2743.70
 2258.07
 2504.65
 3787.55
 4138.51
 4153.68
 4121.46
 4045.12
 4349.33
 4922.54
 5333.85
 5638.25
 5153.55
 3746.46
 2241.59
 1032.89
 2074.44
 3714.18
 4043.31
 4726.28
 5219.02
 5174.85
 4953.86
 4889.55
 5091.79
 4852.91
 4852.20
 4870.13
 4497.54
 4208.45
 3933.18
 3661.23
 3390.29
 3202.89
 3056.97
 2436.21
 1716.09
 1730.84
 1764.48
 1766.18
 1770.85
 1395.28
 1214.65
 1485.42
 1550.72
 1503.65
 1490.88
 1336.95
 1217.94
 1215.47
  681.16
  586.41
  703.96
  759.97
  710.84
  691.81
  803.83
  844.15
  828.89
  832.29
  864.60
  781.29
  787.21
 1070.26
 1051.06
 1004.94
  793.61
 1010.94
 1099.43
 1039.79
 1063.64
  969.71
  863.30
  976.25
 1522.31
 1687.34
 2577.65
 2838.79
 1637.48
 1674.38
 1506.97
 1559.58
 1598.57
 1565.95
  602.41
  735.19
  691.67
  697.87
  704.41
  697.19
  689.49
  766.00
  779.62
  826.46
  945.44
  940.29
 1031.72
 1032.35
  846.14
  734.62
  652.51
  662.50
  783.33
  736.95
  746.15
  743.71
  748.19
  739.24
  735.11
  737.60
  738.96
  737.43
  736.83
  908.04
  950.17
  950.20
  966.45
  918.71
  746.18
  991.26
  986.08
  757.25
  774.58
  787.12
  712.51
  710.64
  730.97
  732.64
  749.97
  748.41
  684.02
  730.69
  738.90
  765.38
  710.30
  708.66
  714.83
  601.19
  666.07
  662.59
  685.58
  702.65
  736.32
  699.26
 1051.18
 1316.25
 1294.45
 1273.15
 1253.05
 1261.69
 1270.69
 1283.89
 1265.17
 1301.73
 1337.18
  945.33
  968.63
  975.12
 1295.78
 1329.48
 1324.95
 1336.19
 1324.38
 1333.61
 1342.30
 1325.88
 1066.21
 1187.67
 1266.84
 1151.56
  971.78
  959.18
  881.14
  992.05
 1036.57
  946.26
  713.73
  328.25
  331.00
  708.46
  958.67
  961.87
  598.05
  596.92
  593.12
  592.95
  597.06
  644.41
  606.75
  598.65
  757.70
  740.97
  760.68
  816.86
  898.10
  967.70
 1046.11
  987.58
  965.32
  971.32
  699.09
  698.18
  696.96
  705.12
  695.60
 1003.80
 1037.05
  982.31
 1009.92
  943.32
  799.58
  858.74
  787.49
  786.39
  964.44
  794.29
  806.58
 1304.81
 1487.29
 1589.14
 1572.52
 1719.54
 2231.62
 2665.32
 2659.49
 2640.23
 2611.46
 2533.65
 2850.18
 3701.32
 4212.92
 4488.31
 4653.19
 4630.37
 4569.63
 4191.46
 3393.26
 2922.02
 3676.60
 4610.24
 4616.35
 4599.42
 4560.51
 4987.67
 5379.15
 5054.56
 4787.13
 4597.86
 4384.35
 3876.80
 3415.46
 3423.65
 3309.76
 3211.53
 3291.01
 3357.39
 3411.33
 3761.50
 4185.14
 4162.86
 3993.84
 3823.79
 3752.32
 3671.73
 3696.54
 3671.82
 3211.24
 2346.36
 1894.82
 1902.78
 1863.33
 1803.02
 1794.61
 1785.60
 2266.62
 2956.76
 2971.63
 2988.02
 3244.15
 3593.24
 3576.62
 3536.38
 3504.61
 3561.04
 3978.15
 4673.72
 4937.18
 5231.59
 5309.18
 5347.78
 5365.45
 5295.11
 5179.72
 5073.61
 5012.48
 5062.34
 5109.15
 5056.79
 4828.70
 4315.26
 3504.97
 2681.89
 1918.86
 1863.56
 1874.12
 1675.76
 1775.95
 1771.13
 1761.76
 1746.78
 1756.10
 1767.51
 1756.69
 1588.21
 1294.76
 1357.59
 1454.61
 1668.94
 1661.66
 1678.62
 1701.67
 1731.77
 1765.92
 1781.78
 1823.75
 1882.90
 2135.94
 1773.29
 2138.43
 2567.40
 3068.07
 3864.43
 3657.77
 3525.16
 3238.20
 3216.60
 2618.49
 2227.32
 2229.70
 2235.87
 2242.33
 2234.65
 2222.02
 2213.24
 2071.15
 1892.90
 1826.01
 1711.95
 1493.71
 1000.77
 1027.31
  652.67
  679.29
  620.42
  612.52
  786.84
  789.67
  793.41
  799.87
  701.97
  715.34
  706.59
  740.88
  546.26
  359.51
  341.22
  343.62
  343.54
  355.80
  350.17
  346.82
  348.95
  371.32
  358.41
  351.87
  360.47
  356.37
  356.20
  362.34
  360.13
  357.90
  352.04
  625.29
  571.72
  434.95
  490.99
  504.86
  419.15
  435.14
  435.43
  456.69
  468.25
  473.77
  442.62
  438.85
  428.46
  433.73
  435.99
  437.16
  415.18
  426.59
  365.91
  376.22
  609.12
  636.87
  281.58
  329.55
  405.27
  454.26
  421.81
  436.31
  428.32
  367.13
  410.20
  515.54
  516.02
  529.24
  605.10
  681.61
  549.94
  502.60
  513.84
  462.78
  691.27
  573.47
  532.75
  492.66
  492.51
  493.36
  500.95
  501.21
  503.67
  534.20
  532.95
  512.87
  507.15
  510.81
  511.80
  514.35
  531.03
  525.14
  513.72
  505.46
  505.00
  517.38
  520.29
  517.12
  504.07
  506.33
  515.51
  520.01
  503.36
  507.21
  511.06
  511.88
  510.72
  507.69
  531.79
  498.04
  514.74
  514.26
  507.10
  504.44
  504.80
  512.28
  510.81
  515.65
  611.50
  510.04
  515.96
  616.80
  740.63
  725.82
  740.34
  738.02
  752.10
  730.94
  736.41
  739.04
  739.98
  736.12
  732.08
  733.55
  832.06
  917.83
  997.26
 1007.43
  998.40
 1011.45
 1012.33
 1162.15
 1159.72
 1155.95
 1152.72
 1158.33
 1176.25
 1171.58
 1155.58
 1146.61
  768.18
 1109.48
 1191.37
 1197.86
 1201.54
 1202.22
 1016.80
 1017.74
  769.23
  850.86
  696.74
  721.60
  855.91
  854.72
  632.54
  532.22
  514.83
  509.17
  511.40
  635.29
  767.90
  882.47
 1051.80
 1148.22
 1118.86
 1101.16
 1555.98
 1692.13
 1690.23
 1707.36
 1704.28
 1685.90
 1694.17
 1658.57
 1065.48
  997.18
  985.31
 1002.33
  996.95
 1162.55
 1330.67
 1345.73
 1339.70
 1350.23
 1354.48
 1102.66
  990.55
  979.71
 1183.67
 1355.39
 1362.32
 1184.10
  896.09
  949.38
 1089.89
 1165.21
 1156.38
 1161.36
 1166.09
 1177.67
 1235.80
 1302.46
 1463.50
 1421.70
 1437.73
 1384.58
 1324.41
 1283.12
 1091.53
  760.90
  722.11
  761.19
  734.11
  448.85
  561.15
  707.64
  726.84
  740.49
  728.17
  904.86
  906.48
  920.84
  922.11
  932.11
  614.59
  526.01
  607.06
  978.32
 1341.74
 1325.88
 1157.14
 1005.30
 1007.57
 1031.55
 1001.26
 1012.10
  783.67
  785.59
  805.81
  799.72
  801.82
  798.62
  816.23
  822.66
  813.23
  813.06
  824.95
  701.52
 1522.68
 1882.93
 1886.78
 1463.39
 1134.20
 1086.09
 1134.46
 1559.41
 1681.40
 1643.40
 1663.61
 1649.37
 1405.28
 2096.35
 2700.24
 2682.99
 2725.78
 2889.71
 3062.75
 3082.88
 3325.90
 3468.62
 3444.38
 3436.50
 3413.34
 3374.18
 3325.28
 3281.19
 3229.82
 3134.34
 3077.87
 3112.98
 3151.86
 3175.17
 3796.35
 5060.25
 6111.88
 6694.27
 6503.08
 6464.88
 6315.00
 6165.43
 6099.11
 6049.81
 5704.63
 5491.17
 5497.04
 5450.82
 5334.89
 5048.70
 4829.75
 4892.36
 4937.50
 5008.63
 4989.63
 5018.91
 5053.06
 5171.02
 5282.20
 5138.46
 5105.24
 5047.56
 4524.61
 4090.48
 4157.79
 4094.50
 3934.43
 3943.63
 3947.91
 3974.18
 3677.93
 3118.36
 2943.14
 2685.97
 2720.85
 2726.01
 2745.71
 2769.08
 2728.92
 2516.72
 2336.28
 2351.80
 2408.40
 2426.75
 2408.40
 2740.93
 3328.45
 3391.59
 3357.42
 3197.34
 3374.38
 3651.03
 3988.48
 3805.33
 3317.52
 3289.11
 3275.89
 3239.87
 3238.60
 3214.61
 2998.41
 2753.08
 2722.55
 2694.94
 2643.66
 2250.71
 1816.89
 1847.59
 1827.17
 1817.09
 1795.57
 1582.35
 1681.23
 1542.87
 1628.84
 1571.47
 1284.48
 1320.81
 1231.84
 1243.31
 1564.31
 1815.82
 2503.27
 3305.82
 3336.72
 3581.20
 3786.87
 3327.20
 2669.80
 2402.29
 2778.42
 2752.51
 2714.62
 2179.49
 1776.37
 1689.18
 1845.75
 1870.58
 3108.96
 4168.44
 4328.37
 4469.53
 4522.37
 4776.91
 4937.07
 4858.46
 4865.68
 4950.72
 4883.07
 5096.72
 5218.60
 5299.47
 5328.44
 5495.31
 5577.37
 5039.18
 4210.21
 3687.53
 3486.91
 3304.63
 2991.90
 2700.07
 2685.80
 2353.02
 1916.31
 1906.54
 1904.08
 1898.93
 1764.85
 1621.76
 1335.05
  878.95
  911.86
 1314.64
 1824.09
 1423.03
 1619.41
  897.73
  579.08
  937.80
 1424.93
 2126.71
 2754.86
 3065.75
 3029.25
 3006.63
 2978.34
 2950.73
 2923.01
 2902.45
 2406.25
 1818.68
 1818.00
 1793.19
 1773.60
 1758.79
 1721.83
 1704.22
 1676.78
 1676.73
 1365.30
 1287.00
 1076.92
  842.62
 1114.52
 1562.30
 2667.45
 4167.59
 4346.30
 4214.51
 3587.66
 3570.07
 3543.29
 4466.08
 5436.07
 5619.82
 5574.99
 5183.74
 5402.09
 4764.05
 3863.21
 2608.24
 2561.74
 2541.49
 2285.68
 2175.27
 2078.65
 1753.55
 1759.81
 1737.49
 1742.14
 1690.23
 1495.41
 1681.94
 1102.01
 1581.95
 1720.87
 1137.60
 1129.53
 1596.36
 1698.36
 1708.55
 1738.34
 1670.38
 1924.70
 2383.46
 2549.79
 2522.63
 2501.74
 2476.93
 2449.38
 1849.03
 1993.42
 1994.33
 1537.72
 1316.28
 1318.04
 1305.10
 1315.77
 1325.03
 1297.19
 1308.69
 1336.64
  982.17
  792.42
  795.42
  800.69
  790.41
 1202.73
 1272.96
 1311.30
 1324.46
 1386.76
 1500.54
 1130.69
 1062.76
 1316.73
 1212.36
 1164.13
 1093.12
 1038.52
 1050.33
 1062.45
 1063.04
  866.75
  760.36
 1002.02
 1191.97
 1299.71
 1635.89
 1671.94
 1665.40
 1669.53
 1673.16
 1301.44
 1345.62
 1340.60
 1344.51
 1339.25
 1009.07
 1344.54
 1361.39
 1328.60
 1309.43
 1314.18
 1342.81
 1016.23
  997.04
 1004.40
 1010.29
  945.41
  938.00
 1018.22
 1105.06
 1140.66
 1069.07
  835.86
  831.78
 1131.34
 1117.38
 1103.82
 1057.01
  887.45
 1313.02
 1262.82
 1097.53
 1137.09
 1191.23
 1189.53
 1169.17
 1164.08
 1156.35
 1013.09
 1017.25
  970.39
 1056.98
  995.20
  985.71
  983.27
  979.82
  972.00
  979.90
 1013.49
 1016.18
 1030.87
 1113.25
  992.79
  972.03
 1062.11
 1258.97
 1445.97
 1670.04
 1365.81
 1664.89
 1183.87
 1299.04
 1652.71
 1658.60
 1638.33
 1745.90
 1977.65
 2001.52
 2054.02
 2728.19
 3573.50
 3525.19
 3473.80
 3442.20
 3392.84
 3386.55
 3407.54
 3389.67
 3387.94
 3151.24
 2815.91
 2916.30
 2972.87
 3207.39
 3461.73
 3464.14
 3596.35
 3778.46
 3748.75
 3685.10
 3664.79
 3664.79
