19850101
  560.90
 1122.42
 1223.17
 1114.64
  891.87
 1064.23
 1002.90
 1047.24
 1178.92
 1253.62
 1042.99
  735.64
  567.16
  738.84
  950.51
  849.02
  680.68
  554.90
  424.53
  675.58
 1323.22
 1025.78
  710.27
  533.77
  420.02
  391.85
  426.99
  645.14
  674.31
  624.50
  572.11
 1518.60
 2402.09
 2286.10
 2055.69
 1779.94
 1347.06
 1458.09
 1353.66
 1260.92
 1174.10
 1163.71
 1269.08
 1371.36
 1339.50
 1361.81
 1097.39
 1093.26
  986.84
 1107.56
 1010.80
 1257.75
 1258.09
  856.47
  580.16
  953.09
  893.99
  935.76
  914.29
 1057.41
  870.86
  618.61
  797.60
  817.54
  970.45
  863.66
  864.37
  490.48
  336.97
  571.41
  420.02
  806.69
  818.13
  656.02
  390.29
  311.15
  705.91
  564.21
  586.53
  569.54
  515.37
  347.70
  294.72
  463.35
  545.47
  570.58
  763.51
  912.51
  492.83
  175.45
  532.72
  367.89
  329.55
  340.03
  274.90
  233.98
  226.05
  432.31
  507.10
  231.49
  158.23
  225.49
  116.58
  204.11
  310.44
  317.15
  353.14
  343.12
  153.14
  142.29
  140.06
  316.19
  402.58
  255.79
  229.03
  236.45
  158.80
  148.55
  262.04
  352.54
  279.03
  221.58
  206.71
  132.49
  153.62
  305.94
  180.41
  186.89
  260.40
  321.88
  192.07
  202.58
  572.85
  666.27
  646.11
  362.23
  322.47
  202.69
  169.19
  277.51
  412.49
  253.21
  417.19
  428.52
  193.63
   63.83
  134.02
  430.42
  472.89
  405.41
  680.20
  473.26
   22.06
  726.07
  756.06
  836.76
  982.00
  649.65
  235.14
  165.17
  496.03
  453.07
  443.98
  486.46
  206.49
  286.00
  164.01
  483.40
  448.34
  305.48
  312.31
  336.86
  313.84
  353.73
  602.55
  619.80
  784.49
  835.46
  396.32
  125.78
  213.20
  343.12
  404.34
  529.30
  410.96
  428.52
  225.57
  212.38
  488.95
  563.14
  551.13
  584.63
  722.67
  372.96
  181.71
  479.97
  538.39
  599.38
  464.06
  515.14
  496.14
  420.73
  535.67
  789.93
  631.95
  783.78
  896.00
  689.88
  587.35
  622.86
  884.90
  979.76
  680.54
  826.26
  578.37
  528.11
  492.01
  503.93
  426.54
  420.87
  496.25
  441.86
  576.02
 1076.27
  939.07
  853.27
  799.24
  573.19
  684.67
  872.64
  864.26
  990.98
  860.72
  581.20
  722.19
  543.20
  391.00
  909.68
 1122.99
 1134.57
 1117.47
 1194.15
  837.24
  367.41
  583.70
  863.55
  772.00
  802.90
  682.44
  503.11
  521.51
  776.48
  801.96
  715.60
  717.61
  801.59
  268.90
  203.17
  731.88
  656.61
  680.91
  783.07
  892.69
  285.41
  172.62
  520.32
  498.86
  608.22
  652.11
  438.32
  372.37
   91.55
  579.56
  815.53
  886.09
  889.86
  835.83
  520.69
  354.44
  757.48
  563.99
  630.05
  872.98
  628.04
  380.27
  173.21
  645.62
  494.50
  536.72
  668.76
  822.12
  573.64
  210.85
  523.75
  662.84
  610.23
  653.89
  750.76
  337.08
  257.34
  568.57
  574.61
  430.64
  419.09
  445.17
  290.02
  218.75
  512.20
  716.08
  805.02
  813.51
  924.54
  795.70
  473.49
  634.07
  785.31
  734.00
  721.37
  800.18
  440.55
  209.91
  484.93
  665.81
  692.94
  725.62
  588.28
  597.49
  494.24
  634.78
  593.95
  728.56
  562.91
  672.75
 1042.88
 1049.03
 1233.79
 1166.54
 1129.25
 1056.44
 1048.91
  810.57
  561.38
  626.40
  645.28
 1063.30
 1060.35
 1211.73
 1091.02
  487.87
  953.80
 1021.90
  990.38
 1007.26
  911.92
  677.25
  505.68
  442.45
  538.50
  963.25
 1041.13
  705.32
  534.85
  335.78
  387.94
  535.19
  375.31
  474.68
  613.65
  437.01
  375.79
  829.91
  638.66
  742.01
  678.90
  499.68
  489.65
  238.34
  490.36
  615.89
  531.31
  412.12
  382.05
  269.49
  177.35
  487.87
  396.32
  414.36
  427.70
  511.71
  255.56
  174.15
  954.50
 1226.60
  896.71
  639.25
  464.06
  261.11
  275.61
  389.95
  347.36
  282.46
  562.57
  688.21
  442.93
  419.91
  764.07
  912.28
 1133.50
  958.41
  880.54
  709.00
  209.06
  632.17
 1274.97
 1508.95
 1364.65
 1485.70
  960.76
  755.58
  875.92
  918.40
  831.58
  768.69
  719.47
  644.80
  334.96
  360.81
  958.30
 1010.32
  922.31
  935.76
  470.65
  127.65
  660.86
  695.07
  561.38
  759.60
  648.12
  354.33
  326.13
  724.20
  723.61
  804.91
 1066.24
 1239.94
  940.01
  625.09
  560.56
  340.74
  411.53
  412.72
  328.48
  204.25
  173.21
  333.20
  246.02
  242.70
  161.07
  158.80
  225.12
  125.30
  296.62
  272.55
  332.84
  184.17
  147.02
   92.26
   63.23
  176.75
  214.87
  297.21
  285.29
  200.57
   65.50
   86.59
  237.27
  175.08
  252.02
  135.58
  202.24
  112.79
  105.25
  210.14
  211.19
  178.06
  279.15
  216.62
  104.29
   53.09
  222.51
  232.91
  308.17
  279.15
  275.38
  103.58
  109.39
  239.65
  227.02
  253.32
  213.57
  221.58
  199.86
  163.64
  277.87
  242.70
  200.94
  221.69
  251.54
  193.26
  162.94
  289.91
  286.82
  211.19
  293.67
  251.09
  132.61
   74.93
  214.98
  177.91
   95.68
  203.88
  235.85
  117.51
  138.27
  307.61
  209.06
  210.73
  173.10
  204.96
  243.41
  233.61
  425.46
  362.23
  337.08
  297.55
  471.59
  315.85
  246.36
  348.78
  544.16
  372.25
  350.53
  528.11
  235.74
  226.53
  431.95
  478.33
  316.55
  237.04
  271.84
  347.96
  375.68
  478.21
  535.08
  471.25
  330.83
  575.54
  468.30
  425.94
  501.69
  318.56
  542.64
  629.94
  804.68
  305.48
  197.17
  443.87
  463.46
  537.31
  605.16
  635.94
  385.82
  384.51
  497.33
  338.61
  267.96
  283.88
  503.11
  344.87
  475.38
  406.46
  411.42
  236.56
  384.17
  135.10
  350.19
  377.10
  304.52
  308.43
  341.59
  452.25
  551.95
  405.16
  297.55
  523.64
  321.88
  328.25
  259.69
  327.54
  486.57
  267.59
  567.41
  450.24
  314.69
  406.83
  547.82
  370.24
  474.42
  392.78
  572.48
  573.19
  599.50
  669.92
  528.22
  429.71
  466.04
  532.47
  643.98
  590.52
  416.14
  257.91
  328.59
  504.27
  438.57
  513.61
  624.05
  544.16
  263.35
  207.65
  349.60
  513.95
  638.66
  655.53
  744.85
  298.40
   59.69
  494.13
  418.27
  473.60
  573.78
  557.73
  383.35
  445.99
  441.15
  505.23
  403.03
  366.11
  330.00
  219.12
  213.45
  328.70
  426.17
  553.71
  660.26
  712.76
  181.71
  144.64
  765.97
  702.74
  804.31
  758.07
  738.96
  735.76
  890.45
  942.61
  769.99
  666.52
  720.32
  672.75
  324.82
  274.08
  677.00
  604.93
  804.42
  712.28
  665.67
  544.87
  614.36
  727.63
  665.22
  693.65
  988.26
  769.62
  721.85
  869.21
  863.78
  920.89
  941.76
 1148.13
  649.16
  414.62
  520.69
 1327.95
 1604.86
 1516.37
 1529.34
 1612.30
 1335.14
 1331.60
 1495.36
 1240.05
 1236.14
 1142.47
 1161.81
 1120.41
 1037.10
 1056.33
 1240.99
 1561.90
 1441.70
 1405.59
 1364.99
 1225.78
 1260.47
 1285.10
 1212.78
 1294.56
 1212.90
 1212.78
 1211.96
 1347.66
 1204.29
 1213.26
 1242.88
 1210.21
 1207.01
 1087.85
 1216.21
 1320.50
 1190.84
 1194.63
 1200.15
 1200.41
  967.95
 1003.01
 1074.85
 1089.15
 1059.53
 1024.02
  704.04
  802.90
  720.66
  727.40
  844.92
  495.32
  684.93
  642.31
  656.13
 1664.10
 1809.22
 1447.93
 1342.05
 1292.66
 1301.16
 1364.65
 1636.01
 1440.51
 1256.56
 1274.85
 1247.02
 1335.03
 1224.48
 1240.87
 1309.31
 1307.64
 1254.92
 1299.40
 1280.03
 1275.67
 1282.64
 1239.80
 1145.78
 1047.50
 1019.77
  711.83
  462.27
  965.49
 1086.18
 1005.36
 1086.89
 1255.37
 1249.14
  767.05
 1127.38
 1351.31
 1259.62
 1755.64
 2772.93
 3250.43
 2687.75
 2187.59
 2290.61
 2198.80
 2051.56
 1729.11
 1509.17
 1514.02
 1655.83
 1729.22
 1597.30
 1512.60
 1257.75
 1196.87
 1187.18
 1231.19
 1407.83
 1196.87
  977.64
  883.49
  846.08
  627.44
  811.87
  917.35
  780.02
  715.00
  790.75
  464.88
  355.60
  770.33
  840.67
  885.27
  702.48
  819.77
  594.06
  261.70
  402.58
  572.82
  541.22
  407.28
  265.36
  155.52
  137.82
  450.95
  504.41
  737.54
  614.25
  715.93
  708.29
  915.46
 1016.46
  984.49
  965.97
  823.91
  774.83
  818.73
  561.38
  819.06
  922.90
  944.74
  893.40
  755.35
  492.01
  603.38
  908.04
  650.24
  870.15
  710.75
  795.93
  401.76
  131.33
  842.20
  822.26
  789.93
  722.19
  609.29
  177.69
  145.61
  652.36
  709.34
  804.57
  916.42
  790.52
  781.06
  356.79
  491.41
  936.58
  942.84
  965.49
  814.34
  402.81
  514.77
  755.58
  874.40
  769.51
  651.77
  512.90
  281.53
  302.06
  812.92
  837.95
  657.66
  620.03
  719.84
  534.96
  377.44
  734.11
  614.36
  833.70
  689.63
  401.05
  500.39
  372.85
  646.93
  850.92
  737.31
  741.08
  355.15
  254.85
  290.02
  683.63
  818.95
  785.91
  819.89
  561.75
  152.09
  366.36
  859.08
 1030.03
 1179.99
 1068.73
  791.82
  658.96
  499.68
  924.43
  948.50
  954.50
  988.74
 1018.22
  648.12
  514.43
  914.75
  935.28
  784.49
  795.82
  860.24
  794.17
  505.46
  832.88
  981.29
  896.34
  903.79
  843.96
  907.33
  904.24
  954.99
  935.87
  813.06
  858.23
  969.14
  854.23
  478.44
  758.18
  959.35
 1066.24
  910.87
  928.91
  575.43
  670.51
  764.44
  623.68
  853.16
  930.32
  911.32
  657.06
  259.21
  725.62
  763.62
  782.25
  805.61
  580.72
  509.93
  199.41
  628.52
  579.67
  411.53
  460.97
  378.74
   86.37
  166.73
  510.52
  708.63
  711.35
  655.31
  647.52
  388.88
  253.10
  648.94
  648.46
  823.54
  839.25
  478.67
  384.77
  353.25
  687.76
  699.20
  678.19
  661.09
  697.30
  143.37
  220.53
  543.91
  741.19
  473.37
  832.52
  757.25
  605.39
  553.59
  904.50
  842.79
  874.28
  923.84
  842.54
  540.85
  442.93
  712.99
  848.09
  778.37
  798.54
  680.20
  386.19
  144.08
  554.08
  625.09
  718.77
  858.11
  916.05
  286.00
   38.23
  447.77
  445.17
  451.06
  330.97
  349.12
  280.70
  267.48
  492.83
  462.16
  381.46
  348.07
  680.68
  652.00
  167.18
  514.77
  538.95
  543.68
  585.11
  468.16
  578.26
  251.54
  487.42
  513.13
  639.14
  737.31
  849.02
  810.80
  347.59
  665.56
  662.02
  532.02
  215.09
  268.08
  212.49
  236.81
  675.72
  436.31
  468.87
  432.91
  472.66
  235.74
  141.95
  386.19
  322.70
  300.64
  195.16
  248.14
  223.00
  268.42
  356.68
  291.55
  432.20
  675.84
  621.07
  505.82
  108.20
  519.73
  366.48
  335.67
  254.96
  295.91
  706.99
  252.02
  675.36
  880.88
  760.31
  587.80
  286.59
  274.90
   90.98
  644.69
 1019.07
 1035.69
  696.00
  680.91
  564.21
  342.75
  882.55
  801.96
  580.61
  852.45
  862.25
  498.15
  496.85
  641.86
 1049.51
 2037.28
 2338.63
 1728.63
 1252.20
 1244.19
 1162.07
  806.32
  853.16
  856.24
  587.94
  319.64
  187.49
  666.15
  884.31
  725.28
  645.62
 1056.81
  996.41
  685.15
  915.82
  896.60
  884.08
  788.85
  926.78
  841.01
  501.21
  740.00
  733.07
  599.72
  565.40
  991.68
  461.08
  396.44
  589.10
  574.83
  879.61
 1017.17
  828.49
  389.24
  166.02
  403.52
  322.33
  291.44
  211.67
  307.46
  403.74
  132.61
  484.44
  475.50
  284.81
  371.55
  567.75
  388.42
  370.47
  998.17
 1122.65
 1246.54
 1036.40
  663.32
  179.59
  134.87
  266.40
  206.71
  179.10
  186.55
  181.94
  193.63
  157.27
  228.55
  251.20
  284.36
  225.12
  124.48
  129.07
   77.28
  309.25
  361.63
  292.97
  239.87
  180.04
   54.99
   40.72
  249.78
  325.30
  417.08
  226.53
  125.78
  227.02
  157.64
  292.14
  276.32
  304.29
  200.00
  291.32
  190.20
   97.47
  253.66
  284.81
  197.99
  259.58
  128.95
  110.44
   94.63
  327.29
  161.41
  175.22
  172.73
  102.31
  104.18
   95.34
  255.67
  262.75
  322.59
  203.65
  207.53
  184.17
   60.65
  323.63
  198.44
  156.82
  218.04
  208.24
   62.41
   37.41
  264.65
  135.33
  180.75
  215.92
  204.70
   59.47
  150.08
  235.85
  291.44
  290.84
  219.82
   94.04
  106.41
   85.43
  317.63
  287.42
  426.65
  147.84
  229.85
  210.85
  216.51
  281.64
  513.36
  367.41
  333.80
  241.40
  155.74
  159.28
  473.26
  498.26
  528.70
  528.82
  550.76
  426.06
  191.14
  403.74
  332.01
  436.56
  304.41
  318.56
  161.52
  201.42
  345.69
  485.75
  475.72
  470.77
  491.89
  322.22
  108.54
  480.90
  312.79
  414.73
  467.11
  742.98
  409.66
  140.54
  434.07
  432.20
  369.53
  205.07
  249.19
  416.03
  294.50
  450.24
  473.49
  403.52
  377.69
  384.40
  158.69
  145.72
  443.05
  404.70
  397.37
  374.49
  301.80
  182.76
  154.81
  563.39
  535.30
  537.31
  629.00
  709.11
  418.38
  208.36
  727.74
  481.87
  454.00
  394.79
  240.21
  355.49
  284.47
  476.80
  410.96
  391.96
  372.25
  375.31
  409.77
  207.90
  206.12
  260.74
  509.93
  548.04
  441.63
  239.99
  146.31
  317.04
  408.47
  540.85
  454.60
  477.51
  305.00
  306.64
  550.54
  428.89
  530.35
  435.03
  348.78
  522.11
  221.58
  358.43
  669.92
  339.21
  417.67
  455.90
   39.30
    0.00
  169.31
  260.03
  246.58
  176.16
  261.11
  143.82
  129.78
  398.08
  373.78
  412.60
  578.60
  503.45
  271.36
  148.78
  337.57
  313.50
  420.87
  578.60
  577.18
  198.22
  156.22
  344.98
  398.22
  417.56
  660.01
  311.00
  300.39
  135.92
  677.48
  575.65
  613.29
  267.00
  351.61
  289.20
  157.16
  569.76
  542.38
  647.52
  411.08
  450.83
  231.72
  397.14
  659.67
  603.26
  559.26
  513.13
  479.15
  419.32
   47.20
  581.57
  379.56
  426.28
  943.32
  846.08
  435.85
  344.42
  930.80
 1058.23
  902.49
  743.20
  861.91
  792.39
  805.27
  926.07
 1022.46
  855.06
  938.00
  928.45
  208.72
  157.64
  709.45
  749.80
  578.60
  710.27
  931.03
  475.72
  427.81
 1137.15
 1145.53
  379.93
  331.90
  789.93
  458.25
  126.01
  692.23
  229.25
  175.45
  141.10
  379.33
  190.54
  311.85
  814.82
  999.10
 1053.98
  957.34
  706.87
  401.28
  417.67
  990.50
  981.89
 1026.15
 1049.14
  931.51
  997.69
 1065.42
 1184.58
 1193.44
 1322.51
 1892.75
 2415.91
 2709.44
 2298.73
 2355.48
 2229.61
 2206.36
 2180.51
 1675.42
 1154.99
 1194.15
 1191.80
 1164.30
 1102.12
 1178.21
 1197.21
  756.54
  346.06
 1042.88
  915.12
  530.23
  419.20
  864.60
  644.92
  365.88
 1038.18
 1208.19
 1235.92
 1206.89
 1232.86
 1106.85
 1070.97
 1185.77
 1223.51
 1270.24
 1485.22
 1388.46
 1252.79
 1240.50
 1529.70
 1978.30
 2269.11
 1923.08
 1804.49
 1572.66
 1661.86
 1945.48
 2068.66
 2112.44
 1935.68
 1808.03
 1761.42
 1962.36
 2711.34
 2392.66
 2163.89
 2176.26
 1832.92
 1184.83
 1142.24
 1278.02
 1107.42
  973.17
 1053.50
 1056.93
  856.36
  405.53
  800.66
  954.39
 1213.15
 1198.51
  936.95
 1226.01
 1148.13
 1094.81
  837.24
  775.99
  851.52
 1112.97
  435.97
  150.79
  442.22
  561.15
  534.96
  675.47
  392.19
  755.47
  918.54
 1168.78
 1086.18
  962.66
 1013.63
  625.80
  356.45
  344.87
  611.30
  637.95
  300.53
  436.31
  541.08
  226.42
  160.22
  646.45
  584.26
  786.61
  337.57
  333.32
   67.03
   70.91
  458.85
  288.49
  643.02
  767.27
  960.17
  344.87
  881.84
 1052.20
 1428.70
 2012.85
 1557.20
 1217.62
 1217.14
 1217.62
 1374.44
 1255.14
 1074.62
 1149.32
 1106.59
  776.70
  515.48
  939.18
 1038.52
 1002.19
 1158.27
 1216.21
  657.66
  369.90
  680.31
  858.37
  920.07
  864.49
  754.87
  431.95
  445.40
  695.77
  717.35
  896.23
  979.42
  913.59
  929.39
  902.49
 1085.72
 1370.20
 1716.48
 1880.95
 2357.38
 3255.13
 3135.04
 2965.48
 3039.81
 4783.65
 4587.56
 3720.24
 3035.57
 2874.16
 2623.67
 2302.16
 2126.00
 2049.55
 1893.92
 1625.76
 1699.01
 1994.70
 1926.03
 2149.62
 2391.73
 2545.46
 2450.48
 2119.18
 1830.68
 1505.15
 1659.25
 1656.20
 1601.69
 1374.08
 1170.56
 1192.73
 1236.62
 1254.55
 1154.51
 1238.27
 1093.03
  600.54
 1219.04
 1330.07
 1124.77
 1024.84
 1039.71
 1038.52
 1178.92
 1192.62
 1200.52
 1205.70
 1298.70
 1276.50
 1187.30
 1166.54
 1228.95
 1083.60
  634.30
  504.86
  688.69
  816.01
  595.59
 1101.75
 1295.61
 1308.24
 1205.96
 1170.31
  857.77
  734.48
 1271.20
 1268.00
 1239.94
 1135.73
 1290.06
  873.80
  758.07
 1272.50
 1282.53
 1175.04
 1315.69
 1233.31
 1065.65
  942.72
 1028.98
 1168.66
 1195.68
 1326.53
 1292.55
  834.87
  566.22
 1230.03
 1243.11
 1141.88
 1244.75
 1041.47
 1163.34
 1282.41
 1212.56
 1184.13
 1240.65
 1426.94
 1184.83
 1217.85
 1307.90
 1342.59
 1304.10
 1343.63
 1317.55
 1734.63
 2514.05
 3762.97
 4273.72
 3762.12
 2555.00
 2322.58
 2345.34
 2008.49
 1717.08
 1854.98
 1806.39
 1520.02
 1491.25
 1338.68
 1329.48
 1343.41
 1473.07
 1408.54
 1345.16
 1405.00
 1424.93
 1449.00
 1371.95
 1540.80
 1558.62
 1581.61
 1500.45
 1483.58
 1297.02
 1417.60
 1330.07
 1378.44
 1416.55
 1371.02
 1453.84
 1407.12
 1193.07
 1214.45
 1374.08
 1424.71
 1478.51
 1414.54
 1389.42
 1455.26
 1623.97
 1595.77
 1494.90
 2009.79
 2384.87
 2055.32
 2014.86
 2097.34
 1883.44
 1989.26
 1718.35
 2022.19
 2273.96
 2087.43
 1940.53
 1888.51
 2105.47
 1755.87
 1653.11
 1452.65
 1587.87
 1553.66
 1634.00
 1556.12
 1706.68
 1848.75
 1779.12
 1742.08
 1738.77
 1653.93
 1635.18
 1694.42
 1692.16
 1569.12
 1543.75
 1669.65
 1618.19
 1552.24
 1682.84
 2009.56
 1943.13
 1798.49
 1717.30
  912.28
  778.12
  871.93
  849.28
  747.56
  861.77
 1272.02
 1599.56
 1382.68
 1892.39
 1900.06
 1863.02
 1887.69
 2098.50
 2468.04
 2393.25
 2302.64
 2394.90
 1905.61
 1623.63
 1726.85
 1564.99
 1645.44
 1831.17
 1744.69
 1196.87
 1462.68
 1844.36
 1900.43
 2003.08
 2482.57
 2422.17
 1729.45
 1699.83
 1905.84
 2212.03
 2926.21
 2772.33
 2583.57
 2336.03
 2720.20
 3108.71
 2951.44
 2837.35
 2812.23
 2603.25
 2553.47
 2682.31
 3093.84
 3207.00
 3136.80
 3280.28
 4233.37
 4774.70
 4548.17
 4526.82
 4599.59
 4328.82
 4016.04
 3839.28
 3267.76
 3140.22
 3013.73
 2525.64
 2546.76
 2687.27
 2221.57
 2226.78
 2528.92
 2509.81
 2426.27
 2454.48
 1959.89
 1687.57
 1328.17
 1458.09
 1500.91
 1376.79
 1569.94
 1586.22
 2100.18
 3620.54
 3942.89
 3600.60
 3337.03
 3019.17
 2823.19
 2230.55
 1655.01
 1403.33
 1451.83
 1351.65
 1224.00
 1217.03
 1209.50
 1063.52
  697.19
  835.01
  856.81
  982.59
  716.19
  822.26
  423.70
  397.63
  675.58
  595.59
  538.95
  686.09
  560.19
  134.02
  135.21
  221.69
  237.27
  596.55
  574.24
  144.08
  202.24
  140.06
  304.63
  272.92
  418.27
  553.82
  519.98
  231.60
  221.35
  302.06
  527.06
  767.61
  976.45
 1197.92
  536.49
  732.59
  931.62
  991.57
 1096.09
 1162.41
 1329.59
 1234.39
  654.49
  951.45
  861.65
 1359.58
 1137.63
  947.68
  753.60
  568.12
  734.60
  877.34
  870.63
 1312.85
  836.54
  831.21
  437.61
  601.85
 1029.32
 1115.57
 1154.73
  993.10
  952.15
  975.03
 1057.29
  831.33
 1017.40
 1085.72
 1015.87
  684.22
  868.14
  844.44
  843.73
  939.41
  882.89
  808.67
  827.33
  603.97
  777.67
  642.31
  797.23
  790.15
  570.24
  636.08
  438.20
  593.12
  499.45
  656.36
  775.54
  673.71
  718.91
  408.95
  414.25
  422.03
  417.19
  725.99
  651.17
  530.46
  292.03
  867.91
  592.19
  662.98
  628.52
  919.25
  907.22
 1169.37
  773.64
  948.98
  873.35
  840.30
 1034.98
  977.64
  702.26
 1021.53
  825.80
 1029.09
 1051.38
 1077.94
  979.54
  815.41
 1007.26
  978.83
  935.05
  901.78
 1017.51
  940.35
  992.99
 1175.63
 1178.58
 1179.62
 1151.67
  999.10
  941.54
 1231.30
 1070.38
 1032.26
 1086.43
 1009.86
 1163.60
 1116.17
  872.16
 1088.90
 1051.04
  951.56
 1062.93
 1025.64
 1118.88
 1098.44
  999.24
  940.69
  917.47
  965.46
  806.10
  673.83
  642.45
  670.40
  858.37
 1089.38
 1129.36
 1144.48
  608.22
  562.09
 1035.58
  953.34
  909.79
  803.01
  892.92
  825.21
  604.22
  663.69
  597.37
  763.14
  791.46
  788.03
  847.75
  523.27
  559.48
  681.25
  631.47
  731.28
  557.50
  384.88
  410.96
  601.39
  498.74
  608.59
  790.41
  477.51
  386.75
  372.37
  681.13
  629.23
  895.18
  801.96
  822.60
  515.14
  384.63
  879.83
  964.30
  942.95
  822.38
 1009.72
  910.98
  603.74
  887.62
 1023.43
 1053.87
 1011.02
 1018.47
  942.24
  354.07
  742.50
  937.06
  871.93
  761.24
  714.18
  385.59
  348.89
  905.09
 1083.35
 1082.89
 1188.26
 1228.61
  819.29
  801.14
  989.45
 1046.31
  991.80
 1039.45
  957.11
  856.70
  932.33
 1053.39
  964.30
  801.03
  443.64
  412.49
  702.37
  456.01
  959.12
  530.23
  632.65
  997.69
  947.43
  562.68
  589.47
  738.59
  963.85
 1102.46
  926.78
  962.66
  567.87
  537.68
  662.73
  609.75
  714.66
  685.15
  770.33
  721.85
  571.77
  831.47
  935.65
 1089.60
 1073.80
 1049.14
 1533.73
 3091.27
 4985.89
 4345.11
 3051.03
 2726.80
 2707.80
 3244.77
 3324.06
 3461.14
 3139.63
 3097.75
 2946.25
 2564.80
 1602.14
 1626.09
 1685.56
 1717.30
 1714.25
 1754.34
 1803.67
 1914.93
 1762.84
 1778.41
 1754.34
 1772.15
 1671.63
 1400.86
 1400.86
 1350.71
 1420.80
 1424.22
 1355.33
 1206.78
 1178.58
  549.94
  595.48
  805.13
  588.40
  646.81
  990.98
  890.08
  508.17
  490.96
  717.35
  606.46
  621.92
  796.41
  767.27
  648.82
  487.16
  699.31
  586.64
  564.44
  673.83
 1264.23
 1199.93
 1046.31
 1751.77
 3630.11
 4634.87
 4796.17
 4381.55
 3839.42
 3678.36
 3475.07
 3338.78
 3155.09
 2938.47
 2686.33
 2123.99
 2222.87
 2463.45
 2796.52
 2707.20
 2633.47
 2348.40
 2068.21
 2098.65
 1946.30
 1646.85
 1691.00
 1758.70
 1635.30
 1608.40
 1589.28
 1348.48
 1227.90
 1279.10
 1239.68
 1297.51
 1073.10
  995.34
 1256.93
 1821.85
 1586.22
 1563.68
 1722.03
 1927.90
 1927.78
 1987.62
 2205.88
 1983.71
 1204.40
 1222.69
  930.80
  623.08
  966.31
 1035.92
 1030.51
 1020.00
 1035.09
  923.50
  691.87
 1025.30
  880.77
 1011.73
 1057.52
  982.48
  771.75
  825.44
  515.48
  591.71
  770.93
  823.91
  922.79
  683.37
  477.73
  839.37
  879.61
  845.85
 1000.52
  984.72
  953.09
  964.78
  879.01
 1077.82
  981.77
  988.85
 1134.20
  510.30
  391.71
  956.51
 1038.63
  971.64
  969.97
  919.11
  785.45
  862.47
  868.73
  727.97
  917.35
  782.37
  636.08
  567.75
  562.57
  441.40
  826.51
  920.52
  960.88
 1042.17
  566.93
  688.33
  950.96
  926.19
 1080.51
  805.50
  740.85
  241.77
  217.11
  553.96
  431.35
  667.68
  778.60
 1240.65
  549.35
  506.53
  721.37
  758.07
 1081.00
 1101.75
 1107.19
  717.01
  717.95
  907.33
 1086.32
 1129.50
 1333.02
 1264.23
 1015.53
  729.75
  874.28
  963.25
 1013.26
 1060.35
 1079.58
  706.28
  661.20
  871.56
 1084.05
 1064.01
  960.17
  969.74
  993.81
  437.98
  602.21
  763.37
  939.89
  821.42
  923.02
  635.01
  474.68
  905.80
  958.53
  891.87
  933.27
 1125.11
  663.21
  477.96
  760.79
  773.98
 1039.82
 1039.71
 1078.05
  778.71
  758.07
  878.19
 1035.58
  922.42
  969.85
  869.33
  906.96
  887.39
 1059.76
 1103.17
 1182.82
 1183.87
 1185.99
  713.10
  607.06
 1008.19
 1127.94
 1134.09
 1092.55
 1139.64
  643.02
  511.71
  964.56
 1094.22
 1130.07
 1128.31
 1148.96
  720.89
  685.98
 1047.02
 1141.99
  982.96
 1134.20
 1163.11
 1110.13
  362.34
  961.84
 1020.23
 1057.15
 1094.22
 1186.59
  751.59
  663.80
 1134.20
 1084.76
  915.46
  805.61
  881.36
  500.02
  516.07
  713.81
  812.47
  795.00
  884.19
 1001.37
  669.58
  419.20
 1095.86
  910.27
 1090.20
  936.35
  742.13
  606.91
  219.23
  721.97
  753.71
  848.32
  700.02
  588.51
  556.31
  260.74
  777.18
  831.10
  798.42
  854.69
  754.87
  380.38
  284.24
  610.45
  549.35
  699.65
  571.07
  531.88
  547.00
  410.71
  656.84
  608.93
  805.61
  691.75
  728.11
  612.72
  570.36
 1182.00
 1194.97
  902.12
  904.38
 1012.70
  772.23
  537.54
 1051.74
 1110.73
  954.05
  733.52
  696.48
  432.43
  362.46
  870.15
  772.00
  770.81
  704.27
  906.14
 1245.94
 1245.94
 1373.74
 1231.90
 1037.47
  661.57
  613.17
  526.10
 1359.58
 2904.97
 4182.99
 4267.12
 4042.46
 3865.84
 3260.09
 2591.93
 2172.50
 1896.18
 2380.51
 2366.35
 2325.52
 2364.34
 2338.26
 2327.16
 2328.83
 2421.46
 2354.77
 2250.48
 1728.97
 1843.09
 1774.87
 1647.11
 1777.96
 1700.20
 1707.62
 1719.91
 1909.63
 2297.20
 1900.99
 1643.68
 1792.57
 2030.54
 2512.41
 2573.41
 2574.94
 2758.29
 2615.66
 2219.11
 1839.41
 1266.95
 1222.47
 1181.52
 1378.55
 1246.05
 1319.23
 1275.56
 1228.36
  887.73
  977.30
  931.28
 1057.41
 1233.20
 1194.49
  740.26
  645.62
 1045.83
 1159.69
 1199.81
 1139.16
 1219.27
 1216.92
  771.75
  778.60
  671.48
  702.85
  645.62
  766.45
  665.67
  617.31
  529.75
  316.44
  330.71
  278.44
  418.04
  597.71
  611.42
  751.93
  691.16
  704.04
  636.79
  737.43
  559.26
  382.99
  631.13
  827.45
 1446.51
 1808.40
 1753.18
 1539.73
 1633.06
 1669.99
 1532.31
 1580.08
 1516.48
 1169.85
  754.76
  602.92
 1037.70
 1211.62
 1255.03
 1254.44
 1077.57
 1100.11
  845.37
 1100.70
 1196.39
 1123.95
  851.52
 1206.89
 1172.69
  783.78
  996.98
 1114.98
 1079.95
 1189.08
 1314.01
  969.03
  452.25
  522.22
  970.45
 1203.13
 1196.05
 1161.70
  266.66
  208.72
  293.45
  312.67
  280.00
  221.58
  302.51
  218.52
  175.45
  336.97
  301.46
  289.06
  208.61
  130.26
   73.14
  195.50
  260.18
  249.67
  272.21
  134.39
  218.86
   94.97
   91.21
  203.29
  177.09
  163.19
  132.86
  278.10
  228.55
  203.17
  217.93
  181.94
  189.95
  268.42
  214.73
  312.67
  385.70
  723.72
  830.05
  736.95
  846.90
  891.87
  648.82
  556.20
  649.87
  732.10
  621.67
  692.94
  650.58
  396.55
  316.55
  367.52
  317.74
  570.10
  606.58
  686.57
  500.73
  433.84
  497.78
  408.47
  557.96
  863.89
  936.47
  825.66
  715.11
  723.61
  707.58
 1022.72
 1139.27
 1158.87
 1180.10
 1219.27
 1359.80
 1218.33
 1229.66
 1111.10
 1258.20
 1205.82
  501.80
  956.77
 1003.95
  995.71
  881.36
  808.67
  945.07
  289.31
  668.05
  797.49
  809.27
 1217.62
 1097.76
 1180.10
 1143.66
 1258.91
 1206.30
 1128.43
 1132.67
 1189.90
 1089.60
 1123.70
 1044.89
  887.85
  963.14
  816.46
  799.02
  833.59
  672.30
  733.07
  721.97
  744.85
  702.37
  592.64
  761.61
  641.74
  575.54
  766.08
  768.21
  896.71
 1063.07
  522.67
  319.39
  746.26
  825.21
  801.25
  779.42
  915.34
  558.21
  711.46
 1002.42
  899.77
  886.09
  922.08
  825.10
  498.86
  471.36
  839.96
  980.84
  720.07
  712.06
  810.09
  550.99
  417.67
 1086.55
 1025.55
  891.98
 1101.53
  885.98
  860.95
  787.10
 1028.38
 1038.75
  901.89
  867.32
  772.57
  741.08
  649.98
  727.52
  966.09
 1091.98
  879.12
  836.76
  842.09
  980.84
 1106.85
  984.61
  931.28
  995.93
 1189.08
  542.64
  554.78
 1087.59
 1132.08
 1032.15
 1042.77
 1043.59
  615.66
  527.06
  907.22
  898.95
  898.13
  913.44
  862.13
  433.47
  335.67
 1121.23
 1052.20
  883.15
 1000.29
  831.92
  883.00
  812.81
  997.35
  914.15
 1040.76
 1007.03
  943.06
  904.24
  775.17
 1076.15
 1114.98
  877.00
  858.93
  862.84
  908.04
  779.65
 1077.94
 1020.23
 1184.95
 1135.99
 1121.35
  936.10
  946.60
  962.66
 1089.49
 1160.06
 1161.22
 1263.30
 1208.42
 1206.78
 1207.01
 1348.70
 1216.92
 1270.83
 1414.43
 1319.23
 1356.75
 1282.27
 1287.23
 1295.01
 1371.95
 1297.85
 1065.42
 1156.86
 1548.11
 1513.20
 1770.99
 1864.18
 1835.75
 1838.36
 1641.90
 1822.42
 1646.62
 1718.24
 1697.37
 1628.33
 1415.13
 1369.23
 1360.40
 1375.60
 1460.33
 1246.65
 1222.95
 1266.24
 1209.95
 1254.80
 1251.60
 1248.43
 1635.89
 2114.79
 1753.52
 2142.17
 2649.98
 2744.72
 2745.20
 2913.46
 2958.18
 3141.75
 2879.12
 3084.64
 3036.05
 3124.99
 2877.81
 2783.43
 2692.93
 2594.42
 2551.57
 2492.25
 2332.49
 1751.51
 1996.71
 2027.26
 2121.64
 2202.82
 2256.63
 2319.52
 2298.28
 2040.60
 1891.23
 1912.32
 1995.29
 1817.94
 1884.15
 1748.93
 1381.04
 1350.49
 1405.22
 2005.31
 1796.82
 1693.72
 1651.81
 1339.50
 1187.78
 1253.13
 1241.81
 1304.81
 1288.64
 1262.00
 1308.24
  800.77
  585.93
 1160.88
 1167.36
 1006.66
 1028.01
 1150.49
  712.88
  610.00
  978.46
  915.46
 1118.03
 1044.30
 1222.58
  546.03
  491.07
  932.81
 1202.53
 1273.66
 1298.44
 1474.01
  929.87
  718.06
 1142.70
 1360.99
 1211.14
 1353.77
 1746.81
 1633.29
 1557.31
 1703.15
 1733.70
 1552.24
 1526.05
 1211.62
 1222.58
 1318.15
 1395.31
 1379.14
 1452.54
 1471.29
 1490.77
 1227.76
  781.21
 1149.32
 1863.02
 3032.39
 3160.75
 2883.96
 2638.90
 2666.40
 2741.67
 3250.55
 2980.01
 2139.11
 1230.37
 1209.84
 1155.58
 1471.77
 1130.44
 1219.41
 1318.15
 1110.62
  583.44
  675.47
 1118.40
 1227.05
 1226.83
 1226.83
 1322.06
 1066.84
  613.77
  985.20
  977.53
 1016.09
 1087.96
 1108.97
  482.21
  296.39
  829.46
  854.35
  901.55
  967.95
  949.21
  547.00
  392.56
  595.25
  705.57
  780.36
  750.99
  679.38
  438.91
  280.82
  899.43
  960.65
  447.52
  501.80
  549.94
  499.79
  372.37
  776.82
  709.93
  620.14
 1076.15
  686.91
  407.76
  278.10
  718.54
  672.53
  653.78
  731.88
  767.16
  325.76
  185.59
  213.68
  801.48
  893.28
  970.67
 1007.97
  441.26
  205.52
  799.02
  968.80
  993.92
  754.64
  594.65
  563.02
  460.74
  779.08
  700.73
  650.10
  712.65
  735.42
  415.32
  222.17
  704.86
  804.57
  955.10
  573.42
  340.40
  595.02
  487.76
  550.99
  507.81
  593.95
  492.37
  718.06
  340.88
  150.19
  478.55
  577.07
  627.70
  646.70
  639.37
  172.25
  163.64
  581.32
  574.49
  603.15
  548.75
  802.90
  569.17
  287.90
  545.69
  703.79
  764.33
  790.52
  852.00
  440.10
  352.91
  909.45
  958.89
  706.39
  800.89
  690.22
  657.55
  637.72
  801.14
  776.25
  762.43
  798.20
  832.52
  355.49
  356.79
  977.16
 1009.61
  941.76
  892.69
 1050.67
  720.18
  509.36
 1006.44
 1030.96
  952.86
  913.59
  887.62
  628.04
  595.36
  993.69
  842.09
  781.32
  849.51
 1097.76
  608.33
  420.02
  888.21
  947.20
  882.44
  874.17
  865.19
  470.54
  413.65
  444.35
 1042.88
 1019.63
 1046.19
  697.90
  266.07
  380.75
  887.51
  872.98
  883.85
  440.70
  404.59
  353.62
  556.65
  836.42
  920.78
 1002.78
 1065.42
 1012.33
  399.98
  361.04
  729.64
  954.87
  741.19
  655.65
  870.04
  656.02
  118.70
  705.46
  700.50
  616.60
  698.60
  711.23
  304.89
  232.57
  561.04
  569.76
  472.89
  447.07
  637.13
  244.60
  261.82
  608.59
  584.26
  777.67
  500.61
  477.96
  400.57
  278.92
  595.84
  454.00
  397.63
  564.81
  401.76
  490.70
  257.46
  870.63
  715.60
  481.39
  627.33
  647.52
  305.00
  289.65
  813.06
  765.04
  664.51
  673.71
  626.99
  276.68
  198.10
  808.45
  978.83
  731.88
  766.57
  857.07
  355.38
  467.60
  844.55
  678.30
  544.05
  233.61
  243.64
  370.95
  346.40
 1076.41
 1191.66
 1150.60
 1112.74
 1139.05
  591.82
 1273.07
 1751.17
 2100.52
 1955.76
 1892.16
 1785.26
 1920.00
 1596.73
 1430.82
 1185.88
 1132.56
 1242.63
 1275.79
 1179.40
  657.66
 1043.84
 1128.91
 1259.76
 1240.50
 1133.61
 1041.24
  598.08
  561.75
  846.19
 1206.07
 1234.73
 1243.34
 1248.43
 1184.95
 1166.43
 1445.94
 1250.08
 1251.26
 1150.37
 1563.46
 1517.67
 1646.85
 1543.04
 1965.08
 2338.15
 2263.93
 2113.51
 2028.42
 2136.17
 2186.43
 2097.68
 2124.84
 2008.37
 1658.43
 1505.27
 1208.31
 1194.63
 1281.71
 1676.95
 1856.88
 2015.82
 1902.89
 2091.57
 1958.70
 1762.02
 1484.51
 1564.99
 1367.00
 1382.94
 1392.00
 1438.86
 1329.14
 1364.28
 3315.42
 4775.04
 4500.14
 4137.91
 3783.13
 3591.77
 3135.98
 3143.65
 3012.09
 2643.75
 2238.22
 2086.13
 2800.76
 3868.31
 3789.50
 3756.82
 3396.61
 3516.47
 3329.24
 3360.16
 3778.54
 3637.78
 3316.84
 2948.27
 2692.11
 2846.78
 2680.67
 2568.45
 2072.91
 1786.20
 1702.07
 1787.02
 1283.12
 1205.96
 1228.72
 1135.62
  815.53
  872.16
  781.91
  795.11
  866.16
 1009.98
  880.31
  319.39
 2255.21
 5424.91
 5467.05
 5223.86
 4976.91
 4669.67
 4692.58
 4370.93
 4442.09
 4109.48
 2960.41
 3663.15
 3482.75
 2904.26
 2492.36
 3364.04
 4259.22
 4107.13
 3776.05
 3670.80
 3678.25
 4156.21
 4317.61
 3939.81
 3002.29
 2607.98
 2334.50
 1740.44
 1705.38
 1865.74
 1757.17
 1514.36
 1149.44
 1308.35
  664.40
  937.51
  920.18
  996.87
  991.09
  904.50
 1033.79
  695.41
  889.52
  927.12
  814.59
  908.97
  830.39
  809.72
  541.33
  476.54
  570.58
  621.41
  581.43
  576.47
  767.50
  501.21
  373.19
  654.71
  637.02
  489.77
  417.33
  225.60
  131.45
  182.30
  218.41
  597.49
  577.32
  690.00
  723.50
  424.16
   36.81
  617.31
  473.71
  804.31
  842.31
  866.01
  933.86
  828.64
  886.43
  859.78
  890.08
  933.97
  940.71
  934.82
  843.25
  884.79
 1098.92
 1060.83
  864.49
  890.42
  596.07
  611.53
 1150.37
 1510.00
 1434.36
 1515.89
 1264.12
  927.15
  778.23
  819.18
  922.79
  910.61
  744.62
  841.12
 1037.33
  861.54
  917.69
 1118.40
 1203.58
 1044.78
 1101.30
 1104.36
  704.04
 1179.06
 1118.40
 1075.11
 1016.69
 1072.16
  934.82
  912.51
  894.93
  743.09
 1167.36
 1484.88
 1648.41
 1574.30
 1408.28
 1158.27
 1193.07
 1184.47
 1158.16
 1148.13
 1186.70
 1176.90
 1190.13
 1222.35
 1223.51
 1207.71
 1162.29
 1018.59
  680.54
  885.01
 1110.50
 1186.48
 1134.20
 1086.66
 1032.15
 1262.70
 1211.14
 1198.03
 1228.24
 1264.94
 1224.36
 1245.12
 1144.94
 1210.21
 1307.42
 1222.69
 1171.13
 1160.28
 1082.18
 1154.62
 1162.29
 1218.33
 1211.73
 1217.62
 1204.54
 1122.06
 1120.41
 1018.36
 1115.34
 1112.63
 1043.84
 1108.83
 1045.37
  875.22
 1195.91
 1154.85
 1182.82
 1103.31
 1101.04
  994.03
  861.65
 1061.54
 1117.92
 1184.72
 1217.74
 1130.32
 1180.33
 1062.96
 1383.05
 1090.31
 1086.66
 1125.11
 1138.11
  833.70
  597.00
 1185.77
 1179.06
 1178.92
 1188.71
 1251.97
 1350.01
 1231.07
 1251.38
 1228.47
 1226.71
 1188.60
 1207.94
 1111.66
 1097.05
 1050.33
 1228.95
 1243.70
 1244.64
 1236.62
 1238.86
 1204.40
 1215.16
 1244.19
 1247.73
 1244.19
 1235.10
 1051.86
  892.21
 1179.51
 1229.32
 1232.86
 1234.84
 1226.83
 1140.94
  687.76
  865.67
 1127.12
 1137.86
 1212.44
 1196.05
  771.86
  326.35
  989.56
 1079.47
 1279.58
  700.96
  517.97
  619.09
  666.52
 1294.31
 1513.42
 1242.88
 1178.09
 1239.46
 1143.77
 1159.46
 1283.12
 1220.82
 1225.78
 1160.06
 1207.71
 1241.69
 1420.68
 1516.96
 1359.21
 1241.81
 1397.10
 1228.84
 1266.95
 1236.51
 1223.88
  933.63
  938.36
  860.01
  999.24
  670.17
  429.59
  748.05
  763.03
  703.90
  397.96
  359.40
  358.09
  314.43
  430.53
  913.11
  833.22
  899.06
  843.62
  483.88
  287.19
  902.83
  805.98
  952.38
 1104.13
 1256.67
 1407.46
 2015.56
 2610.22
 2872.40
 2818.46
 2762.42
 2502.61
 2287.66
 2122.12
 2191.84
 1949.13
 1751.51
 1484.28
 1529.70
 1671.18
 1631.28
 1786.79
 1635.52
 1464.46
 1294.19
 1239.57
 1239.80
 1239.23
 1365.35
 1237.67
 1341.51
 1362.27
 1243.00
  862.25
  811.87
 1364.16
 1075.22
  831.81
 1405.93
 2593.12
 2974.34
 2526.34
 2507.46
 2393.00
 2207.07
 1996.93
 1923.31
 1727.33
 1596.25
 1699.72
 1401.34
 1560.26
 1396.02
 1336.92
 1244.89
 1178.80
 1769.32
 1742.31
 2142.88
 2551.83
 2656.60
 2524.22
 2362.11
 2401.27
 2280.58
 1795.06
 1582.91
 1184.47
 1077.12
 1140.23
 1200.86
 1179.40
 1194.49
 1029.54
  875.22
  493.31
  375.68
  643.50
  682.80
  735.05
  714.41
  400.80
  390.77
  327.29
  432.54
  424.53
  410.37
  335.92
  292.48
  283.76
  292.60
  523.52
  373.90
  220.53
  258.99
  227.84
  134.39
  156.11
  390.43
  293.67
  307.12
  256.27
  289.54
  165.43
  214.16
  494.24
  317.63
  215.09
  212.38
  262.64
  192.92
  168.26
  431.35
  284.95
  129.78
  108.20
  129.92
  100.41
   61.36
  289.91
  385.00
  253.44
  175.68
  570.47
  223.11
  128.13
  745.81
  950.51
  815.89
  605.64
  534.96
  798.54
  814.11
  862.13
  486.57
  462.05
  416.85
  175.08
   67.25
  133.09
  356.31
  517.97
  470.29
  572.82
  519.98
  209.06
  426.06
  800.66
  599.84
  506.76
  567.53
  568.46
  468.87
  251.54
  240.81
  600.91
  677.48
  714.52
  441.74
   77.16
   90.27
  384.40
  606.58
  774.47
  639.96
  712.76
  205.52
  160.10
  639.85
  758.55
  721.97
  775.29
  841.83
  250.60
  355.04
  790.52
  879.12
  905.66
  836.54
  916.53
  175.34
  340.28
  843.73
  803.01
  833.82
  930.80
  924.06
  310.18
  256.15
  619.66
  810.09
 1003.01
  674.88
  643.61
  141.58
  182.53
  494.36
  632.29
  466.04
  492.49
  448.11
  494.72
  550.99
  749.80
  844.44
  698.12
  870.52
  886.80
  510.18
  561.98
  880.06
 1052.45
 1201.00
 1084.42
  912.03
  686.09
  736.12
 1032.97
 1074.85
 1016.09
  883.15
  785.20
  878.90
  721.37
 1004.65
  931.03
  651.06
  679.12
  751.10
  628.29
  389.47
 1077.12
 1044.67
 1028.98
 1042.29
  981.41
  417.45
  554.30
  547.22
 1004.06
 1043.70
  998.76
  885.38
  458.96
  546.52
  938.36
 1024.14
 1007.37
 1007.97
  758.30
  611.42
  759.26
 1119.82
 1172.43
 1101.41
 1126.90
 1072.16
 1027.42
 1057.29
 1202.28
 1101.64
 1131.03
 1157.45
  975.18
 1213.38
  897.76
  802.07
  818.13
  980.70
 2336.96
 2711.22
 2079.87
 1176.57
 1281.34
 1312.71
 1184.72
 1114.38
 1086.32
  704.15
  688.33
 1133.38
 1114.04
 1135.39
 1167.25
 1156.52
  952.98
  875.22
 1176.79
 1161.36
 1119.59
 1173.85
 1182.45
 1214.20
 1117.33
 1021.90
 1082.07
 1173.39
  915.23
 1145.64
 1241.92
 1245.60
 1243.48
 1447.47
 1611.94
 1486.04
 1338.57
 1611.94
 1807.80
 1665.03
 1631.53
 1578.66
 1614.29
 1612.05
 1572.07
 1324.04
 1588.35
 1375.60
 1243.93
 1235.69
 1188.49
 1030.96
 1053.75
 1203.58
 1304.10
 1429.66
 1424.71
 1275.67
 1033.56
 1149.66
 1171.84
 1169.15
 1176.45
 1260.81
 1374.78
 1143.18
 1086.06
 1236.03
 1301.16
 1012.44
 1181.89
 1024.59
  944.14
  787.43
 1219.27
 1197.46
 1238.38
 1495.02
 1377.73
 1114.98
  995.93
  753.82
 1065.79
 1261.40
 1254.44
 1225.89
  541.56
  246.36
  790.04
  960.05
 1338.91
 1266.58
 1291.62
 1527.10
 1857.36
 2551.83
 2071.86
 1926.96
 2024.88
 1813.35
 1211.85
 1299.04
 1323.93
 1229.32
 1362.04
 1411.00
 1381.52
 1602.14
 1495.13
 1700.54
 1850.62
 1935.94
 2007.32
 2170.15
 2811.27
 4127.07
 4125.28
 3874.11
 3798.82
 3479.91
 3628.80
 2836.16
 2847.97
 2906.02
 2478.80
 2550.16
 2471.24
 2610.33
 2547.33
 2503.69
 2764.43
 3081.95
 2872.74
 2647.63
 2464.39
 2149.96
 1920.00
 1960.12
 1734.41
 1779.23
 1623.04
 1378.10
 1176.34
 1293.37
 1367.59
 1254.44
 1254.44
  957.48
 1144.94
 1208.42
 1201.23
 1205.36
 1178.80
 1408.65
 2003.53
 2281.40
 1818.88
 1820.29
 1763.66
 1493.60
 1276.86
 1491.11
 1271.31
 1419.98
 1222.69
 1221.28
 1198.03
 1191.32
 1192.62
 1216.44
 1249.71
  763.25
  926.33
 1083.71
 1115.80
 1138.56
 1256.08
  921.01
 1024.14
  846.79
  865.08
  763.25
  860.72
  838.55
  483.03
  296.73
  549.83
  337.45
  523.86
  513.72
  577.89
  256.75
  314.20
  557.62
  412.72
  324.45
  249.78
  219.34
  369.31
  522.22
 1329.48
 1170.56
  960.42
  626.88
  567.98
  619.54
  821.19
  974.58
  338.98
  839.59
  737.54
  921.71
  296.85
  206.71
  613.29
  656.47
  888.44
 1083.71
  985.20
  746.52
  726.81
  809.86
  756.99
  805.98
  845.48
  999.95
  863.55
  711.35
  800.18
  501.80
  690.34
  824.02
  840.78
  453.30
  798.54
  829.91
 1263.30
 1304.93
 1256.45
 1290.54
 1108.49
 1163.94
 1211.62
 1199.81
 1202.28
 1147.91
 1102.83
  730.80
  925.96
 1734.63
 1745.73
 1706.68
 1655.60
 1678.71
 1060.83
  915.46
 1193.22
  970.33
  900.36
  838.41
  893.51
  789.11
  955.81
  949.69
  773.87
  923.50
  890.79
  875.36
  672.19
  774.35
  961.36
  891.64
  554.30
  413.79
  542.38
  449.64
  280.45
  778.37
  617.53
  638.54
  650.35
  891.05
  537.09
  406.94
  804.79
  663.32
  865.90
  871.82
  948.73
  576.13
  715.23
  799.13
  854.23
 1008.45
  781.91
  859.64
  653.18
  625.46
  740.37
  694.70
  892.09
 1018.10
 1138.11
 1149.66
  656.95
  989.90
 1027.31
 1015.98
  955.47
  958.41
  838.41
  716.19
 1108.97
 1095.86
 1094.67
 1214.57
 1188.26
  686.68
  891.64
 1130.92
 1127.72
 1179.62
 1139.87
 1163.94
  569.65
  593.12
 1121.72
 1145.08
 1073.32
 1139.98
 1164.05
  658.37
  651.51
  696.11
 1169.85
 1216.44
 1191.32
 1225.18
 1202.98
 1112.63
  801.59
 1153.43
  823.79
 1027.31
  828.49
  550.65
  598.19
 1098.58
  808.33
  818.47
  962.77
  868.36
  620.03
  676.06
  999.92
 1154.85
  758.78
 1116.50
 1147.91
  927.24
  990.98
 1022.01
  952.38
  988.60
 1036.99
  882.58
  766.34
 1050.56
 1321.69
 1246.39
 1238.52
 1267.89
 1311.89
  679.01
  524.34
 1205.22
 1337.86
 1192.37
 1210.55
 1242.88
  775.51
  480.45
 1131.85
 1186.96
 1090.79
 1118.97
 1088.19
  737.88
  741.42
 1191.80
 1253.25
 1235.21
 1134.09
 1145.19
  969.40
 1060.95
 1368.89
 1248.66
 1110.02
 1050.67
 1001.93
 1237.22
 1198.51
 1474.97
 1384.81
 1249.96
 1137.52
 1130.92
 1066.84
 1107.67
 1218.81
 1316.51
 1298.55
 1313.56
 1254.32
 1226.01
  930.92
 1704.31
 1918.24
 1907.73
 1559.55
 1705.61
 1772.86
 1994.21
 2697.07
 3059.04
 2782.84
 2280.44
 2217.69
 2107.85
 2068.77
 2067.84
 1643.91
 1447.22
 1493.60
 2299.10
 2201.30
 1938.88
 2073.50
 2049.66
 2055.80
 1980.17
 1815.48
 1656.05
 1604.15
 1637.31
 1730.64
 1719.20
 1565.21
 1218.56
 1211.62
 1201.71
 1219.86
 1220.68
 1334.32
 1544.80
 1562.16
 1629.52
 1648.15
 1611.94
 1711.64
 1659.74
 1920.82
 2288.94
 2111.96
 2242.35
 2273.36
 2225.22
 2084.35
 1992.68
 1507.50
 1568.61
 1377.36
 1582.69
 1495.24
 1488.16
 1577.73
 1552.47
 1824.79
 1760.12
 1650.76
 2400.93
 2235.28
 2102.75
 2153.27
 1846.74
 1877.29
 2152.19
 1960.35
 1924.84
 1563.32
 1568.53
 1584.70
 1290.77
 1383.28
 1351.31
 1217.14
 1278.87
 1238.04
 1120.64
 1116.99
 1133.83
  954.99
  909.79
 1059.98
  983.30
  932.33
 1091.13
 1300.11
 1309.77
 1353.06
 1285.70
 1484.03
 2043.54
 3546.35
 3686.51
 3629.74
 3426.71
 2751.80
 3331.48
 3128.19
 3005.01
 2890.81
 2499.19
 2453.88
 2478.09
 2522.07
 2428.06
 2331.18
 2293.78
 1872.11
 2094.40
 2359.50
 1919.03
 1222.35
 1275.79
 1350.01
 1328.06
 1335.85
 1239.80
 1224.48
 1332.79
 1204.29
 1437.45
 1190.61
 1332.79
 1232.97
 1124.89
  461.34
  237.63
  693.28
  646.33
  553.37
  605.39
  559.14
  317.15
  204.70
  453.66
  590.52
  400.20
  244.01
  404.59
  216.51
  121.99
  702.26
  728.11
  701.07
 1002.64
  893.88
  549.83
  819.06
 1067.55
 1124.18
 1241.81
 1371.24
 1252.20
 1864.18
 2167.77
 2156.70
 1931.10
 1916.34
 1627.03
 1174.21
  856.58
  710.53
  912.62
  787.10
  730.46
  701.66
  673.71
  393.01
  416.63
  672.19
  675.84
  560.67
  429.23
  752.89
  252.02
  180.18
  247.18
  726.21
  970.56
 1344.46
 1390.10
 1311.66
 1714.47
 2400.67
 1760.60
 1348.48
 1221.53
 1412.16
 1158.64
 1165.12
 1163.34
 1078.99
  946.38
 1113.56
 1109.91
 1162.63
 2292.48
 2528.10
 2828.74
 2434.91
 1552.47
 1457.61
 1105.55
 1185.29
 1367.70
 1347.88
 1254.32
 1159.57
 1157.45
  898.24
  991.68
 1092.21
 1242.51
 1480.49
 1331.60
 1241.69
 1294.65
 1297.99
 1081.00
  908.86
  966.54
  823.54
  874.99
  822.38
  788.40
  950.74
  937.06
  934.12
  828.04
  798.90
  735.76
  891.50
  858.37
  828.27
  791.23
  890.93
  933.27
  900.25
  951.81
  953.32
  893.40
  844.21
  869.10
  677.37
  772.94
  686.34
  707.21
  851.74
  777.16
  735.53
  692.72
  751.47
  729.39
  942.02
  940.01
  929.16
  931.51
 1006.55
  934.23
  550.54
  816.71
  885.84
  955.47
 1013.52
  721.15
  486.34
  602.81
  985.54
  975.63
  881.59
 1024.96
  770.47
  673.94
  727.26
  719.73
  967.95
  844.66
  747.93
  708.40
  442.68
  402.81
  781.77
  904.61
  835.46
  895.63
 1061.54
  480.79
  422.74
  739.78
  992.28
 1039.00
 1054.92
 1097.50
  905.29
  285.18
  694.24
  801.59
  823.54
 1196.61
  844.66
  790.15
  407.05
  583.92
  873.35
  788.85
  945.44
  943.06
  816.60
  794.29
  866.16
  911.69
  947.91
  889.52
  739.07
  354.44
  175.22
  836.42
  854.12
  993.10
  839.96
  813.06
  613.88
  404.11
 1043.84
 1016.09
 1010.91
  821.67
  520.10
  225.49
  557.84
 1703.71
 1367.22
 1246.31
 1196.39
 1308.35
  941.20
  523.75
 1063.41
 1032.86
 1110.84
 1375.83
 1282.27
 1030.03
  998.65
 1065.42
 1123.13
 1127.61
 1127.01
 1129.96
  873.80
  671.93
  976.00
 1040.05
  841.83
  786.98
  764.55
  347.48
  754.64
  820.74
  675.58
  794.51
  271.25
  372.03
  462.87
  454.71
  675.02
  810.09
  750.06
  546.63
  622.12
  367.78
  362.46
 1062.96
  930.32
  384.40
  606.58
  641.74
  481.50
  276.32
  632.99
  379.67
  696.48
  635.71
  328.84
  291.18
  180.29
  493.90
  413.65
  544.99
  395.95
  411.30
  333.54
  519.13
 1112.97
 1315.91
 1053.61
  567.41
  415.78
  360.56
  220.39
  842.43
  949.10
 1488.98
 2266.65
 2306.18
 1942.42
 1760.60
 1767.20
 1571.95
 1491.11
 1528.88
 1774.65
 1319.08
 1155.33
 1464.58
 1270.94
 1207.35
 1213.12
 1211.14
 1277.09
 1174.21
 1460.67
 1420.91
 1475.53
 1613.01
 2014.97
 1953.04
 1854.64
 1862.31
 1932.29
 2419.19
 2905.79
 2632.76
 2443.26
 2326.12
 2397.73
 2453.43
 2237.03
 1950.21
 1861.61
 1943.72
 1827.85
 1893.09
 1957.88
 1928.04
 1670.47
 1314.35
 1135.62
 1201.00
 1341.51
 1552.58
 1558.84
 1632.47
 1308.01
 1391.89
 1172.80
 1200.41
 1083.01
 1077.12
 1102.46
 1047.38
  919.59
 1205.82
 1620.80
 2062.29
 2059.57
 1903.97
 1494.99
 1203.95
  976.22
 1274.63
 1057.75
 1024.25
  973.76
 1575.24
 1647.22
 1311.89
 1693.23
 1720.96
 1665.96
 1627.99
 1338.08
  788.99
  523.86
 1108.97
 1163.94
  848.20
  887.14
  943.89
  454.00
  262.24
  434.44
  584.86
  472.89
  661.20
  817.54
  569.54
  594.43
  693.05
  887.73
 1054.09
  881.81
 2330.48
 3819.94
 4580.96
 5577.37
 5322.97
 4876.98
 3373.02
 3185.16
 2824.49
 2839.47
 3136.46
 2781.65
 2483.61
 2240.46
 2171.31
 2184.16
 2128.38
 2184.64
 1741.60
 1729.68
 1826.55
 1808.51
 2041.87
 2007.32
 2178.75
 2046.26
 1850.28
 1496.77
 1253.25
 1218.90
 1214.79
 1332.05
 1325.60
 1039.94
 1119.93
 1207.83
  732.22
  409.07
  735.64
  891.50
  871.82
  917.24
  861.65
  760.68
  677.37
  976.82
  848.80
 1110.47
  960.31
 1352.61
 1874.80
 2174.85
 1492.78
 1206.18
 1742.19
 2168.25
 2304.51
 1996.93
 1850.02
 1564.99
 1455.00
 1252.79
 1388.46
  798.05
  951.56
 1132.90
 1118.18
  852.71
 1194.43
 1021.42
  976.34
  808.33
  731.28
  898.35
  848.09
  971.64
  621.33
  520.92
  520.44
  533.55
  748.75
  804.09
  747.79
  740.37
  501.09
  599.72
  511.12
  858.00
  447.07
  497.56
  619.91
  719.13
  681.25
  436.08
  746.63
  843.96
  928.68
  907.33
  749.46
  530.01
  569.99
 1002.53
 1158.16
 1162.18
 1205.82
 1076.86
  734.71
  602.55
  898.24
 1119.08
 1124.63
  979.88
  904.38
  541.56
  580.38
  974.47
  785.31
  688.33
  982.59
  707.81
  625.09
  733.41
 1028.01
 1164.05
  967.02
 1090.09
  978.94
  843.13
  694.13
  876.63
  880.31
  886.06
 1033.56
  817.17
  813.03
  786.73
  763.96
  853.16
  813.97
  696.00
  629.79
  603.74
  591.71
  602.92
  605.75
  493.90
  485.63
  538.36
  772.94
  687.05
  782.71
  877.00
  893.88
  813.51
  752.27
  740.60
  798.65
  778.12
  863.66
  714.18
  525.99
  676.55
  774.95
  795.22
  793.58
  796.52
  772.82
  887.51
  780.36
  730.94
  721.97
  900.14
  803.72
  637.84
  615.41
  643.50
  368.35
  220.05
  931.62
  573.42
  514.66
  730.09
  717.61
  321.76
  350.53
  788.74
  694.95
  688.58
  809.38
  780.61
  253.66
  137.22
  693.99
  576.25
  497.33
  594.65
  363.98
  227.24
  231.26
  758.89
  911.32
  746.04
  963.14
  922.19
  609.18
  413.09
  634.89
  603.26
  697.67
  801.73
  757.59
  338.61
  350.90
  754.16
  626.28
  689.52
  660.49
  670.51
  245.42
  432.54
  691.87
  655.76
  723.61
  414.02
  433.47
  154.44
  189.24
  536.38
  424.64
  405.04
  374.86
  270.65
  238.94
  250.12
  475.24
  543.91
  654.83
  957.70
  796.52
  580.50
  975.40
 1169.71
 1720.47
 1325.45
 1243.93
 1219.04
  663.80
  548.16
  878.05
  995.56
  728.45
  609.29
 1154.51
 1267.77
  934.34
 1017.17
 1137.52
 1178.21
  994.29
  963.48
  818.73
  525.28
  843.73
 1261.40
  708.29
  401.62
  510.07
  947.43
 1145.53
 1363.82
 1090.31
  753.23
 1482.05
 1829.27
 1621.14
 1509.66
 1621.37
 1708.33
 1721.18
 1717.08
 1765.78
 2214.15
 2640.06
 2178.39
 1971.93
 1836.23
 1861.12
 1911.87
 1727.10
 1665.40
 1725.91
 1352.50
 1287.82
 1163.11
 1345.28
 1561.90
 1466.81
 1206.78
  871.93
 1014.22
 1067.43
  918.99
  796.41
  932.93
 1070.26
  734.48
  708.74
  555.83
  921.23
  536.01
  676.77
 1119.70
 1170.08
  878.42
  368.49
  261.11
  208.61
  542.64
 1237.93
 1203.24
 1034.27
 1265.42
 1309.06
 1308.12
 1284.28
 1687.57
 1725.43
 1479.07
 1231.56
 1124.55
 1153.20
 1327.95
 1451.46
 1031.21
  963.37
  896.34
 1187.07
  830.39
  670.63
  812.10
  994.74
  883.37
  763.51
 1035.80
  563.39
  261.45
  386.52
  343.57
  328.70
  255.79
   87.78
  220.64
  157.16
  390.77
  240.92
  360.33
  342.63
  331.42
  126.49
   69.86
  288.49
  252.84
  112.08
  159.51
  147.62
  107.01
   46.13
  248.96
  105.14
  212.49
  124.82
  258.39
   79.66
   24.07
   72.43
  224.07
  215.43
  217.56
  254.96
   48.62
   64.19
  526.81
  542.75
  613.99
 1274.03
 2266.88
 1945.25
 1355.90
 1157.93
  827.33
  719.73
  833.45
  385.70
  215.80
  268.78
  401.16
  354.19
  340.51
  421.44
  489.29
  452.36
  293.67
  390.29
  387.71
  519.61
  374.72
  396.92
  162.11
   89.91
  115.28
  490.11
  229.48
  399.38
  443.39
  114.20
   11.92
  318.45
  705.68
  670.74
  675.02
  604.93
  233.39
  178.40
  141.36
  548.16
  463.35
  377.38
  459.36
  220.81
  214.78
  294.16
  462.90
  520.55
  541.73
  671.87
  173.92
  253.89
  574.32
  780.47
 1224.31
 1225.58
 1221.22
  816.83
  618.19
  652.34
  932.13
  774.27
  977.38
  999.58
  583.07
  422.69
 1426.83
 2132.85
 2082.42
 2114.28
 1509.37
 1233.45
 1223.26
 1205.96
 1095.86
 1177.19
 1159.21
 1174.21
  714.18
  731.96
 1245.88
 1140.97
 1052.23
 1136.36
 1253.13
  795.53
  655.73
  887.85
  926.27
  842.77
 1003.18
  949.52
  796.64
  679.38
  860.80
  904.78
  940.71
  875.90
  881.48
  424.04
  447.69
  697.78
  858.14
  843.33
  871.65
  701.63
  511.37
  559.99
  668.22
  685.15
  723.16
  648.57
  762.60
  495.09
  490.19
 1010.15
 1000.72
  972.00
  837.70
  765.80
  462.50
  265.47
  231.89
  697.98
  798.68
  945.73
  416.71
  385.19
  371.63
  533.52
  665.56
  509.48
  763.39
  285.63
  224.21
  252.87
  714.60
  506.96
  466.32
  675.44
  743.03
  480.65
  393.75
  933.78
  953.09
  573.50
  471.22
  728.79
  367.24
  128.19
  552.55
  552.26
  490.96
  589.75
  581.49
  571.24
  534.31
  833.70
  922.31
  811.56
  602.30
  643.39
  488.21
  243.35
  580.95
  697.10
  609.41
  560.87
  848.77
  468.05
  168.80
  771.49
  801.28
  658.00
  739.98
  665.56
  296.73
  279.35
  746.23
  867.68
 1012.72
  856.75
  674.45
  374.01
  317.80
  812.95
  831.04
  635.66
  586.98
  710.21
  443.05
  322.95
  795.36
 1034.84
  980.07
  613.12
  458.93
  350.96
  420.02
  775.85
  871.90
  635.43
  288.21
  456.44
  384.77
  478.92
  978.83
 1047.24
 1024.45
  946.21
  658.88
  398.81
  348.78
 1000.07
  931.34
  682.92
  388.71
  619.57
  429.14
  108.65
  797.80
  853.55
  811.99
  870.29
  739.98
  447.94
  264.90
  704.61
  871.22
 1077.91
  911.77
  499.91
  250.24
  246.75
  383.47
  490.31
  344.67
  422.52
  217.05
  163.05
  134.87
  316.92
  380.97
  456.72
  563.65
  527.80
  286.09
  107.49
  486.57
  833.76
 1004.91
  679.58
  970.67
  846.48
  347.73
  643.53
  811.99
  932.70
  730.46
 1000.09
  595.90
   72.21
  725.39
  932.13
  855.82
  918.99
  682.38
  388.05
  196.77
  590.29
  717.66
  432.37
  224.33
  331.99
  202.30
  174.09
  291.81
  392.44
  329.78
  208.55
  267.88
  221.01
  134.50
  676.35
 1018.59
 1118.83
 1267.49
 1102.04
  694.22
  119.58
  951.67
  750.48
  705.12
  478.24
  348.30
  281.61
  319.30
  695.58
  576.84
  456.33
  588.96
  361.01
  345.55
  252.84
  771.66
  552.94
  284.22
  376.47
  226.76
  266.52
  193.69
  756.06
  845.60
  897.42
 1057.69
  737.71
  320.12
  205.58
  920.30
 1089.83
  785.11
  731.74
  754.59
  333.20
  135.30
  468.84
  613.43
  653.18
  338.73
  341.02
   57.96
  261.00
 1290.91
 2742.46
 2592.01
 1686.75
 1408.03
 1177.39
  781.15
  844.07
 1019.38
 1056.53
  920.04
  809.98
  408.64
  591.65
  754.39
  960.96
  847.98
  786.53
  432.31
  113.30
  268.84
  870.80
  934.23
  936.92
  803.46
  869.10
  334.22
  151.75
  443.64
  481.73
  343.82
  508.60
  556.65
  112.90
   21.95
  642.25
  494.44
  321.34
  378.82
  494.89
  365.03
    0.00
  202.89
  198.33
  182.16
  308.17
  190.80
  120.83
   50.26
  119.84
  233.59
  369.73
  503.42
  679.92
  571.94
  330.60
  373.61
   66.57
  243.78
  488.75
  684.05
  438.94
  161.55
  262.70
  113.95
  522.90
  362.74
  357.75
  547.39
  541.93
  576.56
  466.15
  383.61
  323.46
  354.50
  312.11
  309.56
  600.09
  402.41
  283.00
  138.21
  368.35
  230.53
  342.52
  255.81
  363.45
  321.03
  303.27
  463.72
  406.43
  378.06
  434.81
  229.42
  408.07
  298.66
  543.85
  394.68
  418.52
  596.52
  462.75
  521.34
  649.11
  580.50
  555.69
  419.91
  771.12
  626.00
  478.98
  220.05
  491.61
  514.69
  368.12
  479.60
  473.77
  411.30
  631.72
  616.06
  759.77
  786.16
  731.79
  853.58
  617.85
 1037.16
  694.56
  854.04
 1025.83
  956.80
  936.72
  937.23
  904.52
  880.20
 1013.29
  948.95
  868.02
  773.81
  974.78
  923.70
  945.24
  837.84
  690.08
  812.58
  752.77
  726.10
  709.08
  894.64
  900.59
 1017.20
  987.78
  666.24
  447.97
  886.88
  894.93
  745.61
  699.14
  350.22
  367.47
  512.20
  115.87
  328.79
  418.95
  350.73
  715.96
  763.54
  824.78
  759.46
  545.21
  459.21
  295.29
  525.96
  635.23
  644.75
  602.13
  503.36
  464.40
  289.06
  726.58
  442.14
  840.10
  533.01
  666.52
 1023.71
  313.86
  649.87
  947.71
  816.29
  685.21
  592.08
  664.68
  660.66
  986.98
  784.29
  854.04
  659.50
  700.45
  332.75
  469.61
  745.04
  864.68
  746.32
  929.05
  875.13
  689.32
  418.35
  979.22
  853.75
  827.59
  796.21
  931.99
  613.14
  433.50
  646.98
  744.03
  784.72
  854.69
  762.46
  284.58
  140.17
  637.30
  585.39
  655.51
  914.78
  804.88
  590.24
  478.64
  893.85
  996.27
  754.59
  879.41
 1004.00
  547.05
  411.16
  846.67
  863.61
  816.01
  104.40
  280.20
  168.51
  123.46
  515.62
  410.20
  724.03
  850.27
  779.19
  101.69
  107.52
  717.29
  411.95
  435.14
  484.13
  329.66
   93.76
   82.46
   75.12
  570.19
  714.07
  349.68
  194.74
    7.99
  394.34
  820.17
  839.91
  946.63
  867.49
 1012.72
  690.22
  342.32
  347.48
  740.80
  815.98
 1030.73
  513.13
  143.85
  147.11
  219.77
  526.64
  398.62
  414.84
  156.82
  149.09
    0.00
  222.91
  238.26
  468.25
  320.46
  201.96
  129.97
   87.64
  174.49
  231.80
  265.90
  267.51
 1462.11
 1776.09
 1460.19
 1165.15
 1073.38
 1066.13
 1090.06
 1124.60
  859.73
  936.41
  731.68
  806.21
  353.90
  415.95
  798.54
  381.57
  293.36
  717.27
  653.04
  486.34
  250.12
  324.09
  234.83
  347.62
  728.85
  330.68
  358.94
  654.29
 1411.99
 1453.84
 1628.56
 2098.19
 2111.93
 2154.63
 2166.83
 1953.47
 1673.67
 1476.02
 1747.80
 1805.23
 1658.77
 1437.22
 1280.20
 1119.99
  914.21
  751.95
  943.18
  799.53
  745.21
  481.13
  127.00
   79.29
  466.83
  912.34
  547.93
  994.74
 1198.14
  404.51
  217.78
  694.70
 1002.67
  865.02
  701.41
  594.20
  362.17
  121.88
  730.91
  730.94
  869.16
  592.13
  194.74
  216.31
   76.29
  601.70
  259.38
  187.37
  158.21
  209.52
   34.32
   44.63
  264.31
  261.51
  230.16
  204.48
  157.24
   85.52
  176.24
  524.48
  826.80
  779.90
  646.76
  503.53
   53.97
   53.49
  609.35
  262.19
  112.19
  240.95
  132.58
    0.00
    0.00
  251.68
  275.30
  261.70
  275.01
  246.70
  161.80
   92.68
  323.44
  278.18
  425.94
  468.56
  512.20
   97.21
   43.81
  334.96
  330.80
  335.84
  252.10
  226.42
  177.91
  136.49
  270.40
  117.12
  339.24
  226.59
  157.27
    0.00
  200.06
  176.36
  350.34
  276.94
  379.62
  379.64
  250.49
  147.11
  596.01
  561.07
  352.40
  368.12
  710.72
  281.07
   85.52
  469.80
  506.45
  505.63
  645.96
  358.41
  174.18
  285.52
  388.25
  461.65
  554.67
  487.36
  187.37
  293.33
  207.22
  371.57
  471.65
  532.50
  589.44
  498.23
  197.76
  177.29
  466.49
  363.73
  361.92
  566.39
  422.09
  333.60
  217.28
  474.25
  522.22
  399.18
  442.56
  453.41
  312.28
  227.10
  405.98
  403.54
  460.55
  427.44
  572.62
  133.54
  248.03
  453.32
  487.59
  457.77
  505.80
  475.55
  232.51
  339.60
 1065.65
 1209.78
 1194.23
 1201.09
 1206.01
  572.37
  563.99
  979.17
 1021.08
  965.86
  898.75
  892.97
  582.28
  613.54
  922.62
 1046.59
 1030.51
  957.82
  946.09
  698.55
  549.63
  628.46
  977.87
  991.15
  906.14
  851.46
 1065.36
  886.63
  794.29
  992.70
  803.92
  899.09
  971.10
  718.94
  435.54
  436.14
  741.22
  812.30
  902.40
  861.57
  434.92
  898.21
  876.07
  670.12
  775.74
 1053.10
  974.67
  742.35
  326.89
  615.47
  647.55
  539.01
  668.42
  806.63
  632.06
  550.88
  715.96
  790.63
  938.42
  704.61
  939.13
  658.90
  384.20
  590.41
  719.36
  752.86
  912.51
  836.05
  776.53
  700.16
 1020.48
  741.73
  733.89
  399.44
  464.54
  242.79
  217.16
  618.04
  601.56
  813.12
  676.40
  493.70
  641.91
  305.34
  864.63
  642.34
  839.40
  769.20
  737.00
  720.38
 1088.56
 1154.28
  909.20
  678.81
  907.89
  609.63
  565.77
  426.73
  776.87
  813.83
  901.38
  649.33
  507.44
  594.43
  576.22
  792.79
  841.27
 1064.71
 1045.74
  954.59
   95.99
   67.90
  672.81
  933.95
  967.93
  666.95
  606.97
  313.84
  223.02
  794.15
  551.41
  765.35
  706.73
  515.00
  432.29
  241.68
  527.09
  244.35
  375.54
  307.41
  289.43
  699.26
  779.82
 1073.72
 1085.04
  866.35
 1210.46
 1499.69
 1506.71
 1209.27
 1128.17
 1152.61
 1170.76
 1173.17
 1144.23
  920.95
  678.84
  695.83
  728.22
  716.13
  914.92
  629.82
  599.04
  608.13
 1034.92
  667.60
  776.50
  779.02
  910.50
  431.46
   13.20
  804.85
  553.79
  629.20
  263.63
  269.80
   92.14
    0.00
  444.69
  488.44
  666.64
  634.58
  685.30
  744.99
  869.24
 1145.19
 1582.18
 2185.75
 3182.87
 4372.83
 4855.91
 4264.38
 4097.79
 3531.37
 2335.66
 2135.94
 1361.39
 1386.45
 1511.33
 1284.88
 1149.61
  990.35
 1144.40
 1046.82
  340.03
  715.17
  807.85
 1097.31
  912.71
 1055.68
  957.90
  599.58
  111.43
  985.28
  368.54
  172.79
  213.20
  494.21
  130.85
   29.08
  118.28
  434.01
  513.47
  671.17
  721.99
  255.25
  587.60
  888.89
  693.22
  530.40
  369.85
  412.72
   48.42
  155.52
  683.80
  169.79
  409.60
  197.59
   63.71
  199.41
  560.62
 2327.81
 3771.58
 4207.69
 3676.60
 1879.39
 1243.87
  959.15
 1125.88
 1117.44
  790.38
  571.32
  793.61
  837.07
 1527.13
 1601.37
 1133.83
 1131.54
 1131.23
 1103.03
  264.45
  441.94
  726.02
 1035.77
  614.39
  753.26
  274.25
   17.25
   98.85
  444.49
  389.87
  523.95
  600.09
  420.34
  252.25
  386.33
  461.31
  345.55
  374.55
  230.73
  162.68
   72.15
  196.32
  510.41
  480.99
  437.92
  708.37
 1003.55
 1226.54
 1505.13
 1468.99
 1132.16
  884.87
  890.59
  923.33
  491.81
  470.94
  956.03
  601.76
  515.03
  737.60
  834.07
  379.28
   64.90
  352.97
  106.95
  191.28
  287.64
  501.97
  285.69
  532.89
  319.64
   66.69
  225.97
  388.42
  449.59
  377.52
  314.01
  776.50
  602.19
  606.32
  824.84
  563.65
  305.54
  208.36
  548.21
  517.69
  542.75
  520.35
  527.43
  291.27
  143.23
  460.94
  210.08
  126.83
  487.87
  569.31
  252.19
  267.08
  572.03
  667.46
  350.51
  324.60
  507.95
  424.53
   26.56
  407.68
  194.71
  107.97
  370.44
  560.11
  362.14
  252.10
  555.38
  682.27
  482.97
  514.46
  221.72
  178.03
  258.59
  831.33
  733.24
  447.86
  652.65
  639.48
  628.89
  277.59
  604.85
  557.30
  736.86
  534.93
  539.80
  512.90
  700.33
  706.17
  726.27
  745.16
  706.42
  741.96
  715.48
  741.50
  580.07
  709.82
  522.13
  586.67
  890.25
  499.42
  620.59
  679.89
  573.25
  670.85
  606.38
  681.39
  482.77
  314.94
  832.94
  775.03
  729.39
  923.95
  786.50
  632.09
  466.77
  697.87
  533.52
  668.70
  669.69
  616.94
  549.80
  518.54
  467.48
  608.67
  568.38
  517.83
  558.69
  553.99
  444.72
  602.98
  551.73
  805.53
  486.14
  550.79
  569.96
  358.94
  583.53
  466.01
  596.75
  534.93
  637.78
  758.44
  584.03
  789.56
  500.81
 1048.80
 1491.28
 1134.85
  662.61
  596.18
  701.46
  990.95
  683.80
  595.25
  649.19
  682.35
  588.03
  738.05
  538.27
  786.44
  765.80
  863.18
  498.80
  567.36
  782.96
  977.98
  655.14
  579.59
  630.02
  565.71
  426.65
  602.24
  695.97
  826.82
  662.50
  703.16
  675.81
  732.50
  715.96
  840.10
  757.45
  799.33
  692.15
  812.61
  702.99
  781.86
  749.15
  838.52
 1184.78
 1290.37
  982.88
  991.06
 1428.67
 1699.04
 2171.51
 2091.11
 1671.15
 1555.61
 1534.12
 1730.50
 1445.21
 1515.86
 1474.60
 1386.62
 1293.77
 1186.19
 1288.27
 1363.34
 1360.96
 1100.19
 1226.88
  967.93
  982.17
 1267.80
 1305.63
 1223.51
 1547.29
 2244.20
 2217.15
 1972.24
 1668.77
 1306.17
 1460.41
 1627.37
 1793.11
 2371.59
 2209.05
 2137.78
 2154.74
 2018.57
 1823.52
 1984.19
 1921.13
 1818.73
 1910.06
 1765.10
 1726.48
 2068.89
 2335.06
 2235.95
 2172.95
 2271.35
 1933.62
 1584.75
 1207.20
 1132.42
  971.38
  748.22
 1319.57
 1197.66
 1137.71
  758.10
 1039.20
 1050.89
  817.96
  964.84
 1081.17
 1147.46
 1083.57
 1067.55
 1272.96
  715.20
  788.43
  861.88
  966.09
 1128.85
 1437.59
  973.79
  608.90
 1087.11
  847.83
  585.56
  931.31
  875.50
  420.22
   57.77
  802.58
  755.35
  941.17
 1269.44
 1463.19
 1354.59
 1037.70
 1105.35
 1209.64
 1194.86
 1405.82
 1766.60
 2891.40
 4354.65
 4610.18
 4209.30
 3744.99
 3699.11
 2803.88
 2997.39
 3750.17
 3673.71
 3462.50
 3217.64
 3335.75
 3728.20
 3511.52
 2416.28
 2438.45
 2395.27
 2218.77
 2291.74
 2106.72
 1931.69
 1972.66
 2382.01
 2016.33
 1551.90
 1304.81
 1237.50
 1336.33
 1044.55
 1058.17
 1035.35
  953.12
  862.67
  798.79
  298.46
  134.90
  650.49
  784.86
  616.37
  702.12
  618.72
  533.77
  564.92
  756.17
  398.93
  394.28
  256.92
  343.99
  161.69
    0.00
  491.64
  471.67
  902.09
  862.08
 1935.94
 2278.74
 1863.08
 1236.96
 1343.86
 1295.21
 1228.64
 1170.59
 1162.86
  869.70
 1132.99
 1153.46
 1251.21
 1314.86
 1243.05
  370.07
  710.33
 1113.14
 1015.61
  848.60
  851.09
  973.53
  649.45
  497.98
  939.86
 4108.97
 6895.10
 7331.26
 6634.55
 5687.44
 4673.92
 3815.41
 3587.52
 2818.66
 2483.08
 2200.39
 1937.95
 2132.63
 2217.63
 1748.37
 1600.84
 1806.90
 1972.98
 1701.30
 1588.12
 1572.69
 1324.27
 1146.92
 1085.16
  781.52
  962.32
  470.12
  993.33
 1235.01
 1242.26
 1164.33
 1123.78
 1217.09
  699.40
  692.46
 1220.00
 1188.57
 1335.96
 1458.46
  976.59
  847.78
 1096.48
  954.70
 1328.68
 2142.65
 1716.43
 1770.62
 1558.79
 1676.95
 1525.12
 1512.26
 1115.68
 1049.85
  709.65
  569.76
 1229.21
 1674.80
 2156.47
 1897.63
 1662.57
 1649.17
 1484.03
 1622.84
 1678.00
 1626.94
 1523.67
 1222.69
 1348.08
 1203.07
 1616.75
 1581.13
 1618.17
 1303.91
 1103.56
 1096.37
  859.27
 1176.08
 1066.53
  993.33
 1097.31
 1181.12
  681.33
  916.76
 1098.67
 1135.42
 1121.01
 1037.10
 1163.60
 1230.08
 1150.15
 1504.13
 1516.34
 1589.45
 1315.03
 1389.25
 1243.70
 1065.82
 1171.95
 1217.71
 1367.36
 1409.24
 1345.11
 1251.75
  963.11
 1139.44
 1137.15
 1146.12
 1178.46
 1172.94
 1141.93
 1153.68
 1156.60
 1329.65
 1199.36
 1199.67
 1190.19
  990.92
  967.30
 1032.74
 1083.69
 1152.41
 1177.87
 1174.02
  987.01
 1167.31
 1218.56
 1180.64
 1174.92
 1120.78
 1161.93
  591.79
  672.61
  907.98
 1043.08
  951.19
 1192.56
  964.50
  725.45
  491.16
 1217.51
 1307.42
 1507.05
 1331.46
 1146.92
 1121.97
 1071.03
 1147.88
 1036.26
 1090.96
 1047.50
 1094.53
 1011.56
  793.55
  855.48
 1036.45
 1065.90
 1050.61
  895.21
  633.87
 1020.74
 1123.81
  813.94
 1150.15
 1121.66
  904.38
  866.75
  803.97
 1048.40
 1045.09
  999.67
  867.40
 1002.13
  793.92
  719.62
 1023.91
  872.33
  931.74
 1056.61
 1039.09
 1035.18
  829.83
 1101.92
  930.69
  980.33
  996.33
 1198.17
 1197.21
  951.50
 1207.88
 1098.72
 1060.95
 1065.22
 1143.97
 1207.91
 1018.05
  912.85
 1118.20
 1361.84
 1424.51
 1575.18
 1468.31
 1372.57
 1737.49
 1816.02
 1812.56
 1636.54
 1683.49
 1495.89
 1407.97
 1467.97
 1531.29
 1509.34
 1839.32
 1942.76
 2006.50
 1828.25
 1984.56
 1958.85
 2058.07
 2082.53
 1883.41
 1646.62
 1634.96
 1825.33
 1669.67
 1778.18
 1778.55
 1752.39
 1475.39
 1392.37
 1441.07
 1299.38
 1255.85
 1315.18
 1334.40
 1241.58
 1152.16
 1239.03
 1508.35
 1407.38
 1242.46
 1163.68
 1141.74
  955.47
 1354.45
 1524.55
 1891.37
 1870.04
 2098.73
 1308.86
 1490.49
 1269.87
 1306.54
 1231.07
 1104.67
 1244.38
 1103.62
 1146.10
 1169.29
 1446.51
 1583.42
 1434.47
 1349.13
 1167.19
  960.22
  970.81
 1584.55
 1405.96
 1164.39
 1163.28
  869.81
  305.23
  812.38
  885.10
 1188.12
 1483.46
 2440.26
 2979.92
 2452.55
 2467.70
 2085.11
 2173.26
 2168.31
 1765.07
 1406.02
 1508.07
 1811.54
 1649.09
 1360.96
 1152.44
 1089.52
  805.05
  674.82
 1139.27
 1202.08
 1201.97
 1219.07
 1157.22
 1121.63
  519.19
  554.22
  502.68
  385.05
  718.31
 1220.97
 1489.78
 1884.06
 2210.07
 2125.60
 2064.21
 1735.99
 1363.46
 1136.67
  886.06
 1278.51
 1004.82
 1180.05
 1014.82
  849.51
  393.43
  413.48
 1116.50
  845.46
  760.70
  816.97
  986.73
  260.40
   96.31
  237.07
  190.86
  625.97
  604.08
  656.81
   27.01
    0.00
  290.59
  203.17
  214.53
  155.77
   26.25
   56.04
    0.00
  283.62
  241.09
  197.59
   40.18
  180.15
    0.00
    6.68
  415.27
  317.38
  400.77
  384.12
  415.12
  271.36
   90.61
  424.72
  286.51
  542.32
  474.05
  538.87
  123.63
   54.23
  627.98
  132.64
  321.96
  393.09
  422.66
  271.45
  182.30
  413.45
  461.37
  330.17
  321.99
  271.76
  155.15
  145.10
  276.68
   12.23
  122.30
  260.66
  399.35
  133.74
   52.36
  529.02
  263.23
  130.60
  297.07
  289.51
  143.14
  274.36
  250.09
  697.81
  887.62
  784.32
  719.76
  586.41
  788.54
  890.99
  645.43
  830.31
  846.70
  992.34
  629.79
  528.11
  921.01
  475.89
  984.66
  904.55
 1026.91
  835.38
  727.91
  745.58
  539.24
  681.56
 1006.49
 1350.37
 1328.12
 1174.19
 1323.02
 1214.68
  982.62
 1669.25
 1587.87
 1137.57
 1008.19
 1089.60
 1112.68
  829.06
  928.34
  880.29
 1042.12
  290.76
  746.80
  834.33
  649.98
  544.73
  667.80
  509.67
  240.04
  933.58
  622.38
  745.81
  759.20
  707.98
  418.27
  212.01
  663.24
  601.17
  497.70
  768.24
  896.14
  702.74
  810.09
  881.28
  804.62
  804.68
  953.71
  923.33
  688.38
  480.34
  922.87
  807.71
  900.19
  748.10
  939.10
  757.05
  453.72
  532.95
  936.55
  951.73
  830.08
  982.76
  740.80
  560.76
 1001.06
  713.05
  802.16
  797.35
  739.89
  845.00
  595.08
  843.30
  808.90
  801.90
  762.29
  758.58
  933.35
  863.07
  993.58
  976.68
 1003.97
  760.00
  912.88
 1116.28
  974.64
 1261.71
 1838.19
 2072.59
 2502.53
 4614.85
 4896.01
 4395.03
 3735.76
 2391.36
 1490.23
 1504.70
 1405.34
 1363.51
 1347.20
 1595.46
 1352.81
 1103.42
 1120.30
 1145.42
 1333.44
  834.04
  745.04
 1071.34
 1058.60
 1109.65
 1044.67
  911.66
 1105.29
 1066.24
 1063.24
 1047.33
 1043.14
 1180.10
 1140.06
 1008.93
 1175.04
 1009.64
 1236.03
 1033.62
 1038.15
 1153.18
  993.30
 1142.73
 1196.90
 1192.11
 1090.09
 1100.56
 1141.68
  976.03
  983.76
 1216.01
 1241.44
 1266.22
 1628.90
 1269.39
 1179.54
 1350.97
 1646.79
 1694.34
 1688.11
 1673.58
 1448.38
 1488.11
 1567.14
 1666.70
 1548.90
 1410.32
 1465.68
 1510.76
 1283.57
 1465.51
 1575.21
 1874.97
 2143.95
 1899.55
 1775.64
 1996.14
 1998.26
 2035.16
 2200.67
 2428.93
 2604.56
 3579.36
 3257.54
 3766.08
 4326.90
 4052.65
 4359.29
 4307.19
 4110.45
 3912.94
 4097.45
 4076.52
 3453.01
 2365.11
 2372.61
 2209.59
 2348.26
 2490.01
 2131.64
 2201.95
 2150.81
 1752.81
 1558.47
 1492.16
 1728.83
 1605.28
 1456.14
 1469.98
 1555.19
 1469.19
 1480.55
 1522.60
 1328.97
 1137.71
 1072.25
 1148.36
 1128.57
  870.86
  973.28
 1425.10
 1430.40
 1503.28
 1750.38
 1792.06
 2077.27
 2106.75
 2005.09
 1800.61
 1112.20
 1022.83
  948.67
 1235.49
 1272.33
 1186.08
  993.81
 1404.77
 1287.82
 1280.46
 1169.60
 1224.73
  960.65
 1202.25
 1331.37
 1214.31
  942.30
  616.54
  997.86
 1151.82
 1033.54
  919.99
 1133.27
  922.00
  385.68
  912.40
  804.51
  802.02
 1266.05
 1256.36
 1199.39
 1258.51
 1436.91
 1703.17
 1483.24
 1518.24
 1576.88
 1810.95
 1685.76
 1851.81
 1938.60
 1612.33
 1509.37
 1128.17
 1093.96
  919.99
 1050.87
 1308.89
 1246.90
 1253.28
 1170.05
 1206.41
 1047.89
 1167.70
 1167.02
 1265.51
 1082.30
 1149.89
  557.22
  182.79
  596.83
  598.45
  520.75
  730.89
  516.73
  293.87
  150.99
  879.12
  980.50
  873.35
  700.33
  799.36
  989.73
 1132.14
 1207.54
 1419.16
 1201.80
 1439.43
 1719.60
 1366.88
 1145.30
  907.50
 1209.38
 1046.59
 1056.25
 1063.78
  909.59
  503.08
  646.67
  466.61
  663.04
  564.58
  516.33
  138.78
  130.57
  359.48
  451.74
  270.48
  384.49
  285.07
  547.65
  232.20
  758.69
  714.58
  779.36
  656.33
  812.16
  408.02
  480.90
  513.58
  493.59
  355.38
  334.14
  495.54
  161.58
  112.62
  427.39
  453.30
  649.31
 1052.85
  551.67
  592.56
  971.41
 1011.45
  848.57
  876.24
 1242.91
  778.49
  494.44
  220.08
  521.99
  735.64
  567.81
  696.68
  633.53
  523.86
  771.21
  850.61
  817.73
  837.13
  582.17
  925.56
  555.01
  649.11
 1316.25
  888.67
  854.29
  984.49
  757.14
  918.34
  831.07
  711.21
  733.41
  837.39
  989.25
  950.12
  510.69
  191.37
  741.00
  825.29
  985.11
  862.67
  726.02
  468.47
  496.31
  367.89
  751.13
  640.47
 1233.85
 1565.10
 1695.81
 1585.86
 1676.92
 1497.22
 1271.23
 1191.40
  988.99
 1123.90
 1076.72
 1202.81
 1162.77
 1068.42
 1190.10
  927.12
 1081.31
  779.59
 1161.16
  956.77
  910.47
  760.00
  681.78
  305.62
  316.24
  842.71
 1042.65
 1065.25
 1189.53
  895.41
  233.98
   36.67
  949.89
 1233.26
 1161.25
 1128.40
  897.56
  358.55
  123.04
 1132.56
 1108.46
 1007.60
 1064.18
  859.61
  447.07
  339.69
 1042.20
  937.85
  979.51
 1124.97
  845.97
  265.61
  199.24
  911.75
 1176.57
  762.52
  951.87
  884.05
  653.81
  375.51
  485.80
  940.52
  997.63
  725.79
  822.04
 1059.45
 1077.34
  901.38
  934.97
 1135.31
 1159.07
  950.09
  928.85
  943.94
 1136.19
 1134.68
 1093.37
 1046.00
 1177.05
 1204.46
  888.89
  887.76
  919.19
  779.73
  429.59
  422.80
 1094.08
  679.92
  900.73
  903.96
  914.32
  931.60
  815.16
  411.05
  605.67
  880.29
 1028.61
 1048.37
  898.44
  805.50
  400.37
  173.30
  693.17
  812.24
  755.41
  676.63
  642.03
  297.95
  201.73
 1017.82
  897.25
  569.14
  675.53
  894.81
  607.57
  552.43
  782.85
  780.61
  948.27
  615.07
  558.80
  497.33
  447.49
  833.17
  616.29
  556.85
  575.14
  877.68
  288.49
  131.42
  610.23
  414.87
  504.63
 1020.03
  876.75
  857.46
  473.97
  890.51
  496.42
 1118.32
  779.87
  919.36
  206.46
  267.20
  244.60
  712.25
 1031.70
  901.64
  675.50
  744.82
  191.54
  799.87
  975.12
  999.02
  928.74
 1023.65
  916.79
  637.70
  659.73
  919.67
 1166.71
  873.07
  951.25
 1109.57
  676.43
  922.62
  963.11
 1107.50
 1094.87
  782.99
  226.03
  193.26
  855.62
 1003.72
  128.11
  762.46
  545.13
  325.59
  240.78
  116.50
  664.88
  789.11
 1021.22
 1205.25
  904.24
  656.98
  711.57
  854.91
  976.45
  381.65
  630.08
 1112.74
  925.14
 1012.19
 1105.43
 1410.92
 1500.25
 1527.04
 1523.22
 1521.46
 1953.04
 1817.83
 1509.51
 1457.69
 1249.25
 1186.28
 1096.97
 1184.21
 1434.70
 1445.18
  860.29
  851.15
  361.32
  512.17
 1226.23
 1120.44
 1145.70
 1028.67
  895.24
  873.74
 1233.43
 1279.41
 1171.35
  433.39
  344.96
  283.59
  873.74
 1293.37
 1237.36
  941.73
  900.79
  280.39
  560.05
  491.50
  935.70
 1185.48
  599.47
  722.99
  423.22
  968.61
  477.93
  747.42
  932.79
 1145.05
  815.95
  617.93
  373.84
  179.95
  235.62
  372.99
  305.60
  529.58
  720.69
  254.82
  151.21
  222.03
  598.17
  784.01
  555.72
  363.59
  418.98
  281.81
  108.65
  328.99
  335.27
  376.30
  314.60
   94.47
  232.06
  152.32
  492.51
  320.52
  321.79
  376.87
  241.43
  275.81
  228.97
 1041.18
  647.63
  760.28
  663.18
  545.04
  209.09
  195.90
  805.73
  627.61
  548.98
  523.52
  219.00
  346.77
  469.30
  724.43
 1213.09
 1149.38
  704.24
  790.89
  717.83
  320.49
  785.06
  749.29
  778.15
  732.27
  539.89
  230.13
  196.07
  499.31
  680.00
  776.53
  594.74
  290.19
  127.03
   55.87
  352.49
  431.63
  285.89
  368.74
  218.35
  289.26
  230.95
  420.65
  516.27
  469.15
  475.33
  535.27
  490.50
  389.53
  298.54
  475.67
  545.38
  695.97
  537.88
   98.68
  133.74
  495.60
  425.97
  452.42
  704.47
  688.98
  375.93
  409.91
  708.80
  397.31
  323.58
  340.51
  487.93
  419.03
  147.50
  637.30
  469.35
  341.02
  524.63
  440.21
  231.41
  397.20
  542.01
  416.46
  586.58
  378.57
  716.61
  416.26
  365.34
  662.73
  283.93
  281.16
  434.64
  745.36
  683.00
  515.99
  632.54
  549.49
  583.64
  534.40
  576.50
  696.59
  480.37
  745.72
  506.87
  385.45
  364.10
  490.28
  282.89
  404.56
  424.36
  479.49
  385.90
  246.98
  393.29
  443.05
  592.16
  876.24
  881.64
  842.06
  749.55
  646.67
  491.84
  504.55
  848.23
  583.41
  668.93
  568.32
  672.98
  634.38
  691.33
  646.16
  653.30
  740.71
  612.01
  722.42
  659.07
  519.50
  726.44
  763.28
  675.16
  683.37
  735.30
  608.70
  486.00
  866.55
  582.79
  665.87
  715.31
  878.47
  442.82
  317.26
  601.65
  950.51
  700.13
  562.20
  804.74
  662.27
  622.77
  939.52
  647.27
  792.99
  747.68
  806.72
  731.82
  801.82
  997.89
  496.48
  298.69
  356.48
  512.22
  532.67
  855.14
  946.83
  946.69
  921.09
  849.56
  802.41
  678.39
  798.17
  688.07
  981.55
  967.39
  705.77
  588.71
  407.17
  503.59
  927.04
  863.38
  713.33
  826.17
  887.90
  485.44
  486.88
  771.15
  826.94
  790.49
  706.51
  720.55
  567.75
  521.74
  960.56
  895.80
  884.84
 1023.54
  867.94
  953.91
  893.99
 1022.97
  883.20
 1103.17
 1360.40
 1010.54
  819.77
  822.07
 1047.75
 1387.27
 1296.80
 1509.26
 1483.69
 1112.03
 1299.26
 1314.84
 1371.36
 1566.18
 1565.95
 1802.31
 1768.25
 1643.00
 1759.58
 1751.06
 1596.82
 1279.55
 1366.63
 1225.07
 1233.99
 1470.15
 1458.18
 1172.01
 1209.81
  927.86
  766.31
  920.30
  960.17
  927.72
  909.31
  891.30
  998.28
  950.57
  659.02
  741.45
  719.56
  899.54
  814.87
  718.29
  321.59
  130.29
  389.44
  576.76
  830.39
  709.31
  121.45
  231.35
  171.94
  361.89
  820.11
  857.58
  733.46
  597.37
  542.47
  415.41
  377.75
 1035.75
 1260.98
 1440.62
 1394.04
 1717.30
 1870.02
 1727.89
 2113.14
 1810.69
 1754.37
 1274.29
 1182.54
 1097.99
 1129.90
 1576.85
 1148.81
 1001.88
  726.30
  674.20
  551.47
 1054.35
  988.43
 1003.01
  716.19
  801.11
  867.94
  968.27
 1031.24
  604.45
  926.22
  766.11
  921.18
  894.98
  570.47
  914.69
  882.61
  743.29
  760.14
  768.18
  401.82
  192.64
  583.38
  347.45
  611.53
  891.67
  784.35
  246.98
  170.13
  306.11
  153.56
  213.40
  278.24
  242.22
  316.30
  165.23
  335.36
  327.82
  123.40
  457.20
  350.42
  225.63
  351.19
  984.29
  830.33
  747.48
  711.74
  676.32
  266.49
  206.60
  367.89
  362.54
  338.67
  378.85
  391.96
  341.78
  115.11
  753.79
  686.88
  380.86
  452.56
  650.98
  325.50
  132.13
  274.65
  323.29
  281.84
  407.31
  240.66
  102.22
  128.87
  548.10
  293.59
  248.42
  155.46
  155.77
  384.09
  152.15
  329.27
  277.53
  269.58
  475.13
  217.59
  302.08
  245.88
  172.05
  229.17
  348.44
  485.12
  258.70
  196.09
   94.69
  388.79
  359.17
  201.90
  253.24
  193.29
  120.40
  262.38
  224.84
  222.91
  233.87
  218.97
  251.26
  186.18
  297.30
  321.85
  156.48
  327.77
  122.50
  271.25
  124.85
  105.31
  159.68
  296.19
  107.07
  209.71
  237.63
  188.25
  184.34
  182.62
  185.65
  287.73
  283.25
  381.00
  336.01
  489.23
  375.20
  416.99
  425.40
  444.60
  482.15
  343.40
  325.79
  463.83
  533.55
  447.01
  639.05
  557.33
  498.12
  346.26
  434.95
  541.16
  628.58
  688.50
  552.01
  375.48
  384.43
  502.51
  522.59
  697.76
  681.27
  609.58
  336.06
  223.11
  744.42
  684.47
  601.05
  609.72
  514.57
  252.78
  156.88
  641.32
  492.32
  456.92
  540.80
  333.77
  405.07
  360.90
  492.80
  436.96
  551.41
  494.38
  492.80
  347.90
  298.86
  502.06
  452.22
  512.65
  618.78
  445.79
  208.64
  290.62
  385.85
  433.93
  528.48
  467.43
  433.02
  439.85
  289.74
  574.18
  640.02
  717.38
  733.94
  658.93
  721.85
  603.80
  720.69
  699.57
  714.77
  807.26
  670.46
  535.22
  587.63
  861.77
  848.54
  627.78
  832.35
  710.72
  526.35
  256.78
  711.94
  869.67
  747.42
  786.67
  845.37
  421.30
  539.97
  683.68
  717.01
  658.34
  893.88
  700.73
  355.23
  655.65
  566.79
  236.84
  252.50
  215.35
  253.69
  206.83
  183.52
  344.08
   86.22
  246.41
  215.21
  373.50
  194.99
  159.88
  359.28
  283.08
  130.80
  283.68
  284.16
  296.48
  304.80
  303.10
  252.36
  285.66
  287.87
  229.14
  197.59
  233.13
  404.08
  270.20
  423.25
  650.69
  510.44
  384.20
  298.66
  627.39
  302.20
  535.13
  257.65
  266.15
  378.60
  167.47
  547.19
  458.48
  495.80
  412.83
  155.03
   22.31
  107.55
  415.10
  366.79
  235.51
  275.58
  189.33
  183.32
  223.05
  425.06
  188.00
  192.44
  132.66
  174.60
  232.28
  181.31
  198.81
  296.73
  232.79
  290.56
  267.99
   81.13
  124.31
  273.12
  297.33
  185.39
  288.61
  294.30
  219.37
  283.45
  320.49
  339.52
  376.81
  192.10
  466.52
  281.04
   20.33
  510.61
  748.27
  638.12
  500.10
  517.46
  216.23
  171.35
  391.06
  344.22
  322.05
  425.91
  207.05
  196.41
  256.30
  318.25
  351.53
  175.00
  171.74
  192.75
  333.69
  218.75
  308.37
  320.63
  211.56
  192.02
  249.36
  261.99
  213.06
  472.86
   61.19
  272.41
  280.90
  298.43
  374.52
  205.55
  220.08
  382.53
  709.31
  755.72
  375.28
  359.09
  283.88
  384.12
  331.34
  523.47
  381.82
  581.88
  617.42
  332.98
  688.72
  764.27
  662.84
  569.71
  749.46
  466.83
  814.28
  588.06
  491.69
  512.85
  449.56
  616.00
  459.44
  258.39
  449.78
  192.72
  507.41
  428.04
  327.43
  396.52
  627.33
  524.65
  722.33
  775.46
 1033.59
 1163.37
  927.26
  995.11
 1110.45
  975.23
 1084.99
 1082.95
  937.71
  661.88
  311.88
  736.38
 1047.24
  909.85
  978.38
  803.04
  586.44
  348.10
  686.97
  796.50
  982.48
  681.39
  911.55
  352.80
  396.61
  368.23
  404.59
  515.42
  854.29
  964.81
 1024.82
 1171.98
  849.99
  861.00
  834.87
  852.82
  956.49
  955.61
  965.24
  993.72
 1026.06
  977.10
  956.51
 1109.88
 1109.17
 1101.38
  981.60
  829.43
  641.43
  526.44
  409.15
  287.05
  224.92
  313.92
  410.71
  366.42
  354.75
  248.17
  493.70
  349.51
  764.70
  596.01
  597.12
  628.72
  604.31
  357.10
  323.07
  675.92
  498.35
  314.88
  424.19
  225.01
  108.34
  222.15
  333.40
  348.61
  300.98
  217.30
  182.02
  287.53
  140.11
  236.11
  246.10
  252.13
  386.67
  288.24
  163.30
  161.18
  348.67
  188.68
  153.42
  295.34
  368.80
  320.60
  105.59
  247.40
  238.54
  300.36
  341.81
  134.22
  205.13
   81.33
  304.09
  265.95
  311.94
   68.10
  168.82
  218.72
  187.23
  124.79
  296.90
  140.88
  216.00
  227.36
  290.08
  364.15
  514.12
  450.86
  334.73
  409.83
  313.01
  405.64
  368.20
  405.38
  283.45
  443.07
  304.18
  443.39
  292.91
  445.59
  400.26
  426.23
  261.17
  379.76
  306.98
  415.12
  295.06
  376.70
  303.30
  310.66
  393.07
  432.94
  385.62
  305.57
  516.84
  430.78
  468.90
  509.76
  442.37
  373.05
  498.80
  286.91
  386.72
  316.84
  438.57
  396.95
  335.41
  229.96
  461.00
  522.76
  474.65
  410.17
  522.42
  525.76
  576.96
  246.16
  282.18
  439.00
  341.16
  372.88
  441.29
  269.63
  359.34
  378.17
  295.00
  322.19
  719.13
  749.66
  529.27
  790.55
  789.16
 1009.24
  841.04
  851.88
  504.97
  442.48
  562.94
  581.09
  740.71
  751.22
  789.76
  643.76
  656.27
  607.20
  793.52
  653.33
  661.23
  653.84
  691.64
  643.19
  851.54
  866.92
  891.95
  769.94
  544.87
  791.46
  811.05
  732.22
  393.86
  195.24
  300.39
  265.75
  277.51
  287.10
  281.33
  296.31
  296.85
  386.07
  211.10
  286.11
  120.66
  277.84
  282.66
  367.35
  370.47
  228.89
  322.42
  280.37
  376.02
  311.06
  221.69
  337.25
  323.66
  306.93
  370.78
  407.37
  468.96
  485.24
  399.52
  401.19
  402.07
  417.73
  568.18
  326.24
  473.83
  280.45
  247.97
  301.86
  298.26
  406.86
  292.29
  361.27
  344.25
  299.42
  254.29
  250.12
  441.06
  428.52
  239.36
  237.78
  299.22
  304.86
  203.65
  388.99
  302.79
  298.66
  404.87
  214.25
  314.29
  258.02
  168.43
  297.50
  240.07
  257.00
  170.41
  197.31
  169.19
  308.37
  240.01
  286.79
  210.71
  243.50
  268.76
  186.72
  292.14
  510.55
  299.90
  324.99
  198.53
  384.17
    0.00
  396.32
  397.26
  337.71
  196.69
  347.65
  321.11
  304.72
  357.44
  357.16
  314.09
  305.71
  333.26
  289.40
  350.87
  679.38
  200.57
  603.06
 1123.87
 1779.15
 1499.38
 1771.56
 1680.58
 1785.41
 1720.67
 1722.34
 1439.91
 1197.60
 1041.41
 1493.86
 1365.44
 1149.52
 1323.36
 1150.43
 1213.89
 1200.04
 1304.36
 1202.33
  980.56
 1031.72
  837.90
  725.00
  427.58
  905.12
 1463.50
 2728.47
 3722.48
 3371.60
 3067.62
 3224.81
 2824.92
 2388.58
 2001.41
 1576.12
 1311.66
 1235.41
 1152.47
 1512.66
 1388.26
 1257.35
  848.49
  892.21
  818.05
 1047.95
  811.67
  742.10
  927.66
  962.89
 1014.59
  737.51
  574.97
  705.32
  952.52
  899.77
  879.97
  676.18
  993.84
  653.52
  621.98
  571.55
  670.03
  534.20
  596.41
  704.21
  567.70
  590.77
  631.52
  365.71
  671.59
  610.62
  770.33
  642.51
  788.00
  785.40
  744.05
  618.61
  756.99
  937.54
  790.41
  913.05
 1012.19
  867.88
  745.64
  900.82
  916.87
  694.78
  594.99
  506.53
  444.09
  617.70
  447.01
  571.32
  421.04
  691.84
  806.72
  697.61
  710.70
  608.67
  617.51
  604.68
  699.62
  675.36
  786.67
  857.58
  957.76
  896.85
  928.54
  798.76
  642.00
  456.24
  555.75
  680.26
  532.27
  446.05
  503.87
  680.03
  578.65
  537.94
  435.20
  535.30
  563.68
  777.38
  710.27
  808.81
  641.15
  767.98
  622.46
  614.14
  657.09
  497.33
  566.25
  384.68
  291.83
  271.45
  344.59
  442.48
  221.81
  242.53
  294.95
  177.77
  194.68
  757.87
 1331.32
 2817.04
 2453.00
 2361.62
 1551.23
 1198.45
 1112.46
 1258.77
 1329.36
 1218.22
 1270.46
 1480.91
 1521.49
 1619.04
 1601.43
 1598.46
 1435.72
 1230.96
 1134.26
  897.36
  530.60
  770.81
  854.40
  939.92
  974.69
 1068.90
  776.99
  798.51
  659.56
  947.88
  694.56
  680.60
  849.42
  830.36
 1013.71
  892.07
  667.17
  558.46
  664.03
  775.12
  847.72
  916.64
 1223.85
  399.69
  483.65
  533.66
 1068.28
 1155.67
  929.16
  955.67
 1008.87
  892.80
  755.49
  915.20
  902.88
  694.07
  708.43
  577.13
  454.34
  490.28
  443.98
  581.15
  486.99
  653.61
  711.15
  410.00
  462.22
  816.37
  462.33
  334.34
  685.83
  714.46
  650.69
  363.90
  791.65
  310.95
  336.86
  391.85
  376.02
  616.77
  562.74
  293.84
  356.48
  358.15
  733.83
  609.75
  688.52
  814.34
  750.54
  704.61
  825.83
  933.66
 1058.65
 1002.84
  894.19
  889.09
  596.58
  469.07
  900.76
  891.53
  723.38
  971.81
  942.41
  679.72
  374.86
  916.28
  897.13
 1026.06
  958.33
  812.13
  421.50
  528.25
  847.78
  782.65
  927.97
  981.49
 1012.13
  690.79
  510.41
  871.39
  838.43
  895.89
  972.83
  869.58
  608.02
  509.39
  748.78
  734.79
  613.29
  349.60
  524.63
  282.66
  242.31
  877.54
  779.02
  566.42
  779.39
  877.31
  785.62
  880.34
 1285.41
 2096.49
 1679.16
 1153.66
 1025.75
  891.61
 1898.93
 2028.56
 1995.83
 2048.61
 1875.11
 1255.65
 1229.94
 1257.04
 1298.70
 1283.91
 1374.98
 1348.11
 1207.12
 1113.47
  992.42
 1205.87
 1473.01
 1239.91
 1425.19
 1214.71
 1485.84
 1664.78
 1511.07
 1591.52
 1493.46
 1642.55
 1542.31
 1153.26
 1105.83
 1144.60
 1404.83
 1038.97
 1117.58
 1404.26
 1331.51
 1527.33
 1390.95
 1391.23
 1395.91
 1399.65
 1404.94
 1405.93
 1403.33
 1566.63
 2112.01
 2230.91
 2624.58
 2694.94
 2565.17
 2515.10
 2379.83
 2191.70
 2179.01
 2103.72
 1976.06
 1882.31
 1349.24
 1933.13
 1854.67
 1931.21
 2068.04
 1355.36
 1267.07
 1183.22
 1373.37
 1435.35
 1589.93
 1609.50
 1817.06
 1975.21
 1948.88
 1876.19
 1873.53
 2182.55
 3131.67
 3623.59
 3114.71
 3038.68
 3119.87
 3154.44
 2873.74
 2281.97
 2505.11
 2872.18
 3035.45
 2825.79
 2617.35
 2544.98
 2788.53
 2230.12
 2608.69
 2510.54
 2606.31
 2707.54
 2768.51
 2294.60
 1930.64
 2188.38
 1917.25
 2126.88
 1754.54
 1274.85
 1149.64
 1377.53
 1274.17
 1099.57
  891.53
  909.03
  924.40
  593.78
  435.54
  659.24
  596.13
 1123.70
 1415.11
 1412.05
 1583.48
 2232.92
 2524.45
 2406.25
 3081.10
 3696.40
 3431.10
 3331.96
 3248.08
 3135.95
 3315.59
 3242.93
 2799.32
 2306.07
 2605.74
 2804.42
 4155.10
 3916.81
 3699.71
 3480.37
 3506.81
 3265.84
 3246.22
 2609.94
 2254.05
 2304.17
 2394.13
 1864.55
 1743.16
 1817.55
 1519.37
 1478.62
 1073.07
 1482.30
 1034.70
 1286.43
 1149.92
 1067.09
 1025.15
 1084.56
 1185.82
  916.64
  810.34
  949.83
 1012.64
  636.62
  558.27
  476.94
  672.36
  923.81
  743.23
  940.18
  694.50
  859.22
 1105.55
 1209.84
  971.49
  924.74
  761.04
  556.03
  775.66
  809.89
  614.99
  880.54
  990.21
  665.59
  406.80
  436.48
  542.61
  495.04
  269.04
  386.21
  191.37
  177.77
  419.26
  560.87
  308.26
  423.90
  325.84
  251.26
  190.15
  480.37
  399.95
  321.79
  258.31
  141.81
  243.21
  173.30
  157.87
  271.11
  300.53
  306.98
  275.81
   86.82
  186.15
  545.72
  538.11
  573.47
  410.85
  469.75
  522.76
  852.90
 1314.72
 1632.32
 1645.18
 1578.41
  843.30
  615.81
  278.61
  556.14
  391.06
  345.75
  666.92
  487.11
  319.44
  249.98
  799.36
  566.79
  621.92
  641.15
  519.67
  818.53
  157.92
  585.79
  415.58
  406.52
  410.25
  351.78
  315.65
  344.98
  542.21
  661.88
  719.93
  423.68
  364.89
  573.25
  444.38
  653.92
  599.95
  647.78
  599.78
  741.25
  615.24
  483.54
  566.54
  644.66
  414.08
  437.41
  339.97
  213.79
  491.64
  583.07
  651.91
  522.62
  415.63
  437.69
  313.47
  294.58
  419.23
  438.32
  458.36
  479.60
  664.03
  321.74
  315.08
  291.04
  445.45
  405.67
  454.97
  337.03
  315.87
  319.58
  301.06
  464.00
  379.19
  453.01
  387.66
  290.05
  352.97
  470.17
  328.73
  364.58
  337.31
  561.30
  212.35
  427.67
  326.58
  475.35
  556.71
  481.07
  412.24
  629.79
  798.85
  783.70
  693.25
  817.62
  608.50
  638.43
  731.99
  751.05
  708.29
  752.66
  593.10
  803.52
  625.80
  741.25
  699.91
  691.70
  813.37
  647.86
  770.98
  640.10
  737.60
  860.38
  808.70
  797.77
  812.27
  791.85
  872.67
  832.91
  751.16
  650.92
  740.85
  735.64
  785.96
  807.94
  713.07
  744.53
  772.74
  658.79
  708.94
  570.84
  520.24
  594.46
  486.34
  599.69
  657.38
  688.41
  749.55
  662.10
  355.09
  387.77
  466.32
  590.94
  593.04
  545.24
  394.45
  437.33
  467.88
  462.30
  604.25
  593.58
  689.52
  525.02
  391.68
  488.98
  742.72
  633.56
  494.72
  565.54
  526.55
  478.16
  389.89
  638.60
  614.76
  515.79
  556.14
  360.53
  431.86
  420.59
  538.25
  548.92
  618.69
  592.19
  545.18
  527.40
  360.08
  421.41
  693.05
  829.26
  834.81
  719.16
  489.49
  438.17
  931.96
  722.96
  639.48
  679.52
  799.24
  620.31
  614.02
  599.95
  896.96
  638.40
  909.99
  844.89
  611.42
  499.62
  829.49
  642.00
  979.71
 1000.09
  890.90
  664.68
  627.98
  840.33
  776.73
  813.71
  357.87
  880.03
  742.16
  635.63
 1043.99
 1051.18
 1702.78
 2260.90
 1961.90
 1890.66
 1819.95
 1918.10
 1865.09
 1898.62
 1714.56
  961.75
 1339.05
 1397.07
 1419.89
 1035.32
 1523.13
 1047.72
 1318.66
  968.32
  881.79
 1109.57
 1304.08
 1189.62
 1368.24
 1220.97
  547.96
  547.45
  788.17
 1060.27
  934.97
  896.77
  738.59
  481.33
 1088.90
 1511.10
 1291.64
 1245.97
 1374.16
 1220.57
 1318.04
 1393.67
 1186.39
 1176.96
 1326.67
 1396.76
 1369.77
  789.42
  773.19
  744.56
  740.85
  805.90
  815.44
  905.29
  611.96
  322.27
  496.59
  842.85
  818.75
 1030.87
  956.34
  555.04
  318.42
  790.69
  883.37
 1176.99
 1222.98
 1178.26
 1115.34
  692.35
  978.40
  910.25
 1164.39
 1170.51
  846.65
  327.34
  398.70
  515.82
  518.37
  403.66
  351.67
  426.00
  470.77
  338.44
  551.33
  465.25
  635.51
  606.52
  797.03
  864.17
  861.65
 1235.66
 1838.56
 2233.66
 2183.57
 2416.42
 2373.60
 2969.50
 3571.72
 3634.41
 3593.61
 3506.14
 2962.79
 2486.19
 2398.66
 2356.19
 2633.49
 2425.20
 2368.05
 2367.94
 2363.58
 2270.56
 2099.38
 1627.14
 1735.20
 1769.63
 1710.28
 1243.02
 1741.06
 1723.84
 1437.79
 1458.52
 1614.32
 1204.83
  711.46
  714.09
  831.35
 1299.23
 1568.87
 1567.56
 1487.40
 1400.27
 1216.86
 1467.46
 1404.09
  912.20
  911.86
 1255.57
 2029.38
 2777.12
 2914.20
 2513.86
 2432.47
 2578.08
 2255.61
 1462.76
 1585.91
 1609.87
 1494.82
 1545.90
 1862.94
 1844.67
 1393.08
 1732.25
 1316.68
 1210.94
 1253.19
  908.12
  812.44
  590.24
  597.17
  774.75
  801.76
  716.95
  731.96
  671.99
  493.39
  228.04
  406.77
  452.96
  519.59
  501.24
  523.01
  500.61
  391.28
  507.13
  477.93
  599.78
  434.44
  376.53
  558.10
  448.74
  591.96
  687.96
  517.72
  478.05
  453.24
  326.07
  276.09
  345.61
  378.31
  464.45
  425.12
  399.24
  444.29
  318.90
  359.23
  520.72
  472.13
  393.32
  666.69
  471.99
  716.02
  627.27
  874.11
  948.59
 1178.38
 1178.75
 1111.78
 1068.99
 1050.89
 1201.06
 1073.97
  753.91
  614.16
  795.22
  695.77
  484.84
  365.60
  634.04
  433.76
  640.47
  524.48
  529.21
  519.33
  705.32
  684.81
  573.44
  539.49
  523.18
  497.07
  518.17
  804.68
  709.51
  630.28
  779.11
  589.42
  451.40
  591.79
  787.66
  775.32
  582.99
  723.16
  595.50
  656.02
  747.79
  832.74
  838.46
  779.53
  695.69
  694.50
  579.93
  755.15
  693.59
  633.02
  736.61
  625.52
  620.17
  633.16
  680.99
  679.80
  734.06
  677.31
  672.24
  746.46
  585.48
  742.01
  693.00
  736.46
  685.61
  664.82
  620.56
  616.26
  610.57
  713.02
  705.60
  706.42
  704.38
  727.63
  629.12
  741.53
 2153.50
 2295.82
 1652.88
 1050.87
  731.62
  585.96
  841.15
  726.19
  647.78
  660.60
  637.92
  509.53
  510.47
  887.65
  655.68
  888.41
  634.07
  547.02
  471.73
  436.93
  852.42
  784.09
  805.19
  786.64
  903.45
  582.73
  593.92
  620.90
  670.46
  753.26
  622.66
  546.85
  436.08
  273.51
  780.41
  642.59
  700.30
  704.66
  713.10
  732.73
  463.29
  679.83
  656.67
  471.36
  550.93
  664.14
 1000.66
 1075.90
  765.69
  887.20
  721.32
  866.35
 1061.23
  834.19
  711.29
  904.98
 1000.41
  924.74
 1025.21
  881.14
  775.83
  815.58
  784.63
  614.59
  565.54
  839.28
  672.27
  953.68
  808.73
  997.66
  947.17
  907.55
 1110.36
 1178.49
 1149.72
 1273.52
 1491.56
 1252.96
 1733.25
 1731.49
 1650.87
 1578.61
 1809.02
 2519.21
 3179.44
 3206.49
 3435.51
 2941.64
 2984.09
 2691.63
 2358.54
 1923.56
 2233.80
 2163.32
 2496.16
 2971.20
 2763.98
 2787.06
 2567.77
 2485.11
 2013.04
 2090.43
 2144.18
 2050.42
 2139.22
 2014.89
 2010.61
 2103.55
 1887.23
 1220.71
 1403.95
 1443.85
 1737.83
 2025.53
 1995.83
 1771.33
 1559.07
 1639.52
 1664.41
 1679.81
 1632.13
 1295.58
 1366.49
  948.22
  994.09
  868.22
  967.67
 1178.15
 1413.80
 1586.22
 1448.77
 1317.87
 1229.63
 1401.17
 1673.58
 2011.80
 1683.55
 1804.41
 1574.42
 2007.44
 2538.61
 2454.59
 2297.66
 2698.28
 2710.35
 2874.30
 2961.29
 3051.99
 2829.36
 2485.03
 2724.73
 2384.08
 2386.63
 2285.14
 1508.66
 1234.84
 1238.61
 1195.71
 1234.33
 1283.15
 1401.03
 1273.78
 1246.25
 1026.12
  975.40
  941.59
 1106.14
 1289.92
 1221.25
 1454.49
 1223.97
 1186.76
 1095.15
  896.60
 1175.43
 1187.44
 1232.63
 1296.29
 1298.38
 1226.26
 1239.43
 1598.94
 1790.56
 1674.83
 1336.24
 1877.78
 2046.46
 1763.38
 1848.50
 1840.91
 1289.75
 1249.00
 1218.70
 1310.48
 1200.89
 1203.24
 1196.25
 1217.79
 1209.30
 1254.18
 1306.06
 1091.44
  863.18
  728.34
  700.36
  655.85
  375.11
  350.85
  208.70
   93.39
  231.91
  229.31
  343.03
  322.59
  260.83
  324.77
  232.65
  369.03
  402.07
  167.32
  335.50
  186.78
  297.16
  341.10
  238.17
  293.87
  288.72
  304.80
  211.95
  223.82
  174.52
  309.70
  262.67
  357.84
  296.05
  158.06
  173.13
  355.26
  221.10
  224.81
  165.80
  254.12
  171.06
  239.53
  239.22
  136.54
  244.52
  241.46
  247.43
  266.18
  268.27
  472.69
  387.35
  428.26
  348.58
  198.59
  340.43
  188.34
  221.75
  434.01
  184.54
  505.82
  439.31
  450.18
  317.35
  339.21
  308.77
  398.64
  276.91
  478.89
  361.41
  389.47
  352.57
  404.19
  480.88
  407.54
  342.89
  541.73
  396.04
  154.27
  564.95
  591.62
  510.13
  532.24
  356.79
  355.21
  457.20
  552.77
  547.79
  497.56
  644.52
  252.76
  357.05
  469.38
  647.38
  630.96
  542.15
  694.47
  382.73
  520.01
  606.52
  598.17
  717.44
  730.06
  621.02
  520.63
  496.79
  657.46
  600.09
  562.49
  283.85
  426.42
  423.65
  284.19
  472.04
  405.64
  359.71
  421.10
  305.45
  576.62
  558.01
  365.17
  539.07
  414.05
  461.20
  470.31
  334.37
  259.52
  800.29
  847.33
  911.46
  916.11
  823.99
  881.19
  744.93
  771.44
 1012.04
  928.28
  861.14
  808.93
  740.06
  706.82
  885.75
  916.93
  875.25
  930.07
  991.06
  739.13
  558.12
  690.17
  817.99
  837.05
  893.45
  885.41
  787.58
  491.44
  782.37
  730.12
  825.49
  751.22
  689.43
  665.19
  438.06
  749.60
  720.10
  691.10
  673.23
  632.26
  532.22
  395.64
  529.02
  674.79
  636.99
  801.96
  749.72
  400.29
  559.23
  767.47
 1175.12
 1436.09
 1136.58
 1122.59
  685.58
  611.81
  775.74
  661.96
  848.71
  684.28
  688.10
  534.65
  432.94
  770.42
  739.86
  662.33
  660.18
  640.84
  528.82
  511.46
  987.10
 1154.17
  976.85
  850.16
  783.16
  507.10
  352.94
  963.06
 1100.19
 1041.66
 1083.01
 1014.51
  833.93
  720.92
  660.01
  992.51
  836.54
  822.35
  740.77
  625.94
  388.88
  891.61
  900.22
  822.35
  831.58
  902.40
  610.74
  820.25
  863.55
  765.86
 1188.32
  359.45
  869.50
 1172.01
 1152.01
 1151.42
 1074.17
  884.34
  730.09
  394.74
  944.45
  942.67
  938.96
  935.22
 1003.89
  801.99
  731.99
  905.12
  916.08
  926.47
 1066.61
  995.22
  905.46
  552.49
  305.20
  634.72
  718.20
  571.72
  612.01
  544.53
  569.08
  390.12
  361.49
  539.95
  775.32
  659.50
  623.57
  691.78
  339.55
  284.07
  771.78
 1058.88
 1126.33
 1230.79
 1233.23
 1229.04
 1013.21
 1090.91
 1024.67
 1410.83
 1492.13
 1494.25
 1475.00
 1274.51
 1160.31
 1230.74
 1379.31
 1491.53
 1411.57
 1366.57
 1366.09
 1362.52
 1321.92
 1323.53
 1323.44
 1304.53
 1316.14
 1313.51
 1496.46
 2548.49
 3149.43
 4177.75
 3951.13
 3655.53
 3552.97
 3332.78
 3278.61
 3734.09
 3523.55
 3276.12
 3207.99
 3118.14
 3040.92
 2977.26
 3066.43
 3520.44
 3750.65
 3494.27
 3365.26
 2987.88
 2489.65
 2723.32
 3189.44
 3058.16
 2925.87
 2864.65
 2904.91
 2914.68
 2717.54
 2411.26
 2380.97
 2484.44
 2519.43
 2385.92
 2389.63
 2497.32
 2299.10
 2174.88
 2142.17
 2118.41
 1997.39
 1698.44
 1754.96
 1767.68
 1536.84
 1248.91
 1354.99
 1388.23
 1239.94
 1487.71
 1491.25
 1431.11
 1233.17
 1178.63
 1333.07
 1442.06
 1571.56
 1867.64
 1790.93
 2318.56
 2112.58
 1828.84
 1443.88
 1355.53
 1083.35
 1222.24
 1031.61
  911.75
 1472.16
 1198.51
 1186.65
  971.44
 1032.32
  940.20
  872.02
  742.64
  654.54
  973.34
  746.57
 1035.86
 1145.53
  981.49
  842.03
  736.12
  560.36
  681.05
 1245.88
 1480.01
 1244.38
  837.58
 1084.51
  853.27
  906.42
 1170.42
 1151.16
 1052.51
  984.10
 1123.19
 1066.89
  830.93
 1117.21
 1275.39
 1506.74
 2471.72
 3166.87
 3136.15
 2495.34
 2327.87
 2374.03
 3171.91
 3921.94
 3895.78
 3575.65
 3088.91
 2833.61
 2027.40
 2252.63
 2003.62
 1681.65
 1200.52
 1352.21
 1299.94
 1205.53
 1291.62
 1911.64
 1970.06
 1839.80
 1589.99
 1282.95
 1225.24
 1025.35
 1132.25
 1222.72
 1071.91
  661.62
  839.28
  861.82
 1023.00
 1450.19
 1759.47
 1591.94
 1767.88
 1441.04
 1105.12
 1242.51
 1560.46
 1511.38
 2019.08
 1790.13
 1715.58
 1436.71
 1435.04
 1329.11
 1198.65
 1418.39
 1192.45
 1426.97
 1711.92
 1483.55
 1240.45
 1018.64
 1041.97
 1211.85
 1207.54
 1190.02
 1227.08
 1036.85
 1147.96
 1555.33
 2031.20
 2105.30
 2836.84
 3822.29
 5501.45
 5554.12
 4922.74
 3718.17
 2790.54
 2559.50
 2504.77
 2451.50
 2333.73
 2160.29
 2068.83
 1802.76
 1253.76
 1203.47
 1288.30
 1420.32
 1363.03
 1322.28
 1270.63
 1220.31
  930.38
  915.77
  651.09
  641.49
 1018.81
 1030.82
  809.92
  525.73
  830.59
 1003.12
  905.54
 1040.56
  871.48
  719.67
  479.97
  942.41
 1216.35
 1398.40
 1203.32
 1054.29
  731.65
  861.37
  903.25
 1007.85
 1008.08
 1012.47
 1082.61
  726.61
  754.81
  909.91
  952.41
  837.19
  945.22
  809.35
  616.57
  690.48
  763.99
 1001.77
 1047.16
 1006.27
 1195.40
  899.26
  741.02
  935.65
 1073.77
  928.03
 1004.48
  968.01
  697.33
  602.53
  840.61
 1068.82
 1057.75
 1096.32
 1112.48
  975.32
  770.53
  835.01
 1075.87
 1288.93
 1240.99
 1180.95
  793.47
  879.72
 1044.95
  938.00
  739.13
  803.21
 1132.45
 1027.48
 1167.56
 1090.99
 1055.54
 1081.36
  844.38
  715.14
  527.09
  903.51
  955.95
 1098.33
 1022.07
  870.26
  936.18
  846.14
  831.35
  960.39
 1179.23
  967.50
  979.48
  872.39
  794.43
  783.58
  791.37
  972.09
  970.62
  970.62
  969.54
  966.48
  868.68
 1107.95
 1120.47
 1008.79
 1012.33
 1174.38
  951.47
  551.30
  840.61
 1013.97
 1300.42
  884.79
  854.01
  488.58
  482.18
  673.54
  965.18
  933.83
  890.51
  583.19
  572.14
  827.47
 1096.26
 1195.25
 1440.68
 1295.41
 1167.45
 1179.96
 1164.90
 1180.27
 1248.21
 1226.63
 1202.70
 1267.32
 1480.32
 1378.75
 1632.41
 2213.56
 2172.78
 2033.46
 2039.44
 2039.86
 2045.89
 2053.79
 2037.54
 1945.96
 1740.49
 1619.02
 1580.19
 1676.07
 2056.79
 2213.90
 2217.12
 2214.58
 2110.14
 2081.57
 2191.16
 2439.04
 2439.04
