19850101
  905.80
 1481.34
 1489.83
 1601.32
 1429.29
 1485.59
 1592.82
 1628.93
 1610.89
 1634.25
 1491.96
 1143.66
  852.71
 1213.74
 1111.80
  751.81
 1036.40
 1255.14
  538.39
  745.44
 1663.73
 1586.45
 1298.70
  827.22
 1129.84
  530.94
  493.79
  792.16
  870.74
  787.92
  809.15
 2239.98
 3204.65
 3183.75
 3370.53
 3872.70
 3694.41
 3414.08
 3181.06
 2986.49
 2746.96
 2373.32
 2667.67
 3128.53
 3267.06
 2720.91
 2369.19
 2355.25
 1989.97
 2009.08
 1799.90
 2142.88
 2274.55
 1841.30
 1319.93
 1722.37
 1419.75
 1593.90
 1654.41
 1794.58
 1846.63
 1099.06
 1310.36
 1056.59
 1222.24
 1241.35
  985.43
  846.33
  455.56
  822.97
  860.12
  955.69
 1141.54
  987.55
  595.73
  477.85
  724.20
  657.32
  729.53
  685.98
  692.35
  422.63
  416.26
  445.99
  422.63
  464.06
  784.74
  872.87
  616.97
  450.24
  636.08
  344.05
  299.45
  305.82
  320.69
  300.53
  296.28
  296.28
  292.03
  594.65
  393.97
  398.22
  412.01
  408.84
  415.21
  403.52
  406.71
  414.13
  408.84
  396.10
  405.64
  529.89
  627.59
  534.14
  405.64
  454.49
  431.12
  441.74
  442.82
  405.64
  413.09
 1009.86
 1572.66
 1280.63
  685.98
  985.43
  618.02
  941.90
 1243.48
 1172.32
  597.85
  729.53
 1045.97
 1147.91
 1426.12
  876.07
  683.85
  238.94
  252.73
  268.67
  486.34
  598.90
  449.19
  540.51
  295.20
  132.75
  297.33
  402.47
  367.41
  700.84
  983.30
  576.62
  318.56
  767.75
  704.04
  745.44
 1066.13
  700.84
  236.81
  230.44
  628.63
  768.80
  301.57
  422.63
  519.27
  433.25
  399.27
  488.47
  659.44
  341.81
  401.39
  444.94
  544.76
  556.43
  521.40
  607.40
  793.24
  815.53
  770.93
  433.25
  236.81
  318.56
  399.27
  631.83
  511.83
  879.24
  585.11
  592.53
  413.09
  512.90
  526.69
  566.00
  860.12
  716.78
  582.99
  487.42
  440.70
  256.98
  206.01
  770.93
  889.86
  527.77
  513.95
  566.00
  628.63
  551.13
 1073.58
  866.50
 1147.91
 1732.99
  967.39
 1129.84
 1138.34
  912.17
  862.25
  416.26
  486.34
  401.39
  562.80
  846.33
 1250.90
 1102.23
  921.71
 1033.23
  808.11
  904.72
  713.58
  947.20
 2008.03
 2010.16
 1832.81
 1827.51
 1729.82
 1582.20
 1889.10
 1081.00
  534.14
 1030.96
 1225.07
 1478.14
 1641.67
 1423.97
 1686.27
 1128.79
 1123.47
 1051.26
  920.67
 1024.73
  864.37
  954.65
  784.74
  904.72
  876.07
  920.67
  804.91
  606.21
  732.70
  371.66
  662.61
  787.92
 1025.78
  860.12
  848.46
  538.39
  465.10
  425.83
  395.02
  387.60
  625.46
  595.73
  505.46
  419.46
  663.69
  772.00
  987.66
 1093.74
 1062.96
  860.12
  755.01
  816.60
  865.45
  932.33
  916.42
  925.96
  591.48
  466.18
  631.83
  557.50
  731.65
  727.40
  946.15
 1031.10
  636.08
  543.68
  727.40
 1083.12
 1231.78
 1501.50
  802.78
  611.67
 1539.73
 1277.46
  664.74
  652.00
  659.44
  684.93
  569.17
  837.84
 1232.86
 1238.15
 1446.65
 1406.53
 1159.57
  894.10
 1143.66
 1030.03
  965.26
 1008.79
  952.52
  669.10
  629.71
  756.06
 1000.29
 1160.65
 1169.15
  955.69
  693.42
  473.60
  931.28
 1022.61
  928.08
  695.55
  841.01
 1216.92
 1266.84
 1708.33
 1829.15
 1836.23
 1641.78
 1747.86
 1524.86
 1027.90
 1272.13
  975.88
 1253.02
 1333.72
 1559.92
 1144.71
  858.00
 1361.33
 1786.09
 1686.27
 1498.33
 1336.92
 1058.71
  739.07
  786.87
  542.64
 1221.16
 1255.14
 1018.36
  470.43
  462.98
  499.08
  689.18
  568.12
  556.43
  907.92
  681.73
  504.41
  860.12
  924.91
  942.95
  860.12
  591.48
  463.09
  461.79
  658.37
  592.53
  587.23
  613.77
  449.19
  441.74
  429.00
  495.91
  582.99
  527.77
  474.68
  461.93
  460.86
  459.81
  851.63
 1128.79
  980.13
 1002.42
  797.49
  443.87
  425.83
  489.54
  462.98
  473.00
  728.93
 1030.03
  834.64
  696.59
  865.45
 1392.14
 1392.14
 1260.47
  941.90
 1052.34
 1171.27
 1223.29
 2511.00
 2976.47
 3074.61
 2716.77
 2396.68
 2405.18
 2404.10
 1892.27
 1593.90
 1726.62
 1180.81
 1394.26
  760.31
  586.16
 1013.04
 1119.22
 1204.17
 1214.79
  610.60
  458.73
  795.36
  770.93
  831.47
 1752.10
 2287.29
 1560.97
  792.16
 1328.43
 1500.45
 1280.63
 1428.25
 1839.18
 1630.00
 1178.09
  680.68
  420.99
  426.88
  408.84
  413.09
  413.09
  414.13
  376.98
  371.66
  336.63
  354.67
  321.76
  296.28
  286.71
  276.09
  273.97
  270.79
  271.84
  271.84
  275.04
  272.92
  285.66
  292.03
  273.97
  255.93
  255.93
  255.93
  254.85
  255.93
  254.85
  252.73
  253.80
  249.56
  201.76
  195.39
  227.24
  228.32
  226.19
  228.32
  229.37
  204.96
  199.63
  198.59
  191.14
  168.85
  162.48
  161.41
  170.98
  167.78
  167.78
  170.98
  167.78
  168.85
  169.90
  166.73
  168.85
  168.85
  166.73
  165.65
  169.90
  165.65
  164.61
  168.85
  166.73
  168.85
  170.98
  911.09
 1507.87
 1070.38
  288.83
  295.20
  292.03
  296.28
  306.90
  665.81
  479.97
  440.70
  748.64
  437.50
  890.93
 1088.44
 1064.01
  941.90
  736.95
  602.10
  586.16
  541.56
  350.42
  590.41
  155.03
  158.23
  199.63
  668.99
  592.53
  542.64
  449.19
  122.13
  204.96
  486.34
  727.40
  473.60
  717.83
  731.65
  344.05
  282.46
  393.97
  705.09
  724.20
  644.58
  818.73
  363.16
  276.09
  625.46
  554.30
  786.87
 1044.89
  807.03
  190.09
  202.83
  596.78
  536.26
  640.33
  772.00
  835.72
  182.64
  181.60
  487.42
  518.20
  494.84
  533.06
  586.16
  217.70
  166.73
  451.31
  393.97
  489.54
  543.68
  484.22
  176.27
  181.60
  361.04
  560.67
  705.09
  722.08
  699.79
  445.06
  348.30
  416.26
  508.66
  668.99
  546.88
  518.20
  442.82
  271.84
  679.60
  478.92
  478.92
  676.43
  764.55
  488.47
  453.44
  542.64
  589.36
  662.61
  781.54
  877.11
  664.74
  570.24
  786.87
  709.34
  903.68
  923.84
  982.25
  539.44
  564.92
  501.21
  772.00
  685.98
  622.26
  618.02
  504.41
  305.82
  495.91
  700.84
  858.00
 1068.25
  875.92
  270.79
  204.96
  267.59
  379.11
  455.56
  517.15
  509.70
  339.80
  721.03
  697.67
  513.95
  468.30
  330.26
  351.50
  275.04
  263.35
  358.92
  726.33
  809.15
  880.31
  891.98
  225.12
  233.61
  885.61
  796.41
  879.24
  971.64
  928.08
  969.51
 1429.29
 1308.24
 1412.30
 1421.87
 1422.92
 1437.79
  722.08
  705.09
  887.73
  821.90
  963.14
  910.05
  855.88
  801.73
 1136.21
 1823.49
 1976.88
 1968.50
 1945.25
 1814.77
 1692.64
 1250.90
 1424.00
 1596.02
 1592.82
 1618.31
 1615.14
 1447.36
 1502.80
 2094.03
 3124.76
 4021.70
 4425.81
 4553.72
 4263.10
 3797.06
 3668.67
 3471.05
 2951.92
 2241.99
 2095.11
 2102.53
 2108.90
 2409.76
 3264.11
 3693.00
 3677.06
 3598.96
 3512.22
 3489.94
 3467.40
 3446.87
 3391.17
 3170.44
 2587.68
 2103.60
 2104.65
 2104.65
 2313.60
 2373.32
 2336.62
 2346.16
 2342.62
 2340.61
 2334.24
 2201.15
 2091.91
 2096.15
 2101.48
 1862.54
 1710.71
 1482.39
 1315.69
 1395.31
 1615.14
 1570.54
 1416.55
  950.40
  995.71
  986.62
 1021.53
  794.29
 1015.16
  843.13
  750.76
 2044.48
 3019.51
 3161.94
 3155.20
 3160.98
 3152.60
 3136.80
 3138.81
 3156.62
 3136.91
 3096.82
 2648.45
 2092.98
 2090.86
 2212.85
 2328.24
 2331.07
 2210.13
 2091.91
 2099.35
 2090.86
 2073.87
 1822.30
 1353.91
 1759.55
 1707.51
 1391.07
 1054.46
 1192.51
 1650.16
 1949.61
 1963.55
 1980.42
 2002.71
 1589.65
 1837.06
 2084.49
 2230.66
 2824.72
 4541.43
 6320.91
 6275.38
 6007.90
 5842.84
 4540.12
 4179.34
 3772.29
 3444.04
 3397.09
 3342.92
 3295.97
 3234.15
 3224.95
 2721.96
 1710.71
 2247.17
 2195.97
 2127.78
 1262.59
 1278.51
 1303.99
 1537.60
 1320.98
 1147.91
 1248.77
 1158.53
 1588.58
 1667.15
  792.16
  435.37
  861.20
 1217.99
 1404.88
 1195.68
 1224.36
 1096.94
  670.03
  533.06
  873.94
  858.00
  550.05
  474.65
  330.26
  194.34
  348.30
  452.36
  572.37
  598.90
  745.44
  816.60
 1021.53
 1490.88
 1608.77
 1177.64
 1173.39
 1396.39
  796.41
  709.71
 1109.91
 1039.60
 1007.74
  981.18
 1020.48
  829.34
  880.31
  851.63
  739.07
  882.44
  859.08
  688.10
  223.00
  233.61
  890.93
 1101.19
  954.65
  952.52
  874.99
  324.94
  233.61
  681.73
  804.91
  805.98
  956.77
 1106.48
  426.88
  254.85
  801.73
 1281.71
 1061.88
 1208.42
 1103.31
 1089.49
  809.15
  810.23
  980.13
  733.77
  770.93
  524.57
  456.61
  367.41
 1019.41
  925.96
 1057.63
  652.00
  837.84
  867.57
  694.47
  811.28
  891.98
  797.49
  969.51
  914.29
  779.42
 1118.18
  374.86
  837.84
  682.80
  856.95
  679.60
  489.54
  401.39
  443.87
  404.59
  272.92
  469.35
  536.26
  563.87
  276.09
  993.92
  911.09
 1057.63
  907.92
 1066.13
  883.49
  951.45
  985.43
 1039.60
  630.76
  772.00
 1010.91
 1008.79
  684.93
  928.08
  855.88
  818.73
  591.48
  853.75
  851.63
  679.60
  868.62
  879.24
  880.31
  797.49
  964.42
 1093.74
  904.50
  880.31
 1086.32
  963.14
  889.86
 1109.68
 1264.72
  796.41
  824.02
  901.55
  950.40
  852.71
 1116.05
 1275.33
  751.81
  744.39
  848.46
  861.20
  863.32
  829.34
  881.36
  569.17
  798.54
  910.05
  788.99
  675.36
  596.78
  522.45
  506.53
  661.57
  354.67
  438.57
  385.48
  329.18
  464.06
  330.26
  322.81
  715.71
  816.60
  783.67
  763.51
  636.08
  825.10
  931.28
 1169.15
  962.06
  714.66
  738.02
  555.38
  432.20
  620.14
  974.81
  880.31
  679.60
  511.83
  306.90
  309.02
  534.14
  545.81
  521.40
  952.52
  776.25
  619.09
  331.31
  839.96
  922.79
 1090.57
  861.20
  707.21
  544.76
  494.84
  772.00
 1044.89
  750.76
  795.36
  817.65
  269.72
  270.79
  612.72
  560.67
  663.69
  905.80
  879.24
  309.02
  319.64
  452.36
  635.01
  604.22
  615.89
  608.47
  313.27
  318.56
  438.57
  450.24
  558.55
  570.24
  701.92
  414.13
  367.41
  606.35
  614.84
 1070.38
 1288.08
  903.68
  605.27
  317.52
  543.68
  557.50
 1380.45
 1147.91
 1036.40
  850.58
  318.56
  777.30
  662.61
  597.85
  420.51
  458.73
  506.53
  321.76
 1040.64
  837.84
  827.22
  755.01
  630.76
  331.31
  332.38
  322.81
  324.94
  322.81
  332.38
  333.43
  329.18
  331.31
  332.38
  345.13
  501.21
  585.11
  557.50
  469.35
  322.81
  527.77
  496.96
  513.95
  522.45
 1270.01
 2066.42
 2073.87
 2075.99
 1703.26
 1645.92
 1249.48
  512.90
  555.38
  638.21
 1158.53
 1507.87
 1529.11
 1204.17
 1270.01
  810.23
  500.16
 1094.81
 1135.17
 1024.73
 1220.12
 1083.12
  554.30
 1560.97
 1684.14
 2009.19
 3259.64
 3809.55
 3405.92
 3181.28
 3226.22
 2728.33
 2229.95
 2469.99
 2209.79
 1889.10
 1051.26
  797.49
 1085.24
 1718.12
 1165.95
 1136.21
 1395.31
  914.29
  901.55
 1336.92
 1072.50
 1309.43
  927.04
 1520.61
 1380.45
 1154.28
 1071.45
 1680.97
 1275.33
 1468.60
 1429.29
  750.76
  679.60
  894.10
  947.20
 1206.30
 1055.51
  978.01
  748.64
  445.99
  719.96
  821.90
  483.17
  324.94
  317.52
  321.76
  509.70
 1102.23
  870.74
  888.81
  484.22
  700.84
  317.52
  331.31
 1177.64
 1450.53
 1512.12
 1192.51
  499.08
  278.21
  278.21
  277.17
  286.71
  272.92
  270.79
  270.79
  289.91
  281.41
  277.17
  271.84
  228.32
  226.19
  213.45
  231.49
  231.49
  230.44
  271.84
  286.71
  290.96
  229.37
  235.74
  223.00
  300.53
  970.56
 1484.40
 1586.45
  887.73
  586.16
  276.09
  757.14
 1146.83
 1008.79
  546.03
  557.73
  460.63
  448.00
  499.57
  497.33
  502.40
  543.46
  407.76
  245.31
  253.80
  365.29
  340.88
  307.95
  231.49
  297.33
  292.03
  309.02
  459.81
  252.13
  254.03
  305.48
  279.29
  267.59
  272.92
  285.66
  300.53
  287.78
  226.19
  229.37
  230.44
  217.70
  214.50
  229.37
  246.36
  238.94
  232.57
  244.23
  230.44
  226.19
  226.19
  168.85
  173.10
  172.02
  175.22
  165.65
  217.70
  258.05
  289.91
  210.25
  202.83
  209.20
  214.50
  273.97
  481.05
  282.46
  286.71
  275.04
  197.51
  201.76
  423.70
  453.44
  636.08
  470.43
  461.93
  179.47
  183.72
  375.91
  275.04
  451.31
  401.39
  151.86
  152.91
  178.40
  282.46
  354.67
  537.31
  494.84
  489.54
  179.47
  189.01
  272.92
  267.59
  273.97
  503.33
  593.61
  470.43
  432.20
  482.09
  324.94
  283.54
  280.34
  402.47
  424.75
  298.40
  382.28
  389.72
  399.27
  574.49
  614.84
  224.07
  230.44
  304.77
  496.96
  350.42
  328.14
  436.45
  210.25
  211.33
  535.19
  573.42
  629.71
  487.42
  543.68
  212.38
  304.77
  824.02
  897.30
  684.93
  965.26
  864.37
  236.81
  238.94
  372.73
  347.25
  397.14
  433.25
  504.41
  350.42
  210.25
  381.23
  321.76
  209.20
  539.44
  280.34
  221.95
  217.70
  299.45
  431.12
  520.32
  367.41
  414.13
  321.76
  292.03
  718.91
  780.50
 1287.00
 1290.20
 1171.27
  641.38
  307.95
 1067.21
 1034.27
  868.62
 1024.73
 1157.45
  235.74
  207.08
  433.25
  459.81
  488.47
  493.79
  485.29
  262.30
  259.10
  741.19
  824.02
  865.19
  992.87
 1015.16
  251.68
  265.47
  498.04
  487.42
  585.11
  796.41
  505.46
  219.82
  220.87
  465.10
  553.25
  679.60
  779.42
  735.90
  207.08
  212.38
  667.94
  674.31
  885.61
  356.79
  776.25
  221.95
  215.55
  677.48
  894.10
  751.81
  383.35
  293.08
  289.91
  528.82
 1139.41
 1148.96
 1289.12
 1049.14
 1038.52
  891.98
  580.86
 1306.11
  521.40
  616.97
 1433.54
 1330.55
  681.73
 1188.26
 1810.52
 1812.65
 1781.84
 1764.85
 1745.03
 1683.10
 1910.34
 1574.78
 1875.28
 1875.28
 1878.48
 1880.61
 1059.79
  700.84
 1317.81
 1032.15
  981.18
 1087.37
 1696.89
  925.25
  925.96
 1469.64
 1472.84
  743.32
  569.17
 1567.34
  697.67
  273.97
  786.87
  288.83
  289.91
  272.92
 1189.31
 1099.06
 1419.75
 1649.12
 1802.03
 1823.27
 1871.04
 1572.66
 1260.47
 1446.28
 2130.62
 2400.56
 2373.55
 2406.00
 2418.49
 2435.25
 2409.17
 2403.87
 2571.54
 3166.30
 4483.63
 7135.73
 7583.14
 6694.33
 6387.69
 5538.44
 4541.20
 4054.38
 3675.64
 3453.13
 3305.06
 2320.79
 1749.98
 1730.87
 1655.49
 1710.71
 1856.17
 1923.08
 1858.29
 1753.18
 1463.27
 1327.35
 1800.95
 1456.90
  782.62
 1486.63
 1909.26
 1929.45
 1927.33
 1933.70
 1917.76
 1934.75
 1939.00
 2151.49
 2373.89
 2382.52
 2133.79
 1923.08
 2470.76
 3771.58
 4527.64
 4959.58
 5172.67
 4803.84
 4423.80
 4268.88
 4079.52
 4693.74
 5281.57
 5275.09
 4578.24
 4010.85
 4761.96
 5789.86
 5824.55
 5717.88
 5474.72
 4431.70
 3811.56
 3664.79
 3183.75
 2825.20
 2253.09
 1894.40
 1800.95
 1337.97
  589.36
 1164.90
 1494.42
 1532.31
 1452.65
 1486.63
 1487.71
 1487.71
 1488.76
 1493.01
 1997.41
 1798.94
 1304.70
 1284.88
 1084.20
 1322.06
 1500.45
 2151.03
 2366.35
 2655.64
 3069.55
 3050.80
 2991.90
 2989.78
 2776.47
 2092.73
 1927.33
 1413.38
  608.47
  910.05
 1044.89
 1085.24
  957.82
  975.88
  401.39
  271.84
 1094.81
 1084.20
 1077.82
  551.13
  693.42
  207.08
  232.57
  284.58
  357.87
  569.17
 1241.35
 1591.77
  934.46
 1418.67
 1948.57
 2155.39
 1574.78
 1429.29
 1532.31
 1563.09
 1328.43
 1366.66
 1481.34
 1805.20
 1528.06
 1597.07
 1365.58
  970.56
 1343.29
 1309.31
 1439.91
 1352.84
 1487.71
 1444.16
  928.08
 1308.24
 1157.45
 1079.95
  992.87
 1073.58
  898.35
 1095.86
  830.39
  862.25
 1426.12
 1537.60
 1532.31
 1532.31
 1519.57
 1538.68
 2152.68
 3157.10
 3516.61
 4506.40
 4671.80
 4408.82
 5363.21
 5601.55
 5524.98
 5882.49
 6306.27
 5892.96
 5138.46
 3887.20
 3422.46
 3447.24
 3432.37
 3319.92
 3374.18
 3839.17
 3976.28
 3855.00
 3856.05
 3714.35
 3564.04
 3561.66
 3459.02
 3353.20
 3571.94
 3217.02
 2861.19
 2710.86
 2587.68
 2566.10
 2017.94
 2004.83
 1998.46
 2002.71
 1994.21
 1729.82
 1140.46
 1474.97
 1568.41
 1675.65
 1701.13
 1634.25
 1394.26
 1408.06
 1463.27
 1455.85
 1588.58
 1592.82
 1625.76
 1628.93
 1385.77
 1329.48
 1008.79
  995.00
  928.08
  947.20
 1025.78
  949.32
 1172.32
 1230.74
 1294.45
 1208.42
 1145.78
 1213.74
 1146.83
 1317.81
 1333.72
 1373.74
 1273.21
 1195.68
 1243.48
 1258.34
 1360.28
 1434.62
 1435.66
 1522.74
 1490.88
 1354.96
 1468.60
 1645.92
 1618.31
 1479.22
 1494.08
 1523.81
 1241.35
 1203.13
 1445.24
 1422.92
 1264.69
 1239.23
 1588.58
 1599.19
 1618.31
 1649.12
 1660.78
 1282.75
 1787.16
 1789.28
 1701.13
 1652.29
 1668.23
 1828.56
 1930.50
 1929.45
 2004.83
 2542.03
 5371.71
 6130.12
 5682.60
 5237.91
 5257.02
 4815.65
 4081.39
 3634.95
 3569.57
 3139.52
 2581.45
 2569.27
 2320.68
 2057.93
 2053.68
 2030.91
 2040.34
 1928.38
 1817.46
 1818.76
 1824.20
 1816.41
 1684.51
 1542.93
 1586.45
 1631.05
 1661.15
 1681.77
 1742.68
 1644.27
 1571.59
 1671.40
 1630.00
 1525.94
 1464.35
 1401.68
 1640.62
 1857.25
 1950.69
 2027.15
 2042.01
 2037.77
 2037.77
 1906.09
 1770.17
 1953.86
 2427.12
 2910.26
 2918.65
 2929.04
 2928.56
 2956.76
 2979.16
 2997.00
 3001.47
 3013.99
 3022.48
 3129.24
 3160.05
 3060.82
 2949.31
 2679.37
 2399.37
 2383.23
 2265.57
 2137.92
 2067.95
 1909.26
 2151.26
 2383.68
 2377.09
 2194.92
 2137.92
 2124.47
 2137.10
 2082.70
 1988.92
 1994.21
 2005.91
 2012.28
 2025.02
 2026.07
 2012.28
 2002.71
 2042.01
 1991.04
 1971.93
 1469.64
  982.25
 1014.11
  921.71
 1467.52
 2028.19
 2475.83
 3046.55
 3064.70
 3153.79
 3342.58
 3701.24
 4166.12
 4426.15
 4378.27
 4322.45
 4032.91
 3780.53
 3673.40
 3173.84
 2719.61
 2702.62
 2883.48
 2898.71
 2696.70
 3014.81
 3531.82
 3859.47
 4395.37
 4498.02
 4011.56
 3603.91
 3540.68
 3498.55
 3890.51
 4485.39
 4526.45
 4423.20
 4708.50
 6427.58
 6315.02
 6025.12
 5887.07
 5770.86
 5660.65
 6125.30
 6280.90
 6167.64
 6096.14
 6176.73
 5890.84
 6395.47
 7195.20
 7565.78
 7826.30
 7879.05
 7670.33
 7056.93
 5764.97
 5064.13
 4906.01
 4709.46
 4120.10
 3688.75
 3655.00
 3650.52
 3770.76
 3747.85
 3563.34
 3470.12
 3544.33
 3680.48
 3668.11
 3644.26
 3667.40
 3248.31
 2692.82
 2633.95
 3149.43
 4309.12
 5480.02
 5205.00
 4987.19
 5068.12
 5144.46
 5171.85
 4631.70
 3347.05
 2888.32
 2454.73
 1794.58
 1836.01
 1911.39
 1912.46
 1702.21
  543.68
  971.64
 1315.69
 1352.84
  643.50
 1333.72
  376.98
  285.66
  870.74
  796.41
  820.85
  913.22
  803.86
  177.21
  200.82
  354.89
  413.79
  442.93
  517.72
  384.63
  673.71
 1789.51
 1300.45
  940.94
 1158.39
 1352.72
 1123.58
  738.96
  450.01
  848.57
 1132.90
 1257.49
 1399.56
 1940.78
 1264.23
 1432.49
 1403.81
 1409.13
 1711.75
 1723.79
 1865.74
 1903.97
 1911.39
 1539.73
 1468.60
 1848.75
 1238.15
  664.74
 1220.12
 1131.97
 2012.62
 2134.38
 2004.61
 1850.87
 1541.85
 1206.30
  766.68
  904.72
 1893.35
 1899.72
 1874.24
 1451.61
  878.19
  515.03
 1431.42
 1908.22
 1660.78
 1437.79
 1436.74
 1116.05
  746.52
 1060.83
 1126.70
 1207.37
 1313.56
 1138.34
  919.59
  807.03
  867.57
  896.23
  955.69
  851.63
  731.65
  510.78
  441.74
  734.82
  368.49
 1033.23
 1066.13
 1079.95
  515.03
  245.31
  569.17
  371.66
  570.24
  594.54
  614.84
  367.41
  371.66
  902.60
 1068.25
  859.08
  893.06
 1095.86
 1374.08
  458.73
 1075.70
 1161.70
 1223.29
 1213.74
 1181.89
  663.69
  449.90
 1077.82
 1042.77
 1435.66
 1352.84
 1224.36
  935.53
  620.14
 1179.76
 1108.60
 1139.41
 1083.12
 1117.10
  614.84
  892.09
 1052.91
 1060.83
 1044.89
 1057.63
 1238.15
 1007.74
  775.17
 1364.53
  639.25
 1370.90
 1451.61
 1315.69
  853.75
  604.22
 1172.32
 1313.56
 1268.93
 1202.05
 1074.62
  558.55
  576.59
 1218.45
 1485.56
 1471.77
  785.79
 1069.33
  400.34
  547.93
  825.10
  935.53
 1172.32
 1205.25
 1179.76
  673.23
  655.20
  987.55
 1020.48
  906.51
  854.57
  798.54
  706.28
  647.75
  788.85
  805.98
  837.84
  881.36
  995.00
  676.43
  504.41
  734.82
  779.42
  643.50
  831.47
  690.22
  400.34
  311.15
  636.31
  709.34
  763.51
  746.52
  802.78
  572.37
  472.55
  832.52
  957.82
 1247.73
  997.12
 1022.61
  439.62
  356.79
  902.60
  996.05
 1104.36
  986.50
  935.53
  732.70
  607.06
 1015.53
 1289.12
 1241.35
 1322.06
 1204.17
  831.47
  523.49
 1190.38
 1105.43
 1056.59
  751.81
  572.37
  527.40
  541.93
 1165.46
 1267.89
 1344.34
 1301.87
 1181.89
 1340.09
 1146.83
 1342.22
 1369.83
 1354.96
 1412.30
 1367.70
 1172.32
  932.33
 1257.27
 1213.74
 1078.87
  906.85
  782.62
  791.12
  742.27
 1087.37
  854.83
  835.83
 1356.97
 1481.34
 1133.04
  872.87
 1466.47
 1926.25
 1929.45
 1928.38
 1928.38
  894.10
  655.20
 1188.26
 1299.74
 1541.85
 1555.67
 1272.13
  853.75
  688.10
  947.20
 1586.45
 1914.59
 1939.00
 2741.07
 5632.11
11416.53
12428.86
12186.75
11355.42
 9552.46
 8352.54
 7423.49
 6832.26
 6316.89
 5677.41
 5259.63
 5119.46
 4651.64
 3821.02
 3714.83
 3656.78
 3417.36
 3197.20
 3326.63
 3326.30
 3304.94
 3299.28
 3286.88
 3125.25
 2502.98
 2177.93
 2208.71
 2224.66
 2240.57
 2237.40
 2240.57
 2277.75
 2277.75
 2183.23
 1337.97
  638.21
 1012.33
 1032.04
 1579.37
 1561.90
 1384.21
  982.25
  728.45
 1026.00
 1088.30
 1078.76
 1424.82
 1032.63
  734.48
  615.55
  940.94
 1022.61
  992.87
 1041.72
 1943.24
 1926.25
 1700.31
 2539.54
 8076.19
12428.04
11032.72
 9956.68
 8845.59
 8236.18
 7924.24
 7371.95
 6618.35
 5638.00
 4937.75
 4721.49
 4532.11
 4497.90
 4497.31
 4549.81
 4486.80
 4252.60
 4045.43
 3967.90
 3631.86
 3154.86
 2854.11
 2718.79
 2382.15
 2201.30
 2288.37
 2145.00
 1693.72
 1717.08
 2044.14
 1800.95
 1728.74
 1152.16
 1769.10
 2125.66
 2413.78
 2583.57
 3343.03
 4811.97
 5050.42
 5112.97
 5062.71
 4581.67
 3693.59
 2758.54
 1831.76
 1264.69
 1607.69
 1752.10
 2137.58
 2132.26
 2130.13
 2148.20
 2700.24
 4460.27
 4536.84
 3878.70
 3315.79
 2962.76
 2521.84
 2238.45
 1931.58
 1349.67
 1177.64
 1224.36
 1131.97
 1019.41
 1256.67
 3267.54
 3574.78
 3604.14
 3052.33
 2345.23
 2149.25
 2301.45
 3686.63
 3875.05
 3339.15
 2868.86
 2558.43
 2135.46
 2536.59
 3451.94
 3928.25
 3430.47
 2566.33
 2237.40
 1923.20
 1533.95
 1847.67
 1891.08
 1890.63
 1978.30
 1073.58
 1070.38
 3289.23
 7681.65
 3681.56
 2826.39
 2507.46
 2296.86
 1665.03
 1534.43
 1757.43
 1786.09
  931.28
  915.34
  952.52
 1307.19
  701.92
  672.19
  581.91
  644.58
  641.38
 1179.76
 1268.96
 1436.74
  855.88
  982.25
  944.03
  942.95
  887.73
 1341.17
 1522.74
 1023.65
 1343.29
 1676.73
 1794.58
 1638.50
 1326.30
 1129.84
 1340.09
  922.79
 1108.60
 1326.30
 1444.16
 1264.72
 1186.14
 1111.80
 1005.62
 1064.01
 1126.67
 1130.92
 1137.29
  837.84
  762.43
  738.02
  697.67
  728.45
  678.56
 1145.78
 1232.86
  775.17
  768.80
  782.62
  888.81
 1245.60
 1083.12
 1070.38
  844.21
  851.63
  942.95
 1081.00
 1006.66
 1120.30
 1496.21
  964.19
  902.60
  833.59
  827.22
  878.19
 1106.48
 1228.61
 1107.56
 1102.23
 1049.14
 1460.10
 1403.81
 1108.60
 1090.57
 1066.13
 1137.29
 1082.07
 1032.15
 1044.89
  887.73
 1011.99
 1139.41
 1094.81
 1233.91
 1053.39
 1253.02
 1317.81
 1145.78
 1376.20
 1130.92
 1190.38
 1117.10
 1119.22
 1175.52
  792.16
 1145.78
 1418.67
 1022.61
  899.43
  972.68
 1002.42
  997.12
 1002.42
 1277.46
 1010.91
  967.39
  976.93
  448.11
  373.78
  800.66
  802.78
 1040.64
 1003.49
  895.18
  606.35
  568.12
 1057.63
  969.51
  846.33
  844.21
  863.32
  760.31
  453.44
  767.75
  761.38
  777.30
  792.16
  747.56
  459.81
  389.72
  727.40
  792.16
  822.97
  884.56
  891.98
  591.48
  445.99
  596.78
  607.40
  648.82
  534.48
  549.01
  550.28
  538.36
  936.58
 1034.27
  995.00
  919.59
  569.06
  623.34
  353.62
 1310.36
 1463.27
 1471.77
 1233.91
 1225.41
  937.66
  861.20
 1225.41
 1230.74
 1168.07
 1174.55
 1248.77
  637.13
  420.51
  989.67
  989.67
 1040.64
 1129.84
 1049.14
 1191.43
 1277.46
 1278.51
 1340.09
 1301.87
  538.39
  563.87
 1141.54
 3337.85
 7445.09
10169.29
 9627.84
 8731.16
 8421.91
 7988.30
 6999.58
 5475.88
 4443.85
 4309.60
 4361.16
 4346.04
 4458.01
 4351.59
 4251.89
 4205.05
 4142.64
 4092.27
 3762.97
 2987.91
 2374.37
 2398.80
 2429.59
 2424.29
 2356.33
 2141.83
 1925.21
 2258.27
 3012.43
 3157.81
 3006.43
 2865.18
 2898.34
 3181.88
 3571.46
 3784.91
 3939.24
 3964.47
 3953.63
 3342.92
 2446.58
 2483.76
 2440.20
 1776.54
 2407.30
 2443.40
 2438.08
 1644.87
 1388.94
 1718.12
 1403.81
 1588.58
 1674.60
 1730.87
 1267.89
  756.99
 1616.18
 1683.55
 1747.74
 1795.66
 1839.18
 1701.13
 1293.37
  929.16
 1036.40
  982.25
  998.17
 1063.41
  776.25
  652.00
  813.40
  542.64
  713.58
  599.98
  609.52
  526.69
  486.34
 1294.45
 1314.61
 1683.10
 1477.09
 1604.52
  802.78
  577.66
 1047.72
 1890.15
 2381.81
 2584.62
 2855.05
 2851.17
 2853.29
 2788.39
 2736.82
 2589.80
 2451.90
 2053.68
 1138.34
 1027.90
 1436.74
 2805.15
 3322.05
 2956.28
 2490.13
 2490.13
 2106.77
 1936.87
 1808.40
 2324.47
 1978.30
 1618.31
 1529.11
 1411.26
 1730.87
 1871.04
 1689.47
 1574.78
 1481.34
 1100.48
  683.97
  582.99
 1133.04
 1616.18
 1516.37
 1514.61
  468.87
  371.77
  453.89
  429.11
  407.76
  412.38
  437.01
  292.26
  301.57
  327.88
  425.12
  620.03
  307.35
  254.26
  218.27
  232.08
  280.00
  330.49
  557.62
  710.53
  509.22
  354.44
  348.67
  451.31
  382.50
  594.77
  363.28
  343.57
  278.44
  260.18
  249.19
  263.57
  257.20
  267.59
  304.52
  378.03
  411.08
  636.19
 1225.30
  826.37
  931.03
 1339.50
  911.80
  861.91
  639.03
  691.64
  549.23
  654.94
  699.43
  230.67
  209.32
  429.48
  410.00
  728.68
  703.45
  772.34
  701.07
  435.14
  570.81
  602.92
  750.06
 1065.19
 1344.12
 1049.25
  848.57
  829.46
 1392.25
 1578.78
 1881.17
 2211.43
 2255.55
 1386.48
 1487.57
 1326.16
 1343.63
 1716.82
 1770.40
 1063.89
  990.50
 1121.46
 1129.96
 1103.42
 1156.74
 1129.13
  932.56
  807.96
  906.73
  858.48
  983.19
 1544.09
 1009.98
 1189.68
 1276.38
 1850.99
 2049.43
 1786.57
 1900.77
 1368.64
  506.76
  440.44
 1253.39
 1297.28
 1137.63
 1094.93
 1286.29
  514.89
  459.21
  942.47
 1077.68
 1233.57
  709.11
  884.90
 1011.02
  707.69
 1013.40
 1077.12
  982.96
 1007.97
 1063.41
  502.85
  776.25
  967.25
  929.16
  972.68
  948.84
 1054.21
  375.79
  863.18
 1360.40
 1149.78
 1178.92
 1257.86
 1387.04
  479.26
  298.52
 1179.62
 1153.57
  843.25
  932.56
  977.41
  357.61
  404.93
 1139.27
 1192.14
 1294.79
 1759.78
 1864.07
  839.00
 1307.53
 1255.14
 1280.86
 1358.61
  961.36
 1086.32
 1239.34
 1285.24
 1266.70
 1446.40
 1287.48
 1596.48
  949.21
 1194.86
  939.18
 1208.19
 1317.44
 1492.89
 1267.66
  981.89
  842.09
  656.47
 1491.59
 1413.72
 1274.03
 1721.78
 1326.64
  660.72
  455.56
 1396.02
 1224.70
 1245.12
 1259.62
 1109.09
  504.52
  595.25
 1173.96
 1129.13
 1193.92
 1215.02
 1336.07
  990.04
  624.50
 1228.47
 1051.38
 1133.27
 1192.62
 1190.61
  952.52
  892.09
 1078.53
 1346.35
 1160.51
 1092.32
  939.78
  321.99
  365.40
 1269.42
 1569.83
 1918.35
 1633.40
 1646.28
  836.05
  646.22
 1284.88
 1878.00
 2035.39
 2267.47
 2244.48
 1993.51
 1881.31
 2094.51
 2008.37
 2056.74
 1659.25
 1602.51
 1372.18
 1423.03
 1885.19
 2056.40
 1869.03
 1941.23
 1613.13
 1229.43
 1662.57
 2373.77
 2471.47
 2764.80
 3100.21
 3092.79
 3081.81
 3067.42
 2880.42
 2585.92
 2451.30
 2424.86
 1913.40
 1166.17
  999.70
 2331.78
 2500.49
 2318.10
 2013.70
 2032.22
 1574.78
 1617.01
 1787.39
 1935.68
 1646.28
 1639.77
 2174.85
 2158.23
 2343.59
 3326.04
 4073.75
 4197.26
 4380.13
 4575.78
 4507.93
 4483.49
 4404.35
 4332.70
 4275.14
 4025.72
 3863.01
 3872.22
 3884.14
 3869.87
 3803.77
 3782.90
 3639.54
 3414.53
 3343.88
 3347.05
 3121.59
 2915.70
 3076.29
 3241.68
 3175.03
 3114.97
 3114.03
 3106.02
 3042.05
 2989.21
 2984.26
 2713.46
 2410.47
 1719.06
 2417.44
 2844.65
 2850.20
 2853.40
 2650.34
 2495.90
 2260.99
 1918.69
 2376.15
 2288.23
 1469.05
 1122.42
  910.16
  809.86
 1710.93
 1482.76
 1411.96
 1412.30
 1497.37
 1743.72
  643.50
 1844.62
 1701.36
 2006.48
 2232.19
 2259.20
 1203.13
  646.11
  991.91
 1339.39
 1861.24
 1760.26
 2120.34
 1521.10
 1118.29
 1915.75
 2264.41
 1697.26
 2078.23
 2035.16
 1417.63
 1720.84
 2438.08
 2468.75
 2314.90
 1459.85
 1231.67
 1967.68
 1934.75
 2174.14
 1920.82
 2023.95
 2000.36
 1315.54
  867.20
  799.02
 1388.12
 2669.80
 4682.67
 4840.88
 5341.27
 5839.64
 5698.54
 5465.04
 5304.45
 5012.79
 3926.95
 2729.15
 2468.18
 1973.57
 1534.77
 1636.71
 2126.00
 2090.72
 1856.76
 1103.31
  944.85
 1397.80
 1618.31
 2030.80
 2064.18
 2074.21
 1523.81
 1048.66
 1590.36
 1284.88
 1243.00
 1574.08
 1470.58
  452.59
  430.08
 1496.32
 1981.24
 1572.18
 1640.14
 1741.37
 1006.89
  924.66
 1004.43
 2084.23
 2524.67
 2523.63
 2503.69
 2183.34
 1315.91
 2014.26
 1175.74
  836.28
 1038.04
 1198.62
  557.96
  464.88
  949.44
 1283.12
 1425.41
 1410.55
 1100.22
  369.05
  247.89
  958.53
  601.39
  631.13
  877.94
  966.09
  592.90
  517.01
  484.33
  716.90
 1286.18
 1167.73
 1122.06
  669.81
  535.90
  898.72
 1049.85
 1064.01
  662.13
  742.50
  627.44
  473.37
  920.07
  764.67
  643.27
  676.77
  854.12
  596.55
  489.77
  498.97
  554.19
  569.28
  755.35
  949.44
  622.15
  618.84
 1042.65
  526.21
  584.63
  590.77
  821.90
  489.77
  507.35
  456.98
  338.27
  329.55
  451.31
  422.29
  526.69
  519.27
  783.78
  482.21
  581.32
  435.48
  387.35
  740.49
  788.28
 1106.96
 1006.89
  927.26
  944.25
  961.73
  496.37
  500.61
  912.62
  894.70
  876.63
  811.28
  805.02
  806.44
  484.59
  560.45
  614.70
  609.52
  589.22
  731.88
  436.56
  609.41
 1182.45
 1110.73
 1116.87
  967.62
 1211.96
  611.42
  475.24
 1322.51
 1335.85
 1278.02
 1256.56
 1072.27
  840.90
 1000.18
 1014.34
  656.84
  770.33
  987.44
 1260.58
  854.69
  708.74
  748.64
  874.28
  986.96
  866.27
  856.81
  459.92
  376.27
  408.95
 1254.92
 1194.04
 1100.70
 1021.90
  757.70
  823.09
  715.23
  741.56
  817.76
  364.24
  484.70
  831.47
  662.73
  833.34
  816.01
 1194.04
 1198.51
  702.63
  742.98
  666.64
  749.58
 1347.88
 1493.49
 1467.89
  613.06
  371.77
  350.53
  630.05
  772.71
 1020.48
  780.61
  530.83
  428.52
  342.04
  530.46
  485.52
  507.24
  470.77
  386.41
  305.71
  297.92
  697.30
  736.95
 1188.37
  700.96
  680.20
  368.83
  296.28
  688.21
  562.80
  591.94
  837.24
  614.36
  391.59
  233.73
  904.24
 1032.38
  618.61
  557.13
  675.13
  416.26
  772.71
 1314.50
 1270.72
  671.48
  551.84
  499.57
  431.12
  401.16
 1360.99
 1410.29
 1312.60
 1184.01
 1195.45
  490.48
  464.40
 1199.70
 1214.45
  643.73
  452.14
  461.79
  431.24
  549.01
 1457.02
 1276.27
 1246.54
 1253.62
 1035.58
 1012.33
 2198.58
 2470.31
 2486.22
 2469.60
 2462.15
 2562.79
 2483.50
 2257.67
 1610.29
 1871.40
 1776.88
 1909.26
 1691.22
  827.08
 1092.44
 1613.47
 1755.30
 1873.87
 1886.61
 1749.50
 1477.43
  928.91
  847.16
  903.68
 1382.68
 1930.50
 1989.48
 1332.42
 1257.86
 1876.22
 1958.82
 1988.78
 1986.65
 2056.74
 1932.99
 1796.00
 2234.79
 2285.65
 2782.84
 3082.66
 3065.67
 2837.01
 2257.45
 2783.77
 3077.70
 3080.05
 3095.14
 3162.51
 3216.45
 2862.72
 2378.98
 2364.82
 2385.35
 2763.50
 3914.69
 4515.49
 4485.76
 4161.16
 3743.97
 3423.03
 2969.25
 2818.23
 2652.10
 2487.75
 2487.41
 2485.88
 2280.81
 2229.47
 5017.52
 7707.51
 7877.97
 7811.80
 7541.71
 7447.70
 7376.06
 6981.41
 6151.72
 5357.77
 4619.78
 3940.40
 4537.77
 5430.12
 5638.25
 5692.62
 5700.89
 5549.28
 5623.61
 5674.36
 5545.51
 5391.90
 5092.90
 5017.63
 5009.84
 4653.87
 4293.20
 4611.88
 4378.61
 3547.28
 3019.06
 2925.24
 2773.30
 2398.92
 2422.28
 2025.02
 1347.29
 1219.63
 1134.91
 1073.43
 1044.78
 1037.93
 1409.95
  969.63
 2324.33
 9642.25
 9787.72
 9192.95
 8891.26
 8672.03
 8211.66
 7443.08
 7566.03
 6879.24
 6092.85
 6118.22
 6116.81
 5104.82
 4450.59
 4300.14
 4298.61
 4382.03
 4584.36
 4760.54
 5197.78
 5397.79
 5409.82
 5399.20
 5121.58
 4251.89
 3009.15
 2516.55
 2515.58
 2175.81
 2109.38
 1863.96
 1644.61
 2086.02
 1677.77
 1448.77
 1246.54
 1002.78
 1221.16
 1302.69
 1264.35
 1119.93
 1299.74
 1437.45
 1671.88
 1607.35
 1459.73
 1157.45
  666.98
  588.76
  877.00
 1065.79
 1102.83
 1088.07
  825.44
  383.81
  286.71
  691.04
  542.04
  641.38
  485.41
  872.05
  355.74
  243.89
  231.15
 1156.52
 1260.81
 1070.49
  376.50
  317.15
  246.24
  711.69
  990.61
 1184.83
 2244.00
 2594.19
 1491.11
  592.64
 1562.16
 1577.02
 1581.01
 1537.38
 1287.11
  340.74
  326.24
 1181.41
 1020.00
 1060.95
 1072.13
 1215.98
  653.07
  666.27
 1304.22
 1645.69
 2186.88
 2519.49
 2489.05
 1034.87
  695.18
  857.07
 1194.97
 1279.10
 1435.18
 1024.96
  881.02
  762.91
 1064.23
 1541.03
 1341.03
 1821.59
 2036.69
 1356.49
  982.96
 2037.17
 1861.83
 1379.40
 1542.22
 1356.86
  723.16
  718.54
 1283.35
 1169.00
 2061.58
 2488.46
 2366.35
 2292.62
 1555.53
 1381.98
 1514.61
 1507.53
 1550.12
 1973.46
 1396.84
 1200.52
 1447.10
 1429.52
 1606.39
 1447.81
 1282.53
 1131.85
  950.62
 1192.14
 1333.02
 1467.89
 1474.71
 1413.49
  863.32
  858.00
 1411.11
 1518.38
 1556.95
 1568.75
 1669.50
  889.04
  838.89
 1436.37
 1282.87
 1298.92
 1319.68
 1304.36
 1176.34
 1189.19
 2079.62
 1577.73
  970.45
 1195.91
 1564.87
 1826.55
 1179.51
  918.54
 1344.57
 1459.62
 1369.01
 1055.03
  766.45
  558.44
 1133.98
 1141.65
 1278.39
 1211.73
 1432.61
 1033.23
  901.78
 1466.93
 1413.72
 1407.12
 1355.07
 1359.32
 1250.56
 1083.23
 1203.24
 1429.07
 1175.63
 1543.64
 1669.65
 1099.51
  435.37
  877.48
  821.30
 1469.76
 1703.37
 1679.90
 1673.75
 1679.67
 1685.08
 1666.22
 1663.73
 1697.82
 1693.46
 1305.18
 1643.20
 1598.00
 1505.97
 1650.87
 1565.81
 1712.57
 1236.51
 1159.46
 1452.17
 1426.23
 1512.01
 1569.23
 1600.27
  641.97
  870.04
 1509.29
 1612.16
 1741.94
 1750.80
 1955.87
 1456.42
  547.59
 1690.18
 1693.57
 1424.11
 1366.77
 1283.57
  678.41
  379.11
 1478.25
 1378.69
 1439.09
  604.45
  531.76
  401.05
  480.34
 2098.65
 2671.92
 2659.32
 2502.27
 2504.29
 2505.70
 2505.56
 2848.34
 3259.16
 3386.81
 3160.64
 2685.37
 2509.24
 2507.68
 2511.59
 2513.23
 2508.76
 2507.12
 2492.00
 2166.10
 1021.19
 1959.53
 1604.74
 1495.36
 1579.12
 1411.48
  523.97
  555.49
 1148.96
 1131.03
  864.37
  629.34
  586.98
  521.74
  520.55
  530.46
 1128.54
  891.39
 1014.56
  971.64
  669.10
  511.71
 2017.09
 1623.01
 1540.66
 1413.61
 2198.32
 2461.22
 2492.82
 2996.40
 3788.68
 4117.98
 4458.60
 4200.69
 3454.06
 3302.93
 3284.16
 2921.70
 2510.66
 2510.51
 2509.69
 2327.05
 1656.28
 2409.54
 2506.41
 2504.40
 1737.01
 1793.05
 1434.11
 1283.57
 1842.01
 1842.61
 1773.34
 1633.40
 1376.91
 1359.21
 1501.16
 1682.96
 1462.90
 1281.45
 2042.47
 3117.68
 4288.36
 4612.33
 4601.86
 4581.33
 4569.74
 4159.15
 3239.11
 2523.85
 2527.17
 2526.80
 2528.69
 2528.69
 2526.94
 1907.25
 1652.40
 2053.68
 2971.51
 4005.64
 4980.00
 5515.30
 5158.85
 4818.00
 4746.02
 4505.69
 4081.65
 3798.00
 3124.99
 2493.89
 1847.79
 1908.78
 1925.91
 1951.14
 1846.97
 1151.90
 1284.17
  555.60
  526.35
  759.49
  795.48
  631.35
  647.97
  435.03
  442.56
  432.40
  515.73
  435.37
  450.24
  414.25
  427.47
  424.75
  424.75
  425.69
  427.58
  428.18
  287.53
  291.78
  287.30
  283.28
  238.46
  232.20
  231.38
  230.67
 1087.96
 1962.47
 1015.27
 1175.63
  645.62
  677.00
  789.45
  657.66
  223.00
  274.08
  785.31
  602.81
  555.94
  453.18
  469.83
  235.14
  233.73
  534.48
  837.13
 1291.96
  867.80
  427.24
  222.66
  223.22
  890.93
 1158.98
  943.32
  782.00
  792.53
 1052.91
 1035.09
 1015.05
  496.14
  519.27
  776.25
  463.80
  256.27
  234.32
  558.66
  416.37
  405.41
  520.44
 1166.54
  433.62
  608.93
 1131.74
  315.25
  303.22
  519.02
 1151.90
  639.25
  318.08
  257.34
  674.05
  789.93
  541.79
  844.21
  323.18
  361.97
  233.02
  235.14
  356.31
  633.59
  734.82
  590.63
  700.13
  640.44
  570.70
  295.80
  671.22
  863.07
  782.96
  734.00
  550.17
 1007.37
 1049.51
 1402.99
 1245.71
  299.93
  275.27
  643.73
  728.22
  726.70
 1020.23
 1201.34
  631.47
  326.01
  897.16
  815.75
  879.35
  500.73
  600.69
  656.36
  954.65
  228.32
  248.37
  337.34
  655.65
  711.94
  796.64
  900.84
  887.85
 1046.79
 1049.73
 1056.70
 1323.70
  407.54
  653.78
 1363.68
 1409.58
 1718.83
 2222.16
 2014.40
  538.02
  521.85
 1156.52
 1341.62
 1312.85
 1001.11
  976.11
  731.88
  834.87
  889.26
  863.66
 1173.14
 1182.23
 1138.45
  486.12
  357.87
 1170.31
 1052.91
 1072.73
 1000.52
  558.78
  783.56
  903.90
  463.09
  841.24
  842.54
  786.73
  715.23
  781.43
  696.00
  826.03
  826.37
  887.85
  852.00
  852.11
  697.19
  720.32
 1501.61
 1638.50
 1558.25
 1520.39
 1327.35
 1139.16
 1037.10
 1467.41
 1373.59
 1392.85
 1404.74
 1365.24
  712.40
  320.57
 1284.06
 1188.83
 1278.02
 2196.79
 3108.00
 3748.10
 3432.00
 3080.99
 2517.96
 2252.83
 2075.62
 2080.10
 1625.27
 1683.10
 1724.98
 1706.46
 1591.89
 1592.82
 1524.52
  870.15
  396.10
 1364.65
 1233.57
 1397.32
 1142.24
 1218.22
 1180.81
  574.12
 1691.70
 1840.48
 1845.44
 1732.17
 1744.54
 1810.64
 1820.55
 1822.56
 2012.62
 2313.15
 2729.15
 2981.42
 3253.49
 3551.64
 3544.45
 3529.10
 3506.70
 3176.22
 2692.71
 2505.56
 2505.81
 1868.91
 2077.04
 2004.83
 1326.05
 1297.14
 1339.05
 1432.72
 1639.77
 1766.74
 1870.10
 1890.04
 1919.88
 1188.97
  878.42
 1825.02
 1940.78
 1772.15
 1598.15
 1699.38
 1774.28
 1806.50
 1923.08
 1965.42
 1874.80
 1899.58
 1969.55
 1720.73
 1767.08
 1953.86
 1971.45
 2058.75
 2040.23
 2040.12
 2051.44
 2047.19
 2039.52
 2045.89
 2042.83
 2048.38
 2055.92
  986.84
  892.80
  946.15
 2008.26
 2161.40
 2232.90
 2380.14
 2461.10
 2896.11
 3896.17
 4516.65
 4448.24
 4258.37
 3732.27
 3421.61
 2965.37
 2465.58
 2465.92
 2342.03
 2220.52
 2287.18
 2480.22
 2476.31
 2628.28
 2758.17
 2760.41
 2767.86
 2955.34
 3856.87
 5230.12
 5507.15
 5733.34
 5618.29
 5578.19
 5082.39
 4814.57
 4748.25
 4264.52
 3152.37
 2818.35
 2832.76
 2986.95
 3126.55
 3121.11
 3588.82
 4293.32
 4456.14
 4086.72
 3301.04
 2982.70
 2975.51
 2750.27
 2468.75
 2465.80
 2232.56
 1709.86
 1144.94
 1101.19
 1850.99
 1973.20
 2039.18
 1430.37
 1692.87
 1701.02
 1826.92
 2082.48
 2013.92
 2740.25
 4045.54
 4381.55
 4610.46
 4518.66
 3945.73
 3401.67
 2966.30
 2479.51
 2490.24
 2490.83
 2481.63
 2474.07
 2469.46
 2033.15
 1918.69
 1862.31
 2072.20
 1824.20
 2081.51
 2034.79
 2003.79
 1801.66
 1761.08
 2093.21
 2507.68
 2500.38
 1920.82
 1824.54
 1511.07
  979.28
 1129.13
  771.04
  870.74
  881.14
  632.17
  862.25
  877.71
  276.68
  268.53
  224.89
  893.17
  867.20
  694.95
  706.28
  387.35
 1325.00
 3515.31
 4577.42
 4560.20
 3576.30
 2602.80
 1474.71
 1464.09
 1650.05
 1081.70
 1564.28
 1222.10
 1262.22
  285.89
  270.20
  817.42
  850.33
 1515.18
 1333.84
 1334.91
  788.62
  494.95
 1249.71
  990.61
 1029.91
 1030.03
  287.64
  274.56
  230.90
 1184.83
  650.24
 1345.87
 1379.26
 1359.10
  880.17
  724.57
  711.35
  792.87
 1684.03
 1718.72
 1563.20
 1431.53
 1161.59
 1209.95
 1494.90
  997.12
 1294.79
 1152.72
  528.22
 1050.67
 1500.91
 1802.85
 1877.41
 1813.69
 1784.44
 1192.14
 1208.90
 1659.96
 1391.77
 1108.01
 1004.20
 1090.91
  651.51
  475.13
 1226.12
 1083.01
  856.58
 1241.81
 1364.28
  265.70
  233.50
 1003.24
  914.29
  513.72
  256.38
  248.85
  338.87
  332.13
 1182.60
  871.56
  863.55
  624.05
  491.18
  311.71
  326.24
  998.06
  872.27
 1286.18
 1166.17
  631.13
  376.98
  405.87
  794.17
 1270.12
 1250.67
 1165.35
  722.19
  516.78
  485.04
  953.09
  953.23
  948.73
 1231.67
 1356.49
  854.12
  512.90
 1316.96
 1366.77
 1364.53
 1550.01
 1756.83
  717.61
  338.27
 1204.66
 2102.89
 1294.08
 1161.59
 1226.60
  621.33
  582.85
 1635.30
 1973.57
 1173.73
 1178.80
 1179.88
  398.79
  346.77
 1340.80
 1358.87
 1457.84
 1363.68
  823.79
  760.31
  867.20
 1150.03
 1190.38
 1303.88
 1780.65
 1704.79
  875.92
 1047.61
 1084.76
 1451.46
 1487.34
 1443.34
 1605.57
  404.34
  401.87
  991.57
 1076.52
 1301.05
 1464.09
 1231.30
  244.83
  240.92
 1312.83
 1702.44
 1761.19
 1696.77
 1777.11
  582.51
  664.51
 1520.13
 1757.54
 1764.62
 1780.65
 1789.51
  539.66
  506.16
 1573.11
 1552.58
 1511.89
 1612.30
 1753.41
  651.77
  570.81
 1366.63
 1409.95
 1313.19
 1624.57
 1522.85
  509.11
  572.85
 1525.46
 1420.68
 1432.49
 1593.42
 1594.46
  269.01
  256.86
 1576.06
 1812.05
 2029.02
 1897.71
 1694.65
 1016.35
 1663.61
 1561.79
 1558.02
 1481.91
 1467.15
 1303.76
 1657.47
 1708.10
 1970.85
 2138.63
 1649.94
 1528.52
 1535.59
 1238.98
 1228.72
 1745.85
 1825.73
 1831.28
 1834.71
 2161.17
 1851.70
 1554.59
 1678.25
 2099.47
 2265.94
 1795.06
 2248.24
 2487.64
 3690.05
 5105.64
 5236.49
 5304.68
 4891.14
 4418.50
 4151.84
 3933.07
 3789.62
 3278.38
 2852.21
 2866.15
 2859.89
 3066.71
 3227.30
 3210.90
 3977.10
 4542.39
 4334.71
 3603.21
 2946.48
 2944.36
 2713.46
 2473.48
 2111.98
 2037.14
 1917.53
 1215.61
 1145.19
 2239.75
 2512.41
 2514.31
 2374.37
 2514.05
 2512.19
 2506.98
 2511.36
 2514.42
 2513.49
 3032.14
 3618.07
 3627.50
 3607.93
 3592.47
 3587.86
 3559.80
 3193.43
 2821.63
 2832.51
 2839.70
 2832.14
 2815.40
 2661.19
 2511.48
 2708.99
 2906.24
 2994.51
 3169.25
 3884.25
 4647.39
 4774.93
 4392.31
 4138.28
 4001.28
 3879.52
 3524.03
 3130.65
 3142.46
 2835.22
 2486.93
 2482.91
 2441.73
 1694.06
 1515.55
 1890.38
 2024.43
 2154.09
 2080.95
 2114.45
 2034.45
 1844.50
 2044.96
 1913.88
 1648.15
 1493.12
 2408.83
 2499.44
 2503.58
 2507.23
 2509.10
 3316.98
 5223.86
 6507.81
 7319.20
 6923.95
 6805.95
 6591.11
 5961.69
 5571.23
 5099.98
 4453.19
 4509.09
 4481.03
 3860.89
 3358.38
 3329.24
 2764.43
 2427.57
 2630.75
 2755.82
 2775.53
 2774.57
 2786.86
 2849.86
 2893.16
 2703.55
 2496.84
 2473.25
 1133.86
 1126.90
 1477.32
 1671.06
 1495.02
 1371.13
 1297.02
  927.60
  711.46
  968.21
  834.87
  766.20
 1099.40
 1311.18
  368.60
  298.63
  445.28
  974.92
  559.03
  354.33
  238.57
  230.56
  247.66
  622.49
  616.00
  605.05
 1131.97
 1478.14
  991.91
 1008.79
 1030.51
 1114.15
 1652.15
 1889.22
 1813.81
 3272.38
 4551.45
 4936.56
 3900.42
 2952.03
 2539.31
 2542.51
 1131.37
  967.95
 1715.66
 1264.83
 1230.25
 1069.67
 1046.79
  408.13
  409.77
 1009.61
  963.71
  765.38
  756.06
  489.54
  275.27
  254.26
  231.60
 1165.46
 2057.93
 1984.90
 1775.47
 1623.63
 3142.24
 3694.30
 3111.91
 2835.93
 2675.46
 2542.03
 1828.67
 1727.44
 2206.25
 3206.66
 3049.50
 2969.25
 2819.31
 2600.08
 3110.01
 3110.72
 3774.30
 5316.97
 5032.02
 3990.33
 2894.46
 3267.99
 3303.64
 2792.98
 2519.49
 2449.07
 2450.82
 1976.52
 2128.83
 2302.87
 2371.76
 2269.37
 2149.48
 2147.24
 2029.72
 1514.61
 1670.35
 1754.71
 1533.84
 1556.72
 1678.59
  638.21
  480.57
 1580.90
 1238.89
 1453.48
 1222.69
 1175.63
  407.76
  356.20
 1277.32
 1223.40
 1394.60
 1219.27
 1023.31
  589.22
  512.31
 1213.60
 1126.16
 1230.59
 1092.61
  950.85
  499.31
  491.86
  948.02
  976.79
  858.71
  930.69
  643.27
  652.00
  605.16
 1381.75
 1321.46
 1291.96
 1306.71
 1404.88
  823.54
  936.81
 1289.83
 1197.21
  863.78
  981.04
  869.44
  402.55
  464.74
 1232.01
 1293.74
 1429.52
 1230.37
 1342.22
  767.25
  434.89
  473.71
 1404.74
  918.77
  906.85
  786.13
  233.84
  234.89
 1025.07
 1203.83
 1116.14
  891.39
  969.97
  522.81
  605.50
 1233.31
 1202.16
 1252.17
 1377.84
 1150.15
 1033.56
  318.68
  641.72
  668.76
  693.17
 1558.36
 2078.12
  896.34
 1078.28
 1486.04
 1197.21
 1362.15
 1013.40
  965.38
  692.72
  701.32
 1508.24
 1517.44
 1235.80
 1127.12
  960.54
  318.93
  371.06
 1084.17
 1039.60
 1103.05
 1059.16
 1140.94
  702.97
  612.83
 1109.91
 1074.99
 1074.14
 1353.55
 1228.36
  649.28
 1044.44
 2323.51
 2513.35
 2509.10
 2506.27
 2508.05
 1864.66
 1026.85
 1816.30
 2246.46
 2472.06
 2503.58
 1552.47
  782.62
  774.13
 1783.37
 1814.63
 1833.74
 1826.44
 1822.19
  505.23
  475.50
 1362.75
 1477.54
 1306.60
 1065.79
 1112.51
  540.37
  548.64
 1515.66
 1389.54
 1353.06
  704.04
  991.32
  995.00
  727.40
  855.76
  828.86
 1101.30
  988.26
 1210.88
  757.48
  638.66
 1288.64
 1408.06
 1167.25
 1146.01
 1123.24
  742.01
  766.79
  935.99
 1061.03
 1025.07
  981.63
  984.49
  406.83
  357.50
  676.89
 1134.32
  828.75
 1479.78
 1285.24
 1469.05
 1215.61
 1738.06
 2306.27
 1847.90
 1063.52
  666.86
  451.06
  371.18
 1480.49
 2097.34
 2362.56
 4353.49
 5385.98
 5659.60
 5800.37
 5726.86
 5180.57
 4465.79
 3463.97
 2940.00
 2947.30
 2949.57
 2951.10
 2967.83
 3155.09
 3316.38
 2729.60
 1833.52
 1794.47
 2178.05
 2473.36
 1987.13
 2265.57
 2469.34
 2470.76
 2473.36
 2476.79
 2890.44
 3877.06
 4548.28
 4612.33
 4574.70
 4526.67
 4458.37
 4379.80
 3855.82
 3369.70
 3040.52
 2696.59
 2686.79
 2685.37
 2841.60
 3019.06
 3017.98
 3013.14
 3010.68
 2998.27
 2639.02
 2488.71
 2489.76
 2490.24
 2496.61
 2496.61
 2062.17
 2036.92
 2294.03
 2384.02
 2333.19
 2394.05
 2487.15
 2777.29
 3093.50
 3090.90
 3094.69
 3091.15
 3073.31
 3070.96
 3066.12
 2788.39
 2493.07
 1586.11
 1506.12
 2065.23
 2489.87
 2497.55
 2502.39
 2506.98
 2511.93
 2519.97
 2493.19
 1738.88
 1336.92
 1409.13
 1989.26
 1355.90
 1557.20
 1212.78
  536.38
  835.09
 1145.64
 1364.65
 1522.26
 1433.31
  922.65
 1168.66
 1023.17
 1268.00
 1166.77
 1465.17
 1688.39
 2669.68
 3964.59
 5886.36
 6478.30
 6234.55
 6280.45
 6580.01
 5873.14
 4483.15
 4154.68
 3893.09
 3684.39
 3702.54
 3309.16
 2880.76
 2889.73
 2879.71
 2689.76
 2488.94
 1842.01
 2403.99
 3413.11
 3389.19
 3524.74
 3134.08
 2472.29
 1882.59
 2009.90
 2111.25
 1462.68
 1334.09
 1652.06
 1478.85
 1478.25
 1637.08
 1471.88
  639.03
  542.83
  521.14
 1255.48
 1246.42
 1584.10
 1443.56
  606.09
  619.80
 1201.12
 1122.17
 1280.86
 1534.29
 1642.97
 2432.90
 2363.75
 1899.13
 1793.87
 1996.20
 2027.83
 2342.14
 2406.45
 2488.23
 2517.48
 2470.31
 1282.05
 1116.25
 1397.92
 1123.36
 1245.01
 1271.79
 1283.35
 1592.34
 1669.50
 1395.31
  561.98
  366.82
 1176.08
  778.12
  894.93
  959.46
  502.40
  317.86
  290.59
  826.97
  860.58
 1095.64
  691.16
  420.39
  514.77
  268.53
  976.68
 1455.60
 1868.43
 1443.11
  871.68
  381.34
  754.53
  957.82
 1012.21
  958.64
  981.18
 1008.56
  689.63
  658.00
 1355.19
 1429.18
 1560.14
 1687.80
 1389.42
  568.12
  629.23
 1426.83
 1049.73
 1045.37
  882.66
  951.11
  995.34
  785.45
 1047.13
 1001.48
 1237.19
  987.07
  659.90
  688.21
  759.37
 1659.03
 1991.50
 1466.59
 1221.28
  885.72
  603.86
  728.82
 1398.14
 1363.12
 1420.91
 1100.48
  923.13
  731.40
  457.06
 1197.46
 1090.20
  974.21
  715.93
  408.95
  584.52
  408.36
  403.18
 1005.02
  825.44
  692.23
  757.70
  439.99
  481.39
  863.66
  981.07
  988.03
  788.99
  770.44
  838.41
  896.11
 1104.02
 1230.14
  722.19
  315.48
  820.37
  699.09
  869.21
  741.56
  924.06
  872.53
 1036.99
 1037.93
  444.23
  656.13
 1667.75
  800.18
  796.30
  785.08
  701.92
  279.63
  270.54
  801.85
  685.49
  648.12
  660.72
  856.10
  416.37
  444.80
  838.29
  851.74
  726.10
 1126.08
  715.37
  325.87
  377.55
  642.31
  574.24
  631.58
  603.04
  455.31
  429.71
  420.28
  804.57
  894.22
  892.21
 1079.35
  781.77
  671.48
  475.84
  748.75
  691.53
  647.75
  754.87
  541.67
  883.15
  537.54
 1055.40
  890.79
  883.00
  797.60
  812.81
  363.28
  382.76
  938.22
  635.60
  622.49
  604.93
  492.60
  484.81
  494.36
  592.42
  566.93
  491.41
  497.56
  452.47
  461.56
  348.41
  445.40
  898.83
  975.29
 1555.19
 1141.88
  738.96
 2162.59
 2477.13
 2475.12
 2371.05
 2107.48
 1438.50
 1200.75
 1134.46
 1449.34
 1764.73
  893.76
  829.91
  998.28
 1594.61
 1587.87
 1741.15
 2173.32
 2419.90
 2440.32
 2475.37
 2475.97
 1538.43
 1980.99
 1953.38
 1059.16
 1148.25
 1021.90
 1838.84
 2004.49
 2332.12
 2352.20
 2354.55
 2354.32
 2857.88
 3513.64
 3481.92
 3472.13
 3467.28
 3581.15
 3743.49
 3793.64
 5303.26
 6309.36
 6120.80
 5917.40
 5761.52
 5328.18
 4480.21
 3721.54
 3265.53
 3271.67
 3274.62
 2768.79
 2359.61
 2419.08
 2633.35
 2867.90
 2640.77
 2420.50
 1937.24
 1768.27
 1716.71
 1986.54
 2293.18
 1897.82
 1238.52
 1036.88
 1290.20
 1652.77
 1131.26
 1332.79
 1912.80
 1781.72
 1615.22
 1477.91
  779.79
  592.05
  588.76
 1732.99
 2144.77
 2236.80
 2404.64
 2497.91
 2495.82
 2495.03
 2553.16
 2718.02
 2630.35
 2488.91
 2482.51
 2688.06
 3464.62
 3829.71
 3214.50
 2529.54
 2528.92
 2519.26
 1931.04
 1665.34
 1503.60
 1598.20
 1855.23
 1910.06
 1693.04
  637.04
  571.69
  512.08
  505.99
  467.43
  426.96
  397.80
  445.76
  390.04
  619.09
  576.90
  775.74
  639.25
  546.01
  408.05
  408.78
  410.00
  403.85
  334.14
  267.34
  512.14
  317.38
  279.54
  516.24
  331.76
  348.44
  407.11
  419.85
  231.75
  236.36
  226.39
  425.04
  494.64
  322.33
  289.31
  331.05
  415.27
 1187.27
 1069.90
 1143.46
 2585.33
 4226.74
 4641.33
 4152.64
 2921.65
 2285.85
 2078.77
 1192.90
 1053.10
  404.17
  270.48
  965.75
  966.71
  588.42
  626.99
  696.79
  601.76
  620.45
  542.89
  375.31
  416.97
  362.60
  456.75
  291.69
  295.80
  186.58
  418.92
  398.62
  510.98
  929.19
  347.53
  319.36
 1044.16
  857.38
  858.28
  680.14
  469.13
  254.14
  206.66
  779.28
  224.30
  568.86
  543.77
  419.37
  438.83
  465.05
  439.99
  499.54
  499.51
  446.25
  453.64
  616.29
  611.67
 1120.89
 1910.23
 2203.22
 2231.91
 2015.42
 1536.98
 1131.97
  804.28
 1287.43
 1053.27
 1236.65
 1206.47
  637.36
  864.29
 2122.35
 2157.09
 1877.72
 2040.88
 2178.56
 1819.84
 1029.15
 2122.97
 1537.01
 1260.86
 1422.55
 1474.80
  578.63
 1492.33
 1551.90
 1387.38
 1305.52
 1294.39
 1115.91
 1126.70
 1002.02
  896.31
 1104.50
  915.09
 1166.60
 1204.54
  963.45
 1063.98
  981.60
 1085.44
 1014.54
 1260.21
 1012.55
  399.30
  306.93
  529.10
  825.01
  844.52
  837.02
  743.88
  515.54
  604.11
  675.07
  821.75
  908.91
  628.18
  738.79
  539.27
  524.46
 1007.20
 1055.54
 1057.58
  881.19
  793.24
  312.31
  454.51
  310.13
 1132.67
 1105.23
  813.83
  314.66
  264.00
  297.55
  716.08
  613.63
  350.05
  845.37
  208.41
  206.68
  255.70
  613.46
  564.38
  405.98
  975.29
  751.78
  315.48
  213.14
  915.20
  919.73
 1053.19
  635.20
  752.29
  368.97
  410.79
  870.57
  551.30
  230.10
  475.67
  418.78
  760.31
  572.68
  965.97
 1073.86
 1159.55
  690.17
  587.01
  229.17
  223.67
  516.36
  476.01
  493.34
  704.13
  864.97
  501.09
  286.71
  693.34
  781.77
  794.91
  844.75
  886.03
  340.85
  297.67
  728.22
 1312.03
 2199.45
 1306.68
  698.97
  548.53
  289.71
  931.85
  822.66
  796.33
  510.67
  486.06
  436.82
  422.18
 1054.63
 1073.24
 1162.92
 1049.51
  605.64
  470.51
  331.62
 1019.83
  804.17
  717.46
  354.05
  334.51
  414.02
  414.98
 1111.69
 1224.99
 1083.15
 1173.70
  613.40
  348.67
  385.87
  439.87
 1321.83
 1472.56
  486.79
  662.95
  502.62
  335.33
 1089.72
 1168.04
 1249.03
 1385.23
 1243.08
  535.27
  362.74
  929.59
 1171.67
 1038.07
  903.08
  692.69
  486.60
  399.35
  480.45
  593.18
  370.02
  360.22
  378.77
  361.15
  388.90
  390.09
  384.97
  408.78
  693.25
  707.24
  469.13
  455.45
 1190.98
 1768.73
 1174.13
  985.26
 1305.18
 1093.51
  832.03
  750.48
  696.88
 1116.93
 1587.78
 1681.40
  838.38
  265.98
  880.06
 1265.39
 1656.54
 1626.86
 1464.80
  504.63
  354.27
  519.87
  758.83
  872.33
  843.98
  977.58
  302.74
  235.28
  533.72
  534.99
  536.09
  252.70
  245.05
  278.27
  248.99
  640.13
 1339.90
 1577.53
 1457.33
 1755.87
 1533.27
  758.18
 1588.07
 1151.79
  869.70
 1162.18
 1227.22
  998.65
  375.71
  954.59
 1011.85
 1008.19
 1123.81
 1158.27
 1150.34
  278.04
  822.83
  549.86
  719.87
  486.14
  385.31
  386.02
  500.39
 1163.68
 1365.41
 1343.52
 1357.74
 1109.34
  969.97
  607.51
 1668.20
 1557.14
 1883.64
 2070.73
 2074.69
 1573.96
 1532.76
 1794.07
 1889.95
 1920.45
  395.95
  499.00
  235.60
 1168.49
 3400.34
 6314.23
 6272.61
 5962.73
 4840.57
 3211.53
 2746.54
 2709.07
 2691.77
 2579.75
 2251.16
 2134.27
 1819.30
 1643.42
 1860.11
 1565.47
 1284.62
 1508.72
  607.57
  497.56
  470.23
 1596.56
 1905.78
 1912.15
 1551.51
 1295.98
  358.29
  326.32
  966.00
  943.43
  821.92
  824.42
  955.30
  239.39
  105.14
  850.72
  872.36
  723.58
  564.78
  709.45
  368.43
  250.26
  249.90
  245.85
  236.70
  239.16
  240.58
  233.81
  245.54
  258.73
  254.06
  383.67
  474.28
  542.86
  405.21
  251.23
  391.85
    0.99
  809.95
 1159.66
  402.67
    0.00
   46.89
  513.30
  312.56
  330.63
  558.61
  737.71
  224.04
  215.35
  323.63
  738.02
  451.97
  615.13
  473.26
  434.04
  434.58
  468.02
  447.12
  982.82
 1116.31
  242.93
  363.28
  208.84
  219.20
  846.19
  593.58
  487.02
  246.78
  228.69
  220.28
  220.05
  249.61
 1120.78
  974.38
  207.62
  218.86
  215.12
  225.69
 1153.29
 1145.61
  838.94
  561.98
  222.57
  218.32
  545.41
  752.07
  664.40
  926.50
  222.03
  230.81
  232.79
  217.16
  262.19
  892.01
 1140.63
  888.16
  249.41
  247.18
  901.55
 1247.13
 1182.99
 1248.23
  695.49
  527.40
  211.47
 1363.34
 1333.50
 1262.87
 1164.64
  654.57
  765.21
  345.44
 1177.98
 1401.43
  915.34
 1193.53
 1231.07
  385.62
  235.14
 1074.03
  639.45
 1205.96
 1072.50
 1624.91
  368.77
  236.90
 1312.80
 1192.34
  979.11
  734.85
  769.74
  522.25
  569.62
  289.82
  687.79
  227.78
  210.14
  238.88
  234.10
  354.16
 1057.44
 1645.66
 1572.77
 1229.04
  620.03
  228.35
    0.00
  590.24
  879.07
  695.41
  757.36
  255.47
  412.18
  221.81
  257.99
  641.01
  250.72
  294.24
  629.29
  366.22
  407.76
 1016.52
 1440.08
 1628.95
 1327.44
  623.03
  211.53
  238.46
 1159.91
 1295.52
  432.79
  431.44
  837.53
  290.13
  333.54
 1331.46
 1311.30
 1053.61
  655.56
  774.64
  244.80
  254.17
 1397.18
 1739.73
 1736.28
 1746.78
  728.51
  318.39
  317.60
  918.57
 1046.68
 1004.48
  643.59
  660.66
  335.27
  341.67
  762.46
  597.32
  790.86
  850.81
 1843.62
  716.42
  524.68
 1594.18
 1840.82
 1597.16
 1349.75
 1202.31
 1081.96
  586.22
 1653.17
 1417.88
 1436.83
  339.63
  345.72
  734.31
  303.05
  557.08
  507.30
  937.06
 1366.23
 1432.15
  294.33
  274.31
  858.48
  793.30
  495.77
  404.25
  309.22
  290.81
  323.44
  379.98
  720.66
  348.18
  311.94
  290.93
  275.69
  401.42
 2013.98
 2393.79
 2398.38
 2195.77
 2371.20
 1443.76
  534.51
  645.60
 1786.11
 1756.66
 1839.52
 1330.86
  321.45
  271.19
  247.04
  715.82
  828.52
  321.96
  298.57
  256.78
  259.33
  251.17
  250.32
  575.51
  438.26
  250.46
  252.22
  273.65
  265.58
  268.93
  268.39
  646.93
 1786.42
 3028.43
 3487.36
 3582.59
 3576.56
 3522.30
 3016.54
 2415.46
 2392.09
 2191.41
 1573.88
 1955.16
 1478.76
 1461.35
 1874.55
 1374.24
  315.28
 1268.54
 1579.20
 1094.39
  472.83
  727.32
  405.38
  535.87
 1737.41
  854.35
  807.45
 1167.02
 1796.25
 3410.08
 4717.30
 4747.29
 4770.79
 4752.98
 4550.23
 4212.10
 3964.44
 3925.65
 3918.09
 3872.30
 3787.94
 3094.66
 2219.11
 2238.53
 1173.11
 2063.19
 1797.67
 1752.98
 1235.66
  575.96
  451.17
  453.83
  530.06
  733.41
 1672.11
 1856.17
 1903.43
  901.10
 1616.07
 1839.15
 1876.05
 2321.25
 2328.72
 2302.19
 2040.17
 1862.80
 2024.09
 2180.31
 2272.68
 1243.19
 1659.76
  577.95
  551.58
 1069.95
  203.17
  326.66
  577.72
 1120.38
  459.13
  439.96
  863.58
  872.19
  543.49
  384.09
  801.11
  982.34
 1185.20
 1674.29
 1745.42
 1760.66
 1764.31
 1756.32
  223.59
  236.36
 1064.49
  614.11
  237.86
  229.00
  219.31
  219.88
  262.61
  731.71
 1163.06
 1011.59
  628.32
  520.89
  261.39
  255.05
  262.41
  246.27
  261.85
  299.14
  466.72
  263.52
  239.53
  740.00
  631.89
  960.00
  778.29
  684.56
  262.92
  254.37
  266.91
  259.61
  249.81
  268.13
  246.64
  249.47
  260.83
  257.57
  730.09
 1410.69
 1288.19
  965.86
  951.70
 1007.49
 1478.93
  819.72
  809.32
 1158.27
 2176.38
 1308.78
 1590.87
 2116.40
 2183.54
 1432.52
 1184.81
  727.74
  444.74
  593.15
  819.86
  631.75
  520.07
  661.17
  449.70
  317.09
  291.81
  801.62
  514.12
  488.04
  425.38
  357.27
  730.15
  823.48
 1353.12
  894.05
  371.04
  430.05
 1274.03
 1351.99
 1311.18
 1976.57
  577.30
  596.27
  806.29
  477.96
  504.86
  315.73
  919.96
  510.04
  538.42
  339.01
  302.51
  476.80
  309.19
  710.53
  430.87
  431.41
  499.23
  265.84
  532.10
  592.33
 1454.24
 1238.38
 1445.29
 1543.61
 1345.67
  724.57
  784.66
 1159.94
 1232.46
 1171.95
 1299.63
 1709.32
  845.60
 1733.59
 1937.55
 1786.45
 2043.23
 2209.88
 2274.52
 1349.30
  946.07
 1016.55
 1133.16
 1714.22
 1274.57
 1397.12
 1192.17
  755.10
 1229.80
 1272.79
 1303.91
 1191.23
 1244.07
  487.98
  506.14
 1126.44
 1807.44
 2090.89
 2267.87
 1924.92
 1331.09
 1011.85
 1155.55
 1155.19
 1004.14
 1362.86
  865.82
  411.73
  409.94
  805.53
 1094.13
 1105.46
 1082.55
 1181.32
  590.69
  544.53
 1139.67
 1685.08
  375.03
 1432.18
 1060.10
  262.38
  346.99
  936.04
 1022.29
 1071.85
  998.25
  942.27
  922.31
  367.86
  989.39
  990.16
  778.20
  765.04
  278.18
  557.36
  754.59
 1598.91
 1232.46
 1123.70
 1091.02
 1099.09
 1006.52
 1196.92
 1140.35
 1081.02
 1091.53
  845.71
  967.70
 1120.53
 1009.67
 1227.28
  943.38
 1025.92
 1022.63
 1085.21
 1264.29
 1247.53
 1021.50
 1098.16
 1106.08
 1023.74
  966.09
  912.65
  971.49
 1075.73
  858.54
 1352.13
 1004.29
  882.49
  268.50
  301.46
  787.55
 1195.74
 1577.14
  574.27
  270.00
  275.83
  268.95
  828.01
  928.62
 1149.75
 1588.35
 2907.21
 1979.74
 1208.48
 1328.40
 1451.21
 1131.85
 1111.58
 1121.46
 1224.82
 1784.27
 1790.08
 1416.95
 1471.12
 2190.05
 3441.43
 4518.89
 4845.35
 3834.84
 2976.44
 2784.82
 3099.56
 2815.12
 2464.59
 1720.22
 1660.30
 1882.33
 2341.97
 2199.68
 1694.48
 1383.73
 1414.62
 1900.09
  369.39
 1264.40
 1354.25
 1648.38
  852.62
  295.91
 1131.12
 1206.21
  384.09
  444.91
  317.66
  307.75
  311.49
  711.21
 1037.30
  894.93
  811.84
  355.94
  552.18
 1688.39
 2180.85
 3067.11
 4654.38
 7320.05
 8408.60
 8327.08
 8359.81
 8205.06
 7829.10
 7323.30
 6216.17
 3207.62
 2355.82
 2530.90
 2549.79
 2553.64
 2558.88
 2559.87
 2562.48
 1516.96
 1389.42
 1261.09
 1789.34
 1560.82
 1954.49
 1426.57
  619.91
  954.28
 1554.26
 1324.63
  311.26
  664.03
  300.22
  435.17
  419.88
  424.84
 1090.23
 1633.46
 1173.59
  860.95
  396.21
 1034.50
 1264.55
 1221.05
 1069.58
  286.40
  312.93
  379.76
  354.05
 1345.08
  487.30
  894.76
  287.64
  322.78
  323.83
 1109.88
 3159.82
 4635.24
 4987.73
 5032.78
 5025.82
 4687.57
 4436.00
 3999.64
 2799.97
 1949.98
  745.53
 1102.94
  780.02
 2876.51
 4634.05
 4658.46
 4195.71
 3278.52
 2485.62
 1324.58
 1504.28
 1507.99
 1230.88
 1232.21
 1027.76
  255.90
  222.54
  283.59
  425.06
  822.12
  953.17
  990.21
  982.93
  572.06
  474.99
 1025.69
  265.44
  430.87
  399.07
  263.74
  248.85
  267.42
  990.04
  196.60
  377.83
  543.46
 1251.75
 3735.13
 3999.30
 4005.16
 3424.02
 3058.79
 2618.80
 2056.48
  710.67
  967.42
 1539.42
 1016.21
 1365.98
 1581.10
 1547.83
  857.92
  220.73
  504.58
 1070.63
  628.21
  327.63
  410.40
  366.42
  301.89
  238.00
  579.56
  810.99
  586.50
  743.71
  164.04
  229.11
 1080.23
 1205.42
 1282.78
  700.62
    0.00
   61.65
    0.00
  927.32
  505.40
  861.57
  817.99
  791.14
    0.00
  196.72
  204.08
  333.66
  594.85
  830.08
  401.48
  204.96
   74.11
  308.63
 1034.05
  887.85
  765.09
  202.38
    0.28
  131.56
  358.83
  695.97
  813.32
  150.50
  304.32
  215.86
  103.41
  479.15
 1061.68
  783.24
  567.67
  381.26
  140.22
  379.98
  917.38
  883.15
  557.64
 1075.22
  204.82
  341.50
  205.61
  909.99
  574.07
  964.42
  795.00
  908.43
  419.57
  389.27
  890.59
 1147.06
  682.24
 1068.00
 1092.75
  756.17
  648.34
  930.92
  460.88
  715.40
  422.09
  426.96
  430.53
  429.54
  910.27
  906.48
  528.82
  525.76
  680.57
  416.20
  692.26
 1251.72
 1434.87
  938.39
 1024.48
 1061.88
  436.28
  455.22
  739.30
  888.67
  531.17
  982.96
  793.52
  442.93
  347.73
  451.29
  580.44
  987.86
  427.75
  428.24
  411.16
  423.65
  767.75
 1371.10
 1173.37
  410.82
  383.07
  514.35
  509.14
  426.62
  432.48
  641.89
 1297.48
 1013.66
 1225.41
  416.20
 1516.74
  737.60
 2046.09
 2671.52
 2632.31
 1548.90
  500.98
  975.60
  856.44
  581.74
 1051.77
 1001.96
  872.24
  489.82
  878.45
  822.83
 1029.80
 1497.99
 1438.13
  518.20
  442.90
  272.18
 1317.47
  616.80
  902.34
  523.92
  210.99
  449.73
 1273.69
 1308.15
 1531.21
 1414.62
 1002.02
  373.81
  308.43
  452.47
 1507.79
 1616.55
 1606.22
 1375.69
  661.48
  385.87
 1560.14
 1718.97
 1725.06
 1511.75
 1878.40
 1693.97
 1902.21
 1975.21
 2576.24
 3514.63
 3484.10
 3121.37
 2648.25
 2628.91
 2624.41
 2598.89
 2215.17
 2013.95
 2007.98
 1985.12
 1968.33
 1980.31
 1984.05
 1994.95
 1320.39
 1101.70
 1313.28
 1103.48
 1619.02
 1862.03
 2014.72
 1983.31
 2029.50
 2052.66
 2048.41
 2085.11
 2119.54
 2518.27
 3224.30
 3480.45
 3412.63
 3464.11
 3589.98
 3788.77
 3711.86
 3846.11
 3335.53
 2920.60
 2909.02
 2548.29
 2724.68
 3046.95
 3582.34
 4397.86
 4512.35
 4204.54
 3897.11
 3252.25
 2123.93
 2021.60
 2094.63
 2115.38
 1441.19
 1775.61
 2019.39
 2025.82
  904.98
  838.32
 1051.04
 1014.22
 1658.55
 1858.04
 1734.01
 1554.93
 1144.48
 1280.63
 1094.16
  864.77
 1017.99
  961.81
 1922.63
 2397.87
 1381.44
  329.55
 1413.72
  980.44
  881.98
 1364.65
 1473.35
  555.32
  658.23
  916.13
 1550.09
 2048.21
 2074.55
 1745.20
 1714.87
 1149.35
 1925.69
 2086.64
 2132.20
 2129.80
 2812.68
 4229.23
 5667.39
 6671.82
 7020.62
 7613.72
 7616.58
 7002.67
 6772.97
 6823.68
 6855.51
 6780.58
 6451.40
 6308.17
 5912.42
 5408.26
 5316.69
 5267.95
 5185.04
 4714.42
 3988.14
 3360.22
 2338.74
 2657.25
 2781.59
 2794.56
 2753.76
 2358.28
 2070.19
 2060.70
 1789.91
 1411.68
 1748.34
 1939.48
 1689.33
 1093.79
  250.35
  462.47
 1523.05
 1260.47
 1338.85
 1529.08
 1112.68
  242.99
  213.54
 1478.85
  537.28
  278.86
  344.16
  381.20
  378.00
  376.30
  584.01
  641.49
 1106.20
 1266.64
 1530.38
 1964.34
 1957.32
 1871.01
 1816.07
 1804.77
 1795.37
 1791.35
 1780.05
 1756.69
 1938.68
 1717.87
 1232.66
 1923.68
 1657.55
  927.43
  987.21
 1378.38
 1591.01
 1578.35
 1498.22
 1444.02
  869.47
  586.64
 1310.76
 4540.46
10424.99
 9561.04
10012.67
10181.52
10109.14
 9519.87
 8336.93
 6297.02
 4299.55
 3011.21
 2910.49
 3019.62
 4037.50
 4937.16
 4875.62
 4027.45
 3330.06
 2967.80
 2976.61
 2970.49
 2407.55
 2149.98
 1592.77
 1440.65
 1287.68
 1273.49
 1252.09
 1692.98
 1515.21
 1270.86
 1267.58
 1895.95
 1230.68
 1234.59
 1423.60
 1226.54
 1310.31
 1772.75
 1049.96
 1203.92
 1411.96
 1356.18
 1977.68
 2144.52
 2143.44
 1911.42
 1647.87
 1863.33
 1798.06
 1833.49
 1923.59
 1455.88
 1265.39
  717.52
 1538.51
 2396.62
 2033.40
 2086.22
 2181.98
 2236.15
 2097.94
 1665.06
 1726.19
 1709.74
 1832.04
 2085.76
 2074.24
 2050.11
 1826.30
 1753.12
 1764.65
 1941.20
 1931.01
 1304.08
  902.03
 1926.17
 1095.92
  919.16
 1598.54
 1358.08
 1334.66
 1553.55
 1597.64
 1274.31
 1207.49
  829.97
 1311.30
 1429.72
 1447.64
 1391.18
 2143.08
 2093.35
 1790.59
 2153.24
 1933.53
  876.86
 1519.48
 1536.53
 1536.47
 1295.95
 1768.42
 1363.37
 1407.43
 1692.10
 1539.05
 1692.10
 1610.24
 1295.78
  832.40
  863.81
 1820.77
 1783.82
 1718.32
 1639.55
 1295.27
  921.40
  911.80
 1055.68
 1712.94
 1856.40
 1355.95
 1390.70
  845.54
 1093.99
 1352.50
 1413.72
 1479.70
 1397.18
 1070.55
  421.38
  370.16
 1294.45
 1420.85
 1243.62
 1319.37
 1553.35
  224.72
  343.48
 1364.99
 1860.59
 2045.24
 2133.42
 2148.99
 1886.64
 1798.66
 1193.56
 1638.13
 1324.38
 1210.29
 1259.93
  471.99
  381.26
 1423.60
 1525.91
 1776.83
 1588.74
 1170.99
  763.96
  269.58
 1320.64
 1469.50
 1329.33
 1592.34
 1235.52
  383.35
  864.09
 1405.00
 1658.94
 1558.30
  826.91
  621.07
  903.17
  818.19
 1027.65
  762.29
 1402.62
 1214.51
 1055.62
  759.74
  424.72
 1150.00
 1120.87
 1355.22
 1275.08
 1357.99
 1523.11
  674.08
 1033.71
 1522.26
 1169.51
 1498.56
 1421.59
  724.29
  586.19
 1482.61
 1946.81
 2009.82
 1984.19
 1827.12
 1488.25
 1354.06
 2027.20
 2133.22
 1762.55
 2247.11
 2359.61
 1799.14
 2068.91
 2360.80
 2107.91
 2185.38
 2359.53
 2338.69
 2346.39
 2333.00
 2049.43
 1996.37
 2819.65
 2791.02
 2775.93
 2741.92
 2688.94
 2354.72
 2083.89
 2099.69
 2262.60
 2310.99
 2313.91
 2311.70
 2279.82
 2254.02
 2233.58
 1345.53
 1522.63
 1312.03
 1513.17
 1947.09
 1417.57
 1955.31
 1742.87
 1910.91
 1193.22
 1360.99
 1868.66
 2115.01
 2171.11
 2157.18
 2361.20
 2358.20
 2343.39
 1771.59
 1049.93
 1875.31
 1806.70
 2050.00
 1488.36
 1424.31
 1976.49
 2231.82
 2126.23
 2213.58
 1969.55
 1655.71
  326.24
 1372.18
 2264.92
 2208.09
 2242.98
 2139.05
 2283.50
 1588.58
 1570.96
 1593.53
 2084.32
 2701.71
 5011.43
 5998.58
 6912.51
 7170.02
 5946.54
 4960.01
 4698.27
 3834.44
 3079.40
 3071.98
 3078.75
 2850.35
 3067.22
 3055.78
 2681.52
 2421.01
 2438.56
 2404.50
 2362.56
 1889.78
 1693.15
 2152.76
 1488.02
 1218.90
 1585.32
  270.20
 1847.70
 2094.46
 2304.68
 2978.42
 4185.40
 4385.88
 4413.69
 4458.63
 4275.65
 3550.93
 3296.85
 3155.83
 2753.16
 2397.79
 2394.81
 1893.04
 1617.88
  853.38
  251.94
 1493.80
 1735.45
 1637.93
  492.43
  480.40
  302.23
  239.87
  243.67
  257.77
 1225.98
 1114.49
  243.69
  237.86
  234.58
  254.63
  244.86
  249.24
  260.91
  222.40
  229.85
  233.27
  258.36
  237.75
  372.56
  465.25
  416.06
  234.29
  241.77
  675.50
  833.42
  657.72
  704.24
  714.94
  218.04
  236.76
  436.22
  482.04
  613.85
  458.85
  401.59
  230.64
  263.40
  282.77
  555.21
  509.53
  588.54
  789.96
  412.12
  536.55
  425.49
  408.36
  471.25
  692.60
  579.79
  511.46
    0.00
  608.53
  730.55
  373.81
 1066.13
  329.89
  142.94
  210.39
  281.30
  581.49
  416.94
  402.81
  175.05
  233.39
  221.07
  371.63
 1289.32
 1070.49
 1102.69
  348.84
  207.90
  387.97
 1394.58
 1398.80
 1221.79
  740.57
  960.73
  573.87
  615.86
  522.84
  614.90
 1297.08
 1198.82
  874.37
  432.14
  233.95
 1279.78
 1056.30
 1016.07
 1295.41
 1995.52
 3492.49
 3189.78
 2965.20
 2950.36
 2552.31
 2484.24
 2470.98
 2192.40
 2181.78
 2277.52
 2044.33
 1582.54
 1616.47
 1421.68
  848.09
  805.53
 1006.38
 1451.80
 1385.63
  937.37
  500.30
  701.27
  541.28
 1358.64
 1119.25
 1277.29
 1116.45
 1411.62
  245.25
  379.08
  251.14
  561.04
 1502.69
 1386.70
  326.83
  496.39
 1188.32
 1688.08
 1639.94
 1461.66
 1442.38
  896.99
  354.95
  817.42
  960.03
 1380.25
 1407.80
  253.12
  269.43
   60.77
  153.39
  868.42
 1233.45
 1068.62
 1067.77
 1450.93
  252.42
  418.35
 1333.07
 1747.23
  957.17
 1231.87
 1847.31
 1477.91
 1400.78
  741.84
 1435.61
  935.31
 1338.82
 1108.24
 1554.71
 1373.48
 1320.92
 1543.61
 1349.35
  666.69
  986.50
 1016.01
  687.99
 1442.86
 2336.25
 3102.85
 3293.79
 3914.66
 4810.04
 5004.24
 4939.62
 4721.27
 4387.50
 3724.46
 2737.64
 1830.74
 1817.94
 1812.50
 1841.93
 1831.34
 1848.07
 1879.70
 1208.79
 1360.45
 1637.51
 1444.70
 1568.58
 1432.15
 1393.87
  942.50
 1083.74
 1437.14
 1758.05
 1533.64
 1523.96
 2012.25
 1449.60
  275.01
 1739.67
 1649.34
 2253.88
 2625.48
 2476.22
 2307.20
 2296.84
 2083.70
 1850.08
 1874.83
 1920.82
 1994.10
 2019.73
 2124.53
 1846.74
 1848.86
 1881.60
 1922.15
 2124.61
 2298.14
 2124.56
 2076.19
 2049.18
 2009.28
 1920.11
 1897.74
 2041.98
 2039.41
 2101.48
 2253.96
 2072.71
 2205.51
 2230.32
 2213.90
 2203.73
 2192.74
 2210.16
 2682.82
 3490.87
 3945.67
 4302.04
 4058.09
 3999.67
 3840.78
 4556.69
 5589.69
 5609.43
 5578.62
 5346.90
 5733.17
 8705.02
10330.33
10742.53
11224.12
10469.64
 9746.57
 8554.18
 7536.70
 6748.41
 5884.58
 4408.99
 3781.38
 3600.43
 3839.91
 3269.41
 3313.89
 3338.41
 3080.56
 3047.37
 2944.41
 2918.42
 2655.72
 2309.21
 2173.60
 1923.20
 1628.84
 1933.59
 2306.10
 2284.04
 2280.87
 1682.81
 1766.74
 1875.31
 2259.49
 2353.70
 2357.75
 2364.97
 2114.96
 2650.03
 2878.89
 2929.01
 2919.75
 2909.73
 2887.75
 2627.97
 2353.50
 2219.13
 2324.84
 1975.61
 2041.16
 1460.78
 1725.32
 1496.29
 1774.25
 1293.20
 1470.38
 1516.28
 1703.99
 1999.57
 1399.33
 1085.58
 1541.09
 1535.31
 1531.04
 1647.39
 1583.11
 1458.71
 1338.76
  960.22
 1350.57
 1302.63
 1422.72
 1803.90
 2008.60
 1723.70
 1747.01
 2184.90
 2901.83
 3587.01
 3820.76
 3950.51
 3804.00
 3635.91
 3530.20
 3416.63
 3334.68
 3012.37
 2474.33
 2301.23
 1578.21
 1704.65
 1803.27
 2057.81
 1937.72
 2117.14
 1421.96
 1221.65
 1595.77
 1496.40
 1927.05
 1741.71
 1092.32
  770.27
  986.39
  939.75
  779.42
  584.23
  569.62
  535.02
  361.29
  270.68
  668.05
 1574.78
 1587.53
 1477.97
 1476.84
 1304.47
 1524.69
 1766.09
 1776.40
 1821.06
 2477.98
 3610.06
 3811.82
 3840.16
 3520.18
 2610.64
 1925.06
 1912.27
 1700.71
 1245.46
  708.52
  946.49
 1160.91
  931.71
  860.44
  969.20
  391.57
  277.84
  708.69
  641.15
 1022.61
  759.74
  761.30
 1511.36
  302.79
 1171.78
  848.83
  793.98
  751.33
  723.18
  240.58
  212.60
  939.13
  835.83
  208.10
  907.16
  196.80
  464.28
  216.77
  814.73
  852.93
  609.01
  554.56
  979.76
  768.66
 1011.11
 1711.81
  291.72
 1191.71
 1029.15
 1355.22
  231.29
  348.24
  797.97
 1178.69
  539.10
  289.57
 1276.04
  833.53
  820.54
 1561.65
  635.63
  891.95
  962.01
 1502.94
 1897.06
 1387.30
 1813.38
 1329.56
 1246.34
  992.87
  861.26
 1171.16
 1099.32
  668.87
 1003.44
 1051.83
  874.88
 1112.46
  315.36
  412.77
 1460.38
  796.16
  748.33
 1022.24
 1092.80
  523.32
  379.96
  598.65
 1170.62
  668.42
 1630.94
 1784.47
 2044.70
 2281.29
 2287.94
 1857.42
 1585.18
 1625.98
 1350.52
 1114.69
 1381.98
  861.60
 1423.71
 1564.00
  726.72
 1598.88
 1031.87
 1032.86
 1716.43
 1611.60
 1230.28
 1007.15
  583.84
  852.39
  684.28
  709.65
 1024.25
  540.71
  710.64
 1023.09
  658.25
  664.91
  998.79
 1020.77
 1102.54
 1102.97
 1189.19
  915.31
  434.10
 1011.31
  623.54
  741.22
  589.22
  870.06
  927.29
  756.31
 1225.86
  982.65
  981.72
  636.05
  842.74
  982.48
 1281.93
 2264.92
 1976.35
  773.59
  843.25
  596.55
  591.45
  596.89
  565.60
  928.93
  923.02
  918.32
 1227.65
  941.03
  984.92
 1330.95
 1024.05
  860.01
 1366.34
 1326.02
  970.36
  538.76
 1482.64
 1509.17
 1594.78
 1477.74
 1503.94
  796.33
 1006.58
 1473.04
 1922.23
 1539.67
  483.57
  414.53
  485.01
  910.05
 1691.90
 1707.22
 1321.83
 1291.36
  429.00
  557.30
  281.10
 1247.05
 1816.02
 1300.45
  843.67
 1093.96
  404.87
  349.80
  493.96
  915.48
 1249.76
 1013.26
  670.94
  277.25
  319.41
  674.03
 1345.19
 1140.83
 1104.58
  912.11
  253.29
  284.87
  337.23
 1280.69
 1381.69
 1284.93
  697.42
  480.96
  452.14
  730.26
 1253.25
 1308.80
  529.50
  383.44
  299.73
  292.60
  292.26
  322.53
 1227.39
 1821.96
 2032.75
  816.71
  699.65
 1096.85
  987.18
  743.83
  286.09
 1073.07
  493.51
  491.10
  981.72
  783.27
  989.02
 1877.24
  719.50
  234.63
  448.48
 1044.47
 1657.10
 1788.80
 1478.39
 1280.20
  874.54
  456.21
 1439.29
  928.06
 1336.10
  893.25
 1626.86
 1797.53
 1492.64
 1521.46
 1981.75
 2092.16
 1354.03
 1405.22
  269.72
  271.56
 1364.25
 1438.10
  944.65
  910.50
  912.57
  585.96
  349.51
  375.82
  923.19
  268.84
 1812.33
 1805.77
 1597.75
  366.65
 1620.04
  695.55
  961.05
 1014.31
  703.93
 1426.69
 1137.03
 1817.32
 2034.23
 2324.87
 2626.50
 3030.41
 3270.09
 3663.38
 4279.47
 4748.91
 4466.19
 4214.59
 3608.70
 2922.33
 2397.05
 2241.36
 2268.32
 2267.98
 1857.59
 2032.70
  581.01
 1226.80
 2366.44
 2353.02
 2345.37
 1504.33
 1345.76
 1755.47
 1817.91
 2351.37
 2100.01
  875.36
  834.95
  880.51
 1553.75
 1889.61
 1797.24
 1438.01
  888.81
 1177.05
  618.30
  899.43
 1562.18
 1865.26
 1607.89
  978.55
  426.14
 1408.65
  290.19
  713.02
 1534.40
 1693.55
 1510.45
  954.67
  455.45
  470.48
  422.40
  985.40
 1112.54
 1484.45
 1026.43
  357.44
  373.22
  438.29
  783.56
 1505.78
 1371.07
 1374.87
  576.50
  228.43
  234.38
  249.75
  240.01
  300.58
  248.79
  235.57
  243.81
  231.43
  247.18
  281.44
  283.23
  504.01
  750.51
  815.33
 1464.29
 1682.39
 1692.87
 1388.29
 1296.35
 1330.44
  510.35
  393.24
 1378.10
 1542.76
  816.83
 1171.67
 1101.87
  515.90
  663.86
 1461.74
  888.30
  801.57
 1282.50
 1691.42
 1078.87
  753.82
 1327.69
 1237.39
 1008.22
 1048.09
 1360.28
  776.31
  682.15
 1061.85
 1208.82
 1204.09
 1793.02
 1683.78
  519.19
  592.13
  935.50
  168.26
  264.71
  203.54
  225.01
  412.32
  442.08
 1069.24
 1082.75
 1029.32
 1086.23
 1105.01
  429.76
  373.33
  420.87
  727.43
  541.42
  879.66
  312.33
  496.48
  495.94
  384.77
  663.12
  692.86
 1070.04
  658.28
  321.65
  327.12
  575.23
  643.05
  688.95
  574.92
  297.13
  198.36
  218.24
  438.91
  428.35
  919.11
  824.90
  457.37
  260.66
  198.64
  255.59
  363.36
  653.92
  625.55
  431.27
  429.37
  447.43
  518.51
  487.36
  435.54
  513.55
  493.05
  182.67
  292.29
  734.20
  488.66
  869.75
  935.84
  434.66
  312.16
  231.52
  897.59
 1327.38
  626.57
  667.54
  584.15
  248.40
  312.82
  362.99
  306.30
  210.17
  323.01
  379.47
  297.41
  271.39
  784.35
 1071.71
 1031.16
  910.05
  595.45
  237.86
  231.58
  684.30
 1036.45
  927.94
  812.16
  825.58
  671.02
  548.81
  631.41
  997.21
  823.91
  964.95
  465.02
  414.87
  436.99
  253.12
  114.60
 1076.92
 1166.97
 1192.82
  263.83
  264.03
  879.61
 1106.59
 1005.36
  824.19
  549.35
  369.73
  391.74
  479.12
  882.81
  822.26
  844.01
  422.12
  580.58
  348.92
  952.86
 1505.61
 1288.90
 1117.67
 1140.94
  571.29
  573.56
 1138.62
  673.23
  419.88
  609.55
  227.61
  949.38
  854.77
 1695.75
 1194.94
 1023.06
  773.70
  465.64
  802.39
  642.11
 1158.33
 1021.11
  916.19
  892.55
  485.04
  675.41
  394.37
 1037.56
 1074.31
 1060.41
  850.95
  890.51
  636.68
  406.86
 1072.67
  817.20
 1167.65
  880.94
 1002.33
  782.51
 1022.97
 1641.05
 1537.83
 1018.13
  916.73
  724.37
 1332.34
  782.14
 1256.42
 1322.62
 1439.49
 1510.65
 1205.36
 1156.77
  582.19
 1784.61
 1806.02
 1771.08
 1687.85
 2005.40
 1485.22
 1107.67
 1855.52
 2012.34
 1984.98
 2026.21
 2130.25
 2400.79
 2152.39
 2380.51
 2401.27
 2411.58
 1855.46
 1767.06
 1735.37
 1705.10
 2015.59
 1928.26
 1338.96
 1557.68
 1331.06
 2049.97
 1756.32
 2051.36
 1253.13
 1174.33
 1159.72
 1643.85
 1374.98
  742.50
 1088.44
  735.93
  777.81
 1045.03
  522.28
  301.91
  374.92
  380.27
  544.25
 1306.60
  912.62
  381.97
  378.71
  492.29
  677.93
 1496.26
 1263.36
  732.84
  898.75
  697.22
  934.80
 1770.88
 1894.65
 2080.16
 2157.94
 2605.91
 3249.44
 3170.07
 3023.33
 2918.36
 2947.36
 2778.14
 2425.28
 2319.40
 2108.27
 2314.65
 2283.53
 1877.78
 1503.62
  585.51
 1626.29
  768.41
 1490.85
 1591.07
 1508.78
 1501.33
 1483.83
 1229.40
  939.27
 1733.19
 1660.24
 1663.05
  887.96
  975.01
  936.95
 1119.56
 1307.62
 1723.65
 1005.50
  820.40
  831.52
  795.19
  686.32
  993.19
  336.66
  957.68
 1306.62
  988.63
  200.88
  266.46
  642.71
  691.27
  599.18
  493.11
  497.67
  270.68
  328.33
  924.21
  807.54
  867.51
  905.60
  811.84
 1135.56
  932.05
 1830.12
 1894.37
 1338.37
 1214.00
  997.66
  193.55
  206.80
  704.78
  400.32
  603.09
  306.64
  473.63
  584.66
  648.43
  526.72
  343.94
  267.34
  276.37
  215.86
  228.04
  228.97
  235.20
  239.19
  270.45
  217.19
  269.29
  220.42
  245.05
  232.25
  227.92
  240.58
  236.76
  238.54
  257.46
  262.92
  217.62
  208.87
  250.07
  225.66
  219.46
  227.89
  224.27
  428.69
  376.64
  515.34
  347.76
  523.55
  362.65
  345.61
  448.60
  427.13
  388.34
  447.15
  282.26
  226.53
  230.36
  479.35
  287.25
  246.84
  276.71
  288.55
  219.34
  212.83
  527.09
  478.84
  288.95
  413.91
  225.97
  263.23
  276.29
  241.94
  238.06
  258.42
  234.92
  255.45
  240.16
  236.53
  237.24
  216.11
  190.32
  452.73
  805.56
  429.03
  373.98
  517.12
  529.47
  527.54
  504.07
  305.68
  448.62
  439.45
  531.28
  428.69
  367.84
  645.45
  611.30
  506.36
  416.80
  565.18
  656.41
  481.44
  580.30
  602.21
  354.89
  609.49
  507.44
  514.57
  608.76
  728.54
  540.48
  445.74
  443.92
  611.33
  560.14
  563.00
  522.42
  489.46
  430.70
  443.75
  498.77
  519.84
  520.35
  515.85
  529.98
  244.06
  336.32
  434.21
  518.45
  509.73
  481.27
  514.46
  408.33
  407.93
  489.46
  487.16
  465.95
  467.79
  359.40
  331.39
  333.63
  432.14
  413.82
  464.23
  487.90
  443.02
  499.51
  495.26
  495.69
  589.27
  598.99
  591.99
  526.41
  522.11
  526.16
  819.89
  903.45
  904.98
  841.10
  530.57
  684.87
  545.07
  558.78
  797.09
  568.09
 1023.77
 1087.42
  454.80
  417.70
  519.05
  538.50
  536.60
  535.70
  536.63
  540.48
  540.71
  772.71
  773.16
  771.27
  772.71
  684.28
  431.10
  248.68
  252.64
  279.86
  279.52
  278.30
  432.26
  242.17
  263.40
  404.65
  466.61
  443.24
  440.92
  420.82
  235.68
  274.48
  390.66
  388.22
  377.52
  384.34
  373.64
  335.81
  301.94
  362.48
  404.51
  392.90
  391.25
  391.42
  404.08
  424.67
  344.22
  355.55
  401.02
  478.19
  605.47
  375.00
  354.02
  454.34
  453.58
  459.72
  413.00
  269.69
  269.55
  270.51
  514.63
  542.04
  459.21
  518.28
  268.78
  267.91
  267.48
  334.79
  497.07
  258.42
  263.29
  273.54
  244.03
  233.36
  304.69
  247.77
  370.58
  368.88
  374.92
  248.45
  234.58
  273.63
  255.59
  396.52
  355.01
  290.36
  241.77
  219.03
  260.97
  301.80
  268.05
  279.97
  340.45
  276.57
  276.32
  377.92
  385.17
  369.76
  363.84
  336.06
  275.66
  296.22
  511.49
 1175.94
  861.88
  779.00
  772.37
  227.70
  233.42
  393.94
  391.62
  489.80
  419.26
  404.82
  429.28
  437.69
  411.10
  438.06
  342.21
  328.96
  316.10
  237.49
  226.56
  369.87
  403.97
  425.18
  458.34
  455.36
  226.39
  267.82
  259.13
  255.81
  600.69
  587.91
  487.19
  226.99
  234.80
  430.08
  532.33
  822.52
  819.69
  526.38
  475.84
  497.36
  450.69
  540.57
  558.44
 1125.96
 1146.24
  678.73
  537.14
 1066.53
  885.52
  790.72
 1034.47
  682.21
  524.74
  642.99
  844.47
  788.14
  716.98
  601.31
  800.18
  327.46
  292.99
  435.91
  528.99
  569.62
  708.06
  488.30
 1169.85
 1373.45
 1199.59
 1269.78
 1542.19
 2014.57
 1958.48
 1521.49
 1720.98
 1675.96
 1726.19
 1947.66
 1952.84
 2092.39
 1016.60
  308.85
 1023.43
 1693.49
 1639.94
 1547.37
 1548.45
 1055.71
  774.47
 1320.30
 1150.51
 1385.18
 1522.14
 1485.16
  550.39
  558.10
  772.63
  657.80
 1319.79
 1562.47
 1699.44
 1626.29
 1479.39
 1537.29
 1800.36
 1697.03
 1790.02
 1707.65
 1561.19
 1739.11
 1649.94
 1440.65
 1454.41
 1756.78
 2241.82
 2302.19
 2322.66
 2098.34
 1981.13
 1021.45
  843.62
 1015.90
  272.92
  268.27
  327.14
  361.92
  336.49
 1276.52
 2006.70
 2018.17
 2014.55
 1431.42
 1282.89
 1597.98
 1645.35
 2000.73
  788.51
  769.00
  967.22
  719.13
  756.80
  561.35
  569.62
  394.06
  343.71
  626.11
  662.56
  852.88
  711.49
  742.78
  241.66
  237.07
  519.61
  732.53
  631.78
  240.27
  246.98
  231.18
  486.23
  795.56
  650.01
  579.08
  474.96
  344.56
  250.63
  239.16
  877.34
  999.39
  700.59
  837.84
 1252.34
  251.45
  241.26
  354.61
  301.77
  321.00
  355.94
  369.48
  239.19
  242.93
  245.45
  945.84
 1535.25
 1529.34
 1482.95
 1123.13
  415.10
  581.71
  814.17
  810.68
  758.72
  846.33
  460.12
  378.06
  614.11
  482.66
  519.30
  518.14
  509.36
  428.49
  398.19
  628.46
  585.88
  565.77
  431.83
  420.73
  426.73
  370.87
  413.54
  401.45
  417.82
  435.48
  406.55
  405.84
  405.21
  647.35
  704.01
  707.55
  658.82
  516.44
  307.12
  263.77
  490.99
  419.51
  495.54
  228.97
  226.96
  503.95
  472.78
  577.52
  573.90
  549.69
  451.60
  385.25
  313.18
  262.33
  487.98
  520.18
  482.35
  484.16
  492.23
  506.67
  505.31
  506.84
  506.19
  503.16
  502.62
  500.10
  496.42
  495.77
  678.02
  652.28
  955.61
 1113.22
 1211.48
  492.77
  490.59
  492.06
  491.55
  493.68
  493.02
  493.17
  491.81
  488.55
  810.40
  774.49
  759.43
 1019.97
  895.07
  408.58
  409.38
  718.79
  833.08
 1407.89
 1409.24
 1424.54
  990.69
  815.38
 1026.85
  511.86
  509.62
  507.07
  509.62
  278.24
  275.72
  487.96
  485.83
  346.06
  359.34
  342.44
  272.24
  365.37
  412.89
  404.90
  428.63
  515.45
  508.37
  282.83
  279.97
  332.67
  334.82
  349.01
  285.72
  454.60
  440.55
  432.43
  563.68
  516.92
  473.12
  462.41
  460.01
  460.52
  456.33
  587.04
  589.81
  437.33
  497.81
  488.64
  438.54
  439.28
  442.48
  452.11
  416.34
  452.53
  526.55
  393.83
  439.70
  403.88
  400.71
  416.12
  452.64
  540.54
  382.50
  382.87
  454.34
  440.16
  442.37
  433.87
  419.60
  361.01
  375.71
  355.06
  356.00
  377.41
  384.12
  387.52
  329.64
  338.16
  440.47
  409.74
  399.83
  434.15
  429.09
  382.25
  373.98
  409.12
  373.44
  404.22
  342.10
  346.68
  317.77
  394.37
  359.00
  354.56
  449.44
  399.98
  378.26
  356.25
  360.08
  348.50
  400.00
  393.49
  400.12
  812.44
  910.53
  446.78
  695.66
  697.84
 1350.77
 2578.76
 3340.88
 4077.71
 4119.82
 4184.83
 4237.56
 4051.06
 3901.61
 3437.86
 3071.16
 3021.66
 3036.84
 3093.45
 2716.55
 2632.56
 2618.49
 2576.35
 2514.85
 2513.12
 2441.00
 2301.37
 2314.45
 2303.72
 1829.04
 1708.24
 1414.09
 1487.23
 2975.11
 4525.85
 5670.42
 5770.12
 5835.71
 5650.57
 4887.01
 4180.27
 3885.35
 3218.07
 2548.29
 2084.37
 1314.69
 1415.79
 1299.35
 1581.78
 1512.23
 1490.57
 1039.43
 1349.18
 1763.46
 1859.65
 1189.82
 1151.62
  651.49
  582.14
 1017.06
  981.75
 1098.75
 1458.29
 1400.55
  980.56
  716.44
  831.64
  878.53
 1020.91
 1058.77
  864.88
  637.72
  634.35
  567.41
  792.99
  821.27
  846.79
  790.32
  892.86
  863.38
 1251.89
 1169.63
 1183.93
 1228.70
 1547.97
 1961.00
 1631.84
 2294.51
 2111.90
 1382.15
 1503.82
 1522.77
  997.97
  948.95
  865.31
  876.97
  933.89
 1013.66
 1026.15
 1229.23
 1134.12
 1319.57
 1507.39
 1727.70
 1565.50
 1525.23
  998.88
 1112.43
 1115.26
 1247.13
 1787.42
 1840.82
 2218.43
 2596.34
 2816.31
 2592.35
 1909.07
 1271.03
 1273.61
 1610.95
 1543.47
 1712.38
 1730.33
 1744.40
 1746.33
 1793.36
 1115.29
  650.98
 1447.39
 1779.69
 1187.10
 1255.99
 1333.38
 1566.71
 1147.63
 1140.38
 1067.97
 1568.53
 1743.55
 1775.49
 1528.20
  551.41
  674.79
 1117.50
  537.85
  560.22
  576.11
  598.45
 2096.61
 3469.86
 4874.26
 5387.51
 5314.48
 6070.31
 6159.37
 4822.13
 3579.19
 2740.22
 2063.48
 1935.29
 2248.98
 2207.38
 1964.79
 2844.46
 2548.35
 2313.37
 1724.38
 1881.23
 1876.42
 1196.98
 1199.67
  563.56
  844.10
 1621.14
 1409.36
 1263.75
 1069.98
 1070.21
 1099.94
 1027.42
 1239.34
 1669.67
  671.34
  747.85
  787.94
 1306.99
  975.88
 1013.69
 1171.07
  824.25
  926.92
 1110.22
 1107.33
 1318.49
 1464.41
 1404.18
  736.18
  932.67
  665.08
 1152.52
 1296.91
 1196.42
 1061.99
  616.43
  556.68
  424.07
 1477.06
  613.31
  584.97
  298.60
  309.28
  305.71
  488.58
 1315.66
 1869.34
  438.46
  422.71
  502.45
  249.92
  476.46
  660.43
 1145.44
 1155.84
  978.49
  696.88
 1030.87
  220.39
  634.18
  558.10
  574.83
  804.23
  255.25
  254.91
  234.80
  625.89
  664.71
  985.82
 1057.18
  775.60
  705.29
  962.46
 1567.45
 1520.95
 1462.08
  713.61
  656.04
  725.05
  654.23
 1134.60
 1115.83
  972.29
  750.23
  659.39
  852.90
  884.84
 1044.27
  953.09
  873.77
  728.08
  594.20
  619.37
  562.34
  682.80
 1273.30
 1329.99
  724.26
  898.01
  516.78
  389.10
 1093.79
 1028.50
 1254.04
  686.77
  650.69
  579.67
  524.85
 1111.01
 1148.93
  907.10
  475.61
  441.54
  267.71
  276.29
  726.95
  897.30
  984.61
 1193.58
 1524.64
 1521.92
 1845.47
 2449.44
 3391.99
 3148.30
 3124.82
 3052.22
 2601.84
 2559.33
 2686.62
 2807.39
 2674.72
 2467.78
 2189.18
 1841.42
 1259.14
 1712.09
 1882.93
 1844.79
 1794.21
 2022.98
 2507.09
 2536.42
 2560.58
 2899.31
 3226.28
 3004.64
 2648.67
 2493.50
 2553.36
 2547.58
 2527.51
 2481.69
 2473.19
 2269.74
 1569.35
 1486.38
 1775.07
 1909.09
 2127.84
 1893.80
 2009.28
 2184.05
 2421.20
 2324.56
 2330.19
 2318.67
 2315.30
 2318.05
 2311.90
 2277.10
 2265.12
 2673.51
 3233.70
 3209.06
 3256.81
 3299.90
 3334.93
 3351.47
 3343.29
 3258.36
 3187.60
 2678.52
 2260.39
 2250.71
 2259.60
 2271.61
 2273.02
 1867.33
 2045.04
 1762.75
 1723.36
 1844.70
 1967.11
 1807.07
 1885.39
 2308.93
 2614.41
 2641.76
 2665.10
 2978.62
 3333.60
 4077.43
 5238.84
 5464.59
 5580.91
 5656.66
 5434.06
 4890.01
 4532.11
 4490.26
 4274.60
 4075.36
 4365.44
 4924.36
 4550.97
 3910.22
 2869.06
 3777.30
 3731.91
 3635.85
 3655.31
 3753.57
 3595.05
 3354.24
 3271.22
 2734.84
 2453.06
 2363.01
 2250.82
 1861.44
 1621.99
 1367.76
 1332.73
 1617.88
 1544.97
  709.96
  694.19
  604.93
  750.82
  991.57
 2104.56
 2329.34
 2302.98
 3188.87
 3596.55
 3845.97
 3831.86
 4237.53
 4859.43
 5058.63
 5435.05
 5735.80
 5602.83
 5514.82
 5405.18
 5274.61
 5097.15
 4792.26
 4761.17
 5167.37
 5484.52
 5822.20
 6065.55
 6203.06
 5872.26
 5126.45
 4378.24
 4291.70
 4194.60
 3839.42
 3335.67
 3152.09
 2652.18
 2270.81
 1840.65
 1897.20
 1695.92
 1942.20
 1834.48
 1808.43
 1500.76
 1650.16
 1777.99
 1564.82
 1228.10
 1277.20
 1209.04
 1210.91
  803.77
  573.93
  780.84
 1384.27
 1530.38
 1454.13
 1386.48
 1203.35
 1780.31
 2317.20
 2306.58
 2270.81
 1963.86
 1528.29
 1305.60
 1053.50
 1083.46
 1141.08
 1486.07
 1513.71
 1469.59
 1470.07
 1499.91
 1168.41
  858.00
 1122.96
  753.91
  564.21
  563.17
  561.49
  583.21
  597.00
  673.91
  718.26
  258.56
  275.15
  565.71
  600.46
  565.69
  507.38
  290.90
  241.74
  237.95
  368.80
  385.36
  395.87
  397.14
  395.02
  336.38
 1046.17
 1111.86
 1228.47
 1408.54
 1429.35
 1434.02
 1119.05
 1349.95
 2663.99
 5522.72
 4223.43
 2975.96
 2385.92
 1581.33
 1113.16
  706.25
  706.56
  862.67
  966.00
  837.61
  494.30
  584.57
 1364.39
 1091.73
  822.94
  908.21
 1036.37
  797.60
  693.22
  695.35
  705.15
  620.99
  444.74
  394.96
  570.73
  566.11
  585.08
 1379.37
 1015.13
  861.88
  788.37
  803.12
 1246.73
  649.36
  494.75
  516.13
  591.34
 1085.33
 1224.73
 1241.07
  544.14
  549.32
  552.83
  416.14
  701.52
  706.62
  517.72
  728.79
  675.24
  528.25
  678.05
  733.15
  442.25
  443.50
  442.68
  416.43
  394.51
  441.46
  444.43
  451.00
  443.24
  468.64
  466.92
  460.43
  472.21
  447.24
  445.42
  444.18
  432.26
  437.78
  434.35
  422.23
  435.31
  444.55
  407.82
  410.71
  437.92
  456.86
  491.01
  639.59
  479.57
  418.41
  546.37
  508.71
  568.09
  549.91
  524.77
  485.07
  477.65
  680.20
  639.05
  604.03
  599.89
  644.80
  667.54
  656.84
  782.31
  731.31
  719.90
  760.93
  831.72
  687.67
  892.72
 1256.08
  705.15
  815.55
  800.89
  743.94
  726.04
  752.27
  935.16
  907.92
  911.01
  877.74
  927.94
  539.24
  445.03
  774.04
  743.18
  700.22
  677.40
  732.53
  761.92
  679.26
  729.92
  814.82
  731.42
  797.43
  847.83
  517.86
  579.31
  832.60
  840.05
  772.77
  849.68
  903.70
  427.44
  418.38
  602.10
  635.01
  577.27
  667.17
  687.08
  437.75
  361.61
  700.93
  665.81
  657.23
  678.47
  653.86
  335.16
  339.26
  894.39
  774.75
  615.95
  587.57
  623.85
  382.19
  386.86
  703.59
  680.82
  722.96
  814.17
  947.31
  348.04
  407.62
  591.09
  633.65
  643.64
  679.80
  697.67
  460.49
  460.18
  694.24
 1050.84
  940.15
 1089.69
 1375.92
  753.09
  533.04
  951.30
  905.57
  930.92
  911.97
  884.36
  684.64
  896.14
  902.57
  896.31
  762.97
  876.26
  818.41
  491.67
  575.20
  892.69
 1278.59
 1498.39
 1328.68
 1343.86
  998.17
  979.28
 1022.92
  989.25
 1232.46
  651.43
 1138.54
  954.53
  946.09
 1122.22
 2030.63
 2418.09
 2685.09
 2681.80
 2690.41
 2696.22
 2708.19
 2703.89
 2705.22
 2496.55
 2241.11
 1487.29
 1178.46
 1905.47
 1891.08
 1871.80
 1689.21
 1711.10
 1057.41
  779.99
 1714.50
 1812.25
 1457.81
 1424.99
 1169.80
  856.92
  643.95
 1418.45
 1364.02
 1086.86
  943.69
  920.95
  624.81
 1516.93
 2548.74
 2861.93
 2851.39
 2832.62
 2580.74
 2456.85
 2410.98
 2271.80
 2184.28
 2179.38
 2169.07
 1953.52
  957.70
  787.49
 1243.08
 1273.18
 1574.70
  732.70
  725.70
  480.71
  478.84
 1360.34
 1079.69
 1211.62
 1383.93
 1474.54
  924.40
  942.72
 1283.86
 1527.35
 1767.76
 1902.86
 1900.26
 1388.04
 1407.77
 1423.91
 1491.00
 1568.87
 1572.92
 1433.23
  773.11
  657.32
  700.87
  748.92
  758.07
  642.42
  676.49
  531.56
  536.66
  902.12
  843.16
 1027.17
 1142.24
 1168.49
 1432.10
 1863.93
 1405.11
 1629.52
 1911.87
 2588.05
 3075.97
 3351.02
 3685.15
 3709.42
 4240.65
 4785.32
 5668.81
 6056.38
 5873.25
 5521.47
 5648.11
 5498.34
 5104.65
 4235.18
 3421.55
 3419.03
 3354.02
 3301.94
 2600.31
 2267.47
 2295.99
 2286.19
 1364.70
 2160.97
 2328.27
 2606.74
 3020.08
 3059.41
 2730.85
 2157.57
 2105.81
 2391.56
 3044.34
 3376.42
 3205.27
 3379.50
 3322.05
 3262.36
 2823.56
 2114.67
 1513.65
 1645.66
 1772.86
 2992.50
 3953.74
 4107.53
 4260.89
 4260.58
 4272.87
 4273.72
 4220.26
 4124.72
 3763.90
 3784.63
 3758.92
 4630.77
 5248.75
 5487.27
 5250.74
 4461.97
 3150.31
 2438.48
 2148.85
 1680.66
  977.04
 1002.64
 1331.23
 1376.54
 1321.60
 1394.43
 1383.05
  713.70
  689.35
  857.94
  800.04
  787.89
  702.65
  658.34
  479.97
  489.71
  467.60
  601.99
  619.01
  509.59
  655.82
  725.79
  649.39
  570.07
  558.24
  657.80
  633.05
  611.02
  457.91
  596.47
  530.03
  524.94
  525.16
  474.05
  471.14
  538.87
  249.98
  554.13
  566.62
  567.27
  518.17
  535.22
  429.59
  541.87
  695.80
  831.75
  933.15
 1434.02
 1396.36
 1236.82
 1217.85
 1762.84
 1741.23
 2338.86
 1578.78
 1040.25
  472.64
  533.29
  589.30
  626.99
  729.19
  724.80
  775.20
  546.12
  549.83
  718.31
  738.76
  900.31
  842.40
  697.64
  947.11
  997.89
  932.96
  788.23
  715.82
  767.84
  783.41
 1093.65
  859.36
  744.90
  687.79
  813.12
  989.56
  899.51
  757.31
  777.16
  717.35
  862.33
  794.85
  801.37
  761.44
  784.55
  784.94
  942.50
  890.85
 1106.34
 1075.02
  806.35
  528.99
  492.26
  761.81
  777.35
  783.41
  769.85
  630.53
  461.68
  409.35
  846.50
  799.84
  790.32
  675.36
  695.12
  491.27
  498.40
  673.12
  701.41
  795.85
  684.25
  683.37
 1003.83
 1374.39
 2257.62
 3145.66
 3352.91
 2814.44
 2189.77
 1770.74
 1230.54
 1361.42
 1241.01
 1290.03
 1176.90
 1039.45
  639.71
  629.03
  975.29
 1125.76
 1392.08
 1164.22
 1022.61
  577.55
  606.94
  856.16
  911.35
  828.38
  803.89
  817.08
  619.40
  696.40
  925.34
  872.53
  751.47
  777.30
  667.17
  610.77
  470.99
  799.64
  821.27
  867.23
  841.61
  911.29
  712.65
  709.39
  572.76
  611.70
  632.88
  761.50
  822.60
  897.73
  875.76
 1059.39
 1068.17
 1079.78
 1032.57
 1083.37
  950.65
  909.96
 1198.71
 1250.64
 1169.03
 1176.06
 1074.09
  974.24
 1000.12
  978.77
  983.30
  971.98
 1037.76
 1006.49
  995.03
  963.85
 1241.24
 1496.12
 1442.09
 1282.61
 1584.64
 1359.49
 1357.14
 1652.83
 1703.80
 1856.11
 1692.92
 1679.22
 1997.05
 2047.62
 2464.50
 2769.22
 3177.07
 4041.24
 4459.65
 4589.85
 4628.19
 4377.30
 4089.75
 4064.23
 4086.09
 3912.74
 3748.61
 3702.68
 3477.82
 3285.55
 3323.92
 3351.44
 3163.30
 2900.72
 2883.50
 2873.00
 2856.69
 2839.02
 2855.67
 3031.74
 3208.98
 3229.37
 3234.21
 3254.43
 3276.20
 3298.32
 3324.65
 3294.78
 3243.02
 3188.45
 3161.41
 2775.62
 2297.57
 2286.36
 1639.49
 1266.84
 2118.47
 2258.66
 2262.69
 2283.98
 2465.66
 2614.27
 2575.67
 2614.47
 2878.95
 3476.94
 3742.95
 3677.17
 3598.50
 3562.40
 3643.30
 3989.50
 4540.58
 4605.93
 4477.06
 4581.13
 4676.84
 4724.38
 4633.26
 4805.37
 4898.22
 4668.12
 4494.99
 4412.61
 3916.13
 2972.79
 2420.13
 2284.18
 2279.65
 2070.30
 1505.41
 2176.43
 1937.44
 1977.90
 1386.73
 1274.46
 1616.01
 1199.22
 1756.58
 2035.64
 2060.48
 1927.10
 1749.36
 1808.88
 1608.20
 1680.18
 1641.81
 1624.62
 2125.07
 1979.12
 1866.28
 1917.84
 1965.27
 1931.29
 2027.40
 2112.04
 2241.02
 2484.24
 2695.76
 2820.13
 2820.36
 2840.26
 2593.29
 2267.95
 2131.69
 1636.18
 1612.02
 1687.37
 1802.59
 1576.57
 1737.61
 1790.96
 1203.58
 1202.42
  985.99
  723.41
  560.99
  287.27
  289.82
  292.29
  313.44
  373.53
  370.47
  456.64
  336.29
  289.96
  288.95
  254.06
  245.93
  228.91
  224.84
  228.74
  231.12
  239.45
  326.27
  352.97
  346.03
  457.63
  442.17
  247.80
  250.94
  232.23
  234.44
  245.71
  341.25
  341.33
  233.95
  246.98
  244.03
  253.63
  253.69
  253.80
  258.53
  257.97
  261.45
  328.02
  378.85
  298.20
  270.60
  277.31
  297.36
  284.70
 1021.84
  511.69
  486.12
  512.39
  321.40
  265.19
  201.70
  319.10
  343.34
  414.90
  532.19
  552.89
  181.48
  254.63
  240.04
  446.25
  451.20
  508.74
  416.68
  404.39
  403.35
  521.60
  666.64
  594.43
  542.92
  561.07
  422.88
  433.87
  548.30
  821.92
  547.82
  466.15
  472.61
  415.35
  446.19
  505.85
  594.43
  596.55
  575.62
  576.05
  439.68
  564.92
  579.45
  572.40
  591.65
  575.91
  565.74
  584.32
  570.90
  585.25
  572.43
  572.85
  568.32
  618.95
  603.29
  602.75
  604.65
  605.50
  602.30
  566.05
  566.73
  570.13
  566.90
  566.39
  566.34
  430.44
  514.04
  466.66
  478.72
  521.00
  714.49
  690.14
  621.30
  619.32
  632.94
  354.81
  346.82
  733.46
  814.36
  834.27
  923.36
  912.26
  761.89
  798.42
  727.54
  777.33
  986.84
  931.37
  718.88
  864.80
  878.11
  981.75
  983.87
 1158.05
 1222.98
 1212.13
 1032.57
  819.74
  887.93
  895.18
  901.18
  898.64
  872.98
  712.08
  542.44
  827.59
 1214.23
 1208.65
  833.56
  731.85
  478.50
  526.30
  535.19
  842.40
  867.49
 1009.47
  905.37
  660.66
  661.74
  698.60
  750.76
  623.62
  631.64
  662.33
  536.12
  719.93
 1436.66
 2189.12
 2186.03
 2229.81
 2277.44
 1277.32
  985.60
 1106.76
 1084.14
 1097.45
 1034.47
  701.63
  632.65
  641.86
  840.10
 1258.57
 1035.49
 1115.34
 1365.86
 1155.84
 1154.31
 1294.05
 1296.29
 1346.30
 1296.54
 1224.28
  518.79
  402.52
 1494.25
 1560.80
 1072.87
 1362.58
 1858.07
  942.27
  810.31
 1286.12
 1266.87
 1331.20
 1351.93
 1356.07
  291.75
  807.34
  974.01
 1042.06
  784.32
  757.19
  784.63
  691.98
  751.84
 1002.19
 1002.13
  975.60
 1086.46
 1171.16
 1168.13
 1148.02
 1280.06
 1329.99
 1232.83
 1523.45
 1592.62
  830.02
  790.38
 1594.24
 1423.32
  894.08
  805.78
  817.59
  893.34
  909.23
 1186.96
 1116.84
 1304.44
 1239.34
 1285.30
  552.46
  547.76
  655.70
  727.80
  735.78
  797.63
  746.18
  536.75
  526.07
  885.55
 1370.20
 1486.24
 1064.15
  626.88
  646.62
  664.28
 1538.54
 1746.53
 1820.94
 1861.66
 2105.87
 2203.36
 2195.86
 2186.40
 2179.63
 2183.34
 2372.22
 2592.21
 2594.33
 2611.75
 2831.77
 3045.59
 3045.28
 2948.01
 2821.66
 2853.38
 2849.92
 2829.28
 2800.48
 2717.88
 2599.68
 2512.10
 2537.70
 2576.61
 2927.34
 3843.50
 5015.76
 6111.34
 6440.58
 6566.39
 6513.64
 6401.02
 6213.08
 6002.04
 5566.33
 5215.54
 4924.44
 4639.80
 4444.98
 4021.84
 3667.88
 3883.40
 4086.01
 4277.09
 4403.95
 4475.14
 4522.63
 4456.70
 4339.25
 4216.21
 4091.93
 4009.33
 4024.45
 4083.06
 4129.76
 3925.17
 3653.64
 3598.25
 3485.92
 3285.21
 3166.98
 2944.13
 2728.47
 2718.59
 2723.20
 2728.98
 2742.80
 2759.48
 2849.33
 2610.11
 2193.22
 2197.98
 2198.83
 2038.87
 1819.24
 1643.99
 1966.92
 2036.94
 2134.13
 2046.97
 2174.82
 2196.93
 2380.31
 2853.86
 3067.22
 3032.99
 2968.40
 2942.21
 2926.09
 2915.59
 2582.18
 2176.94
 2190.42
 1841.93
 2191.53
 2186.43
 2157.97
 2132.85
 2174.96
 1952.67
 1583.90
 1211.65
 1533.73
 1503.00
 1267.35
 1060.55
 1015.33
 1331.26
 1541.68
 1659.28
 1651.78
 1831.93
 2040.51
 2016.95
 2000.13
 1995.60
 2010.07
 1864.92
 1567.90
 1684.85
 1660.13
 1629.55
 1922.80
 2370.23
 2378.25
 2105.95
 1968.08
 1971.65
 2007.49
 2620.19
 3799.13
 3977.89
 4478.59
 4568.41
 4723.93
 5079.02
 5493.98
 6349.43
 6661.99
 6512.93
 5748.29
 5044.11
 4806.90
 3746.15
 2498.93
 2023.27
 1487.26
 1785.63
 1718.29
 1645.86
 1666.42
 2016.56
 2003.05
 2081.54
 2201.41
 2196.00
 2217.32
 2251.25
 2043.20
 1202.05
  883.34
  919.96
  834.67
  646.16
 1287.74
 1611.34
 1687.88
 2050.00
 2061.55
 1631.25
 1392.62
 1793.50
 2177.62
 2396.79
 2285.08
 2089.67
 1564.62
 1654.44
 1964.25
 1977.48
 2019.98
 2019.70
 2048.16
 1852.66
 1922.97
 1656.08
 1785.24
 1442.04
 1352.84
 1347.51
 1083.69
  922.96
 1123.98
 1088.39
 1837.82
 2767.94
 2972.14
 3663.44
 4428.47
 4724.72
 5125.89
 5143.50
 5603.03
 6103.81
 5731.53
 4851.33
 4340.72
 3554.16
 3088.72
 2798.16
 2292.42
 1462.51
 1451.10
 2023.24
 2014.77
 1653.31
 1630.80
 1303.76
 1033.37
 1017.54
 1162.29
  923.84
  859.87
 1194.60
 1146.35
 1047.55
 1055.34
 1046.28
 1188.85
 1347.60
 1603.33
 1988.61
 1450.39
 1488.79
 1631.70
 1640.73
 1404.43
 1278.93
 1157.96
 1021.56
 1046.22
 1065.65
 1056.22
 1047.84
 1414.23
 1463.24
 1290.71
  952.47
 1043.96
 1020.62
  954.53
  919.96
  939.55
  892.94
  707.58
  909.68
 1221.42
 1496.29
 1190.92
 1201.48
  887.42
  850.64
 1003.83
  986.62
 1230.54
 1427.37
 1015.41
 1040.16
  935.96
  979.99
 1105.80
 1090.23
 1048.80
 1027.36
 1134.77
 1424.59
 1341.48
 1811.85
 1680.94
 1247.07
 1169.94
  974.52
 1066.89
 1032.15
 1090.09
 1039.85
 1057.38
 1095.47
 1032.63
  998.57
 1460.70
 1394.10
 1390.95
  968.46
  822.49
  873.12
  747.42
 1067.80
 1203.89
 1157.28
 1061.40
 1083.18
  921.83
  930.63
 1051.91
 1115.26
 1106.17
 1110.22
 1269.05
 1086.01
  948.27
 1062.28
 1055.62
 1148.76
 1036.20
 1091.50
 1044.01
 1148.19
 1238.78
 1259.34
 1270.15
 1313.02
 1282.98
 1141.82
 1191.54
  941.08
 1162.69
 1389.14
 1378.38
 1225.02
  695.32
  807.28
  695.04
  848.94
 1210.18
 1253.13
  718.85
  968.97
 1023.80
 1041.89
 1559.07
 1451.58
 1271.96
 1788.32
 1403.47
 1376.88
 1655.66
 1618.62
 1640.20
 1649.80
 1663.64
 1902.98
 2101.36
 2124.10
 2493.33
 2783.94
 2836.70
 2910.49
 2908.68
 2909.58
 2929.75
 2933.23
 2930.06
 2756.22
 2581.51
 2542.65
 2490.13
 2703.75
 2971.03
 3064.05
 3112.76
 3097.81
 3075.72
 3062.30
 3184.97
 3184.97
