19850101
    9.46
   19.74
   19.26
   35.79
   19.14
   19.09
   19.71
   25.37
   25.85
   25.09
   25.74
   18.97
    9.54
   38.31
   39.02
   25.68
   19.17
   19.43
    9.74
   30.50
   77.33
   19.74
   10.36
   19.20
   26.50
    9.51
    9.57
   26.62
   26.62
   18.58
   19.40
   10.14
    2.07
    0.00
   21.72
    1.42
    1.42
    3.09
   27.84
    9.23
    9.26
   19.51
   18.77
   24.52
   26.33
   25.06
   18.38
    9.12
   18.92
   18.29
   18.35
   18.77
    9.03
    3.48
    3.00
   10.31
    9.20
    8.83
    9.17
    3.06
    3.68
    2.80
    8.98
   27.35
   24.58
   23.87
    1.44
    1.76
    1.84
   11.38
    9.09
   36.05
   36.13
    9.37
    2.94
    3.00
    8.89
    9.03
    8.75
    8.61
    9.34
    2.94
    2.97
    8.89
    8.92
   44.37
   44.74
    9.83
    4.13
    2.94
    8.98
    9.17
    8.58
    8.58
    8.66
    3.17
    3.34
   13.73
    9.32
   21.21
    9.66
    3.09
    2.97
    2.94
   17.58
   20.27
   20.42
   20.47
   20.19
   21.41
   20.50
   36.36
   20.59
   14.58
   14.75
   17.22
   11.78
    8.58
    0.28
    1.90
    1.90
    2.92
    1.90
    1.90
    1.90
    1.90
    1.90
    4.93
    1.90
    1.90
    1.90
    1.90
    4.93
    4.93
    4.93
    4.93
    4.93
    4.93
    4.93
    4.93
    4.93
    4.93
    4.93
    4.93
    4.93
    4.93
    4.93
    4.93
    4.93
    4.93
    4.93
    4.93
    4.93
    4.93
    4.93
   12.71
   12.71
   12.71
   12.71
   12.71
   12.71
   12.71
   12.77
   11.21
   11.19
   11.19
   11.19
   11.19
   11.19
   11.19
   11.19
   11.19
   11.19
   11.19
   11.19
   12.29
   33.95
   33.75
   34.60
    5.66
    2.97
   22.26
   18.18
   23.22
    8.58
   13.88
    8.61
    8.72
   22.65
   22.68
   23.05
   22.65
   37.77
    8.55
    8.58
   34.41
   22.68
   25.46
   22.96
   42.65
   34.01
   34.80
   42.36
   43.13
   43.38
   22.68
   23.39
    8.41
    8.35
   31.18
   30.87
   30.61
   31.55
   31.71
    8.52
    8.83
   45.65
   44.32
   45.93
   45.76
   45.36
   34.69
   34.63
   42.11
   44.71
   43.86
   42.19
   27.75
   25.23
    8.47
   44.46
   44.88
   45.79
   46.13
   41.06
   25.91
   25.51
   47.09
   52.70
   51.88
   52.61
   47.74
   51.76
   52.75
   23.05
   35.17
   35.14
   35.79
   34.94
   23.79
   24.44
   34.80
   34.12
   33.81
   34.43
   25.88
   14.44
   14.50
   33.95
   30.61
   33.47
   33.27
   32.22
   17.25
   15.66
   12.26
   22.12
   22.31
   44.37
   39.50
   15.38
   15.35
   39.50
   39.96
   23.56
   24.58
   24.69
   14.92
   12.20
   36.93
   23.36
   26.53
   21.55
   21.32
   15.38
   12.35
   20.98
   21.55
   39.93
   21.63
   31.06
   15.63
   12.35
   40.35
   15.43
   15.23
   15.55
   12.43
   12.23
    6.29
   12.35
   11.47
    3.14
    3.09
    3.09
    2.94
    3.00
    6.20
    7.25
    6.12
    6.34
    6.12
    3.09
    3.17
   27.52
   27.33
   27.44
   27.33
   24.01
   12.18
   12.32
   24.32
   24.44
   24.64
   24.95
   23.59
   12.15
   12.52
   23.98
   25.85
   12.60
   11.89
   12.18
   13.71
    9.34
   36.08
   44.77
   45.39
   13.37
   11.86
    3.23
    2.92
   47.94
   42.31
   48.08
    9.32
    8.95
   46.78
   47.60
   48.11
   23.76
   24.72
   44.37
   44.60
   44.80
    9.03
    5.95
    9.06
   51.51
   51.96
   24.49
   24.07
   24.01
   23.98
   23.64
   24.49
   25.51
    9.51
    8.81
    8.24
   35.42
   35.76
   36.33
   37.46
    5.95
    3.06
    3.00
   35.48
   36.33
   36.95
    9.09
    6.03
    5.86
    6.17
   35.74
   37.58
   24.75
   30.44
   31.01
    3.09
    3.11
   57.12
   63.77
   24.41
   24.78
    6.03
    6.37
    6.31
    6.17
    6.06
    5.97
   39.25
   27.21
    6.60
    6.03
   24.30
   56.21
   53.41
   44.63
   39.93
    5.95
    6.09
    6.17
    0.00
    3.34
    2.89
    3.03
    2.94
    2.89
   34.83
   23.25
    2.97
    2.94
    2.83
   22.96
    5.69
   22.40
   51.71
   51.42
   51.76
   51.54
    2.86
    3.09
   34.52
   29.19
   32.73
   14.36
    2.83
    2.80
    2.83
    2.86
   22.63
   11.24
   41.40
   41.85
   41.80
    2.89
   22.51
   11.10
   11.58
   12.40
   11.04
    2.66
    2.75
    8.47
    8.47
    8.38
    8.41
    8.50
    8.50
    8.50
    8.13
    8.61
   11.16
    8.61
    8.41
    8.69
    8.86
    8.47
    8.47
    9.63
    9.77
   11.21
    8.24
    8.44
    8.52
    8.58
    8.58
    8.50
    8.47
    8.35
    8.41
    8.41
    8.50
    8.35
    8.30
    8.35
    8.86
    8.13
    8.30
   17.33
   18.24
   16.91
   16.88
   16.88
   16.85
   16.79
   16.68
   17.95
   16.93
   17.78
   16.82
   14.22
   13.71
   21.38
   21.92
   22.31
   22.17
   22.23
   22.06
    1.64
    1.39
    1.70
    1.70
    1.61
    2.72
    2.75
    8.27
    7.82
    8.21
    8.24
    8.07
    5.69
    5.38
    8.16
    8.30
    8.24
    8.27
   16.59
    5.58
    5.49
   19.09
   16.54
   16.25
   16.31
   22.48
   16.20
   19.31
   27.41
   32.20
   21.83
   22.34
   12.15
   16.54
   16.62
   22.26
   27.07
   19.06
   21.58
   16.82
   16.71
   16.20
   35.65
   33.75
   35.25
   35.42
   34.32
   24.49
   30.10
   35.74
   36.50
   36.36
   35.96
   35.59
   25.06
   13.56
   27.50
   27.13
   27.75
   28.20
   33.24
   22.34
   14.75
   27.52
   22.54
   22.43
   21.66
   22.17
   11.13
    8.35
   22.26
   22.43
   22.29
   31.06
   31.18
   16.91
    8.66
   24.92
   25.06
   25.06
   25.54
   25.37
   22.74
   22.68
   25.34
   25.09
   25.26
   25.34
   25.29
   22.57
   22.68
   26.02
   25.43
   25.54
   25.66
   23.02
   14.30
   14.55
   14.41
   11.38
   12.43
   11.10
   11.44
    8.69
    8.58
   13.05
   11.38
   22.77
    2.89
    2.86
    2.83
    2.83
    2.72
    2.83
    2.89
    2.66
    2.89
   25.71
   25.63
   28.46
   28.35
   28.37
   28.54
   28.32
   28.46
   28.74
   28.43
   28.06
   28.66
   28.52
   29.90
   28.94
   29.65
   29.65
   27.35
   28.57
   29.36
   29.25
   28.71
   29.31
   25.77
   26.14
   27.21
   25.99
   27.78
   24.66
   26.16
   26.73
   27.52
   26.96
   25.88
   26.93
   23.36
   17.73
   23.84
   23.33
   23.59
   24.86
   23.79
   23.30
   24.15
   23.79
   23.67
   24.21
   23.87
   24.13
   24.04
   23.70
   45.99
   45.42
   45.14
   53.60
   55.22
   44.91
   36.64
   48.25
   48.20
   48.08
   48.93
   49.33
   37.66
   36.42
   48.99
   49.50
   49.87
   35.68
   37.29
   18.26
   18.55
   50.21
   49.75
   50.52
   49.72
   47.35
   18.55
   18.49
   25.71
   25.88
   25.54
   24.92
   24.89
   18.07
   18.26
   24.49
   24.35
   25.32
   24.13
   24.38
   18.18
   18.69
   38.65
   27.27
   27.33
   18.32
   17.50
   18.92
   18.60
   24.92
   26.90
   34.12
   27.35
   36.90
   27.30
   17.95
   26.84
   27.84
   46.16
   45.25
   27.33
   18.18
   13.34
   27.55
   27.18
   12.91
    9.29
    9.71
   10.17
    9.66
   10.34
    9.23
    8.81
   12.09
    8.98
    9.09
    9.20
    9.23
   44.17
   24.27
    9.03
    2.72
    3.03
    1.64
    1.78
    2.94
    3.03
    3.00
    3.06
    2.86
    3.03
    9.00
    8.72
    3.03
    3.06
    2.89
    2.83
    2.75
    8.66
    8.66
    2.86
    2.92
    2.83
    2.86
    2.86
    8.64
   17.16
    2.75
    2.97
    3.09
    3.34
    2.75
   44.85
   44.12
   44.77
   67.22
   67.25
   66.80
   66.71
   61.36
   65.67
   74.78
   74.56
   74.50
   69.15
   50.43
   51.99
   50.83
   49.92
   50.04
   50.55
    8.38
    8.47
    8.47
    7.90
   41.57
    8.72
   25.06
    8.38
    8.47
    3.09
    0.40
    0.40
    0.40
    0.40
    0.40
    0.37
    0.40
    0.40
    0.40
    0.40
    0.40
    2.61
   52.90
   53.94
   64.73
   62.41
   71.64
  103.87
  118.53
  123.04
  122.87
  121.65
  118.14
  118.14
  121.59
  122.33
  122.90
  122.24
  121.51
  121.68
  121.99
  122.53
  121.85
  120.77
  122.47
  109.76
   90.76
   90.61
   90.73
   90.84
   62.27
   65.19
   67.59
   48.03
   42.36
   24.95
    0.00
   16.37
   46.07
   45.99
   45.79
   45.84
   47.01
   16.28
   16.11
   21.63
   48.54
   49.55
   48.82
   48.31
   16.06
   10.90
   43.58
   42.56
   43.32
   32.73
   27.33
   13.45
   13.68
   43.35
   44.26
   31.77
   43.92
   36.76
   13.82
   10.79
   32.48
   34.52
   29.90
   30.38
   32.31
   11.98
   11.38
   29.08
   27.44
   21.32
   25.03
   29.73
   10.99
   10.68
   33.19
   40.63
   35.74
   27.35
   21.55
   10.79
   10.96
   41.12
   32.48
   40.72
   40.95
   41.85
   21.61
   22.03
   40.80
   41.63
   41.43
   41.06
   41.40
   22.09
   27.67
   41.09
   40.66
   41.03
   41.31
   41.65
   36.22
   24.72
   36.30
   36.33
   41.68
   44.68
   43.49
   41.88
   40.52
   40.86
   47.69
   37.38
   37.52
   41.74
   35.00
   35.14
   37.63
   37.86
   37.80
   43.27
   41.17
   22.03
   28.80
   33.92
   34.69
   25.71
   33.27
   46.58
   45.02
   34.57
   47.43
   45.56
   35.08
   34.72
   32.85
   32.59
   32.20
   30.95
   29.96
   32.20
   32.82
   29.28
   30.41
   29.62
   33.67
   27.98
    8.47
   11.55
    9.23
    8.86
    8.95
   21.78
   20.73
   20.98
   24.72
   24.98
   21.61
   21.63
   23.76
   27.01
   27.13
   27.61
   27.47
   27.61
   24.78
   25.17
   24.83
   28.12
   27.67
   27.07
   28.03
   28.37
   28.52
   27.92
   45.51
   44.60
   28.46
   28.29
   28.40
   28.06
   18.69
   27.81
   27.78
   28.68
   28.60
   27.78
   27.10
   28.23
   29.02
   28.29
   28.54
   28.85
   28.23
   28.23
   29.22
   29.39
   28.74
   28.94
   29.45
   25.57
   25.60
   26.36
   25.37
   25.34
   25.88
   19.85
   19.37
   19.60
   19.74
   19.43
   19.99
   16.51
   16.37
   19.28
   19.37
   19.82
   13.14
   10.11
   10.22
    9.63
    9.74
    9.85
    9.91
    9.83
   15.63
   16.25
   16.54
   16.31
   16.28
   16.68
   16.31
   16.65
   16.40
   17.05
   16.23
   16.91
   13.20
   10.17
    9.60
   10.17
    9.80
    9.77
    9.71
    9.97
    9.74
   10.11
   10.36
    6.80
    6.74
   10.56
   13.73
   13.28
   13.37
   11.04
   13.20
    1.59
    3.20
    5.24
    3.28
    3.26
    2.27
    1.67
    1.59
    1.61
    5.92
   15.52
   16.48
    9.66
    3.03
    3.34
   15.97
   19.62
   22.29
   18.69
   16.48
   16.51
   16.42
   15.86
    3.45
    3.26
    3.26
    3.34
    3.20
    3.11
    3.20
   19.20
   12.35
    3.14
   16.03
   19.17
   19.11
   18.83
   19.28
   19.17
    6.48
   12.43
    1.61
    1.61
    1.47
    2.01
   11.89
    3.09
   11.36
    9.17
    9.09
   12.35
   12.37
   12.29
   12.52
   12.32
   12.01
   12.26
   11.89
   12.03
   15.12
   15.23
   15.40
   15.04
   15.15
   15.01
   14.75
   15.77
   15.04
   15.32
   15.43
   15.06
   15.15
   15.32
   14.95
   15.55
   14.87
   17.84
   17.95
   18.01
   18.94
   24.32
   18.41
   18.55
   18.35
   11.13
   12.12
   11.98
   11.95
   12.18
   15.09
   15.32
   15.26
   15.21
   21.41
   21.27
   22.12
   21.49
   21.66
   21.46
   21.38
   20.98
   22.09
   16.25
   15.21
   18.55
   18.94
   17.95
   18.26
   18.26
   17.87
   18.24
   18.21
   18.60
   18.41
   18.60
   18.07
   12.20
   12.01
   12.03
   12.03
   18.24
   12.20
   12.03
    9.00
    8.92
   11.78
   12.01
   12.37
   12.01
   12.23
   15.43
    9.66
    0.40
    0.40
    0.40
    0.82
    8.81
    8.81
    8.83
    8.89
    8.72
    9.80
    8.81
    8.98
    9.12
    9.17
    8.86
    9.09
    9.00
   12.06
   11.84
   11.61
   12.15
   12.06
   14.84
   15.09
   14.92
   18.69
   24.18
   23.64
   23.76
   23.62
   24.18
   23.70
   24.32
   23.93
   23.87
   23.47
   23.59
   23.59
   24.38
   24.69
   24.13
   24.47
   21.07
   22.29
   20.93
   21.46
   28.06
   21.41
   21.66
   18.66
   18.43
   18.26
   17.95
   18.38
   17.98
   18.80
   18.15
   18.60
   18.41
    1.78
   18.60
   18.18
   18.60
   18.41
   18.60
   18.49
   18.92
   18.58
   23.70
   18.35
   19.00
   18.35
   18.38
   15.52
   15.32
   15.32
   18.38
   18.38
   18.38
   21.44
   24.55
   21.58
   21.58
   18.46
   18.49
   18.49
   18.49
   18.46
   18.38
   18.38
   18.38
   15.32
   15.21
   15.32
   15.86
   15.32
   18.38
   18.38
   15.32
   15.32
   18.38
   15.32
   15.32
   15.32
   15.32
   15.32
   15.32
   21.44
   18.38
   19.37
   19.37
   16.14
   16.14
   16.14
   11.55
    9.68
    9.20
    9.20
    9.68
    9.68
   19.37
    9.68
    9.68
    6.48
    6.46
    6.46
    6.46
    6.46
   16.03
   16.14
   19.37
   19.37
   16.14
   16.14
   16.14
    3.23
    3.23
    3.23
    3.23
    3.28
    3.28
    3.23
    3.26
    3.28
    3.26
    3.26
    3.26
    3.26
    3.26
    9.83
    9.80
    9.80
   10.00
    9.80
    9.80
    3.26
    3.26
    3.26
    6.54
    6.54
    6.51
    6.57
    6.57
   10.28
    9.83
   10.22
    9.80
    9.77
    9.80
    9.80
    6.63
    6.54
    3.26
    3.26
    3.37
    3.14
    3.23
    3.23
    3.23
    3.23
    3.28
    3.28
    3.28
    3.28
    3.28
    1.64
    1.64
    1.95
    3.65
    1.64
    2.83
    6.60
    6.60
    6.60
    6.80
    6.60
    3.31
    1.59
    1.98
    1.93
    2.01
    1.93
    3.31
    3.28
    3.28
    3.28
    3.06
    3.06
    1.93
    1.64
    3.26
    1.64
    6.60
    6.57
    6.57
    3.31
    6.54
    6.46
    6.54
    6.46
    6.46
    6.74
    6.63
    6.63
    6.94
    6.97
   10.11
   10.19
   10.02
   10.00
    9.91
   10.08
    9.94
    9.91
    3.31
    3.31
    1.87
    1.84
    1.73
    1.64
    1.67
    1.56
    1.93
    1.87
    2.15
    1.53
    1.78
    1.56
    1.64
    1.67
    1.87
    1.87
    1.59
    1.59
    1.61
    1.61
    1.64
    1.76
    1.67
    1.56
    5.07
    3.31
    1.84
    1.76
    1.64
    1.64
    1.64
    1.64
    1.64
    1.59
    1.61
    1.59
    1.61
    1.59
    1.73
    2.72
    1.50
    1.53
    1.76
    1.53
    1.59
    1.59
    1.59
    1.76
    1.59
    1.59
    1.67
    1.47
    1.59
    1.64
    1.64
    1.76
   11.86
   11.92
    1.53
    1.53
   23.76
   32.31
   32.59
   32.03
   23.87
    1.70
    1.67
    8.81
   26.45
   20.56
   17.98
    1.47
    1.42
    1.70
    1.30
    2.46
    1.73
    1.36
    1.44
    1.47
    4.08
    1.53
    1.33
    1.47
    1.50
    1.50
    1.47
    1.47
    1.90
    0.40
    0.40
    0.40
    0.40
    0.40
    0.37
    0.40
    0.40
    0.40
    0.40
    0.40
    0.40
    0.40
    0.40
    0.40
    0.40
    5.78
    1.39
    1.50
    1.64
    2.75
    2.61
    1.73
    1.44
    1.47
    1.42
    1.47
   13.88
   14.02
   22.14
   13.88
   21.44
   14.02
   13.93
   13.82
   33.27
   50.15
   49.87
   49.16
   49.07
   49.07
   60.12
   32.85
   71.58
   81.27
   86.20
   66.12
   66.20
   66.20
   66.06
   49.21
   49.41
   49.75
    5.49
    2.63
   49.75
   22.31
   17.67
   26.28
   33.16
    8.30
    2.72
    2.63
   27.64
   28.29
   30.24
   23.62
   16.48
    2.72
   10.96
   10.79
   30.13
    5.49
    2.75
    1.30
    1.36
   30.02
   30.27
   27.44
   30.07
    1.39
   14.10
    1.30
    1.27
    1.33
    1.36
   35.08
   48.14
   29.90
   25.46
   46.21
   57.12
   46.24
   46.16
   46.38
   21.86
   21.80
   40.38
    8.10
   41.20
   43.41
   39.81
   10.82
   48.56
   48.82
   47.43
   48.90
   46.16
   46.33
   24.41
   21.55
   43.41
   43.61
   49.58
   49.13
   49.38
   21.89
   21.78
   43.52
   35.74
   43.98
   43.98
   39.39
   21.95
   21.92
   44.00
   41.74
   49.67
   35.62
   49.47
   27.64
   22.03
   41.51
    1.95
   24.86
    2.80
   41.57
   33.36
   33.27
   61.05
   60.82
   61.22
   61.22
   61.31
   36.42
   33.61
   58.56
   61.84
   58.05
   61.67
   61.96
   36.59
   36.53
   62.27
   61.67
   61.99
   61.84
   62.38
   45.45
   34.21
   34.12
   56.75
   57.26
   56.89
   56.78
   34.09
   34.18
   44.74
   46.75
   46.64
   46.24
   47.03
   34.86
   34.97
   46.58
   46.55
   46.69
   47.20
   14.61
   34.97
   31.55
   52.07
   45.79
   45.93
   45.73
   45.90
   45.68
   45.93
   45.87
   45.42
   45.70
   45.65
   51.11
   51.34
   51.34
   51.37
   51.62
   51.48
   52.10
   52.10
   34.52
   34.57
   51.96
   52.02
   51.93
   52.98
   52.30
   52.33
   52.56
   52.02
   52.44
   52.70
   52.90
   52.70
    1.73
    1.73
   52.73
   52.90
   52.81
   52.90
   52.81
   32.39
   32.31
   38.51
   37.35
   37.27
   37.07
   37.63
   31.80
   31.63
   37.66
   36.36
   43.78
   44.83
   43.75
   43.52
   32.14
   38.34
   37.72
   37.69
   37.92
   38.23
   32.39
   32.88
   40.95
   43.69
   43.58
   49.61
   49.33
   31.66
   31.74
   49.30
   35.62
   29.22
   29.05
   43.92
   11.67
   11.47
   33.58
   46.86
   52.67
   47.46
   47.06
   47.03
    2.94
   47.26
   35.57
   27.13
   48.59
   62.55
   67.20
   54.62
   15.04
   14.81
   11.86
   11.98
   12.01
   12.01
   12.01
    2.89
    2.92
    2.86
    2.89
    2.86
    2.94
    2.86
   28.83
   28.63
   25.74
   11.75
   25.91
   28.66
   28.80
   25.85
   46.13
   45.87
   45.90
   45.84
   22.96
   23.02
   34.77
   14.36
   33.98
   34.26
   34.57
   14.44
   15.12
   22.96
   24.10
   51.14
   51.06
   51.17
   42.31
   42.36
   50.83
   50.55
   50.63
   50.09
   50.72
   50.55
   53.09
   79.40
   92.57
   87.53
   71.70
   32.56
   47.74
   66.88
   66.57
   76.31
   66.97
   67.00
   80.36
   93.96
   94.58
   94.92
   79.03
   45.22
   45.11
   45.14
   22.43
   36.59
   36.47
   36.64
   28.23
   42.33
   28.12
    2.80
    2.83
   27.58
   11.16
   30.50
   11.13
   11.16
   19.28
   66.26
   66.01
   65.92
   66.06
   22.68
   21.92
    2.66
    2.66
    2.69
    2.72
    2.69
    2.55
    2.69
    2.72
    2.66
    2.66
   13.42
   14.75
   13.25
   16.20
    2.72
    2.69
   16.06
   16.06
   16.06
   15.97
    8.10
    2.66
    2.63
   16.06
   16.48
   16.82
   31.83
   16.03
    2.66
    2.58
   19.34
   42.59
   42.45
   42.33
   42.53
    2.58
    2.66
   31.91
   47.57
   34.29
   47.71
   47.37
   63.06
   63.12
   63.26
   63.23
   63.15
   63.26
   63.49
   63.60
   63.46
   63.63
   63.46
   63.54
   63.43
   25.03
   26.36
   26.31
   29.05
   26.33
   39.45
   44.91
   52.98
   42.33
   34.24
   39.62
   55.33
   66.06
   66.09
   66.15
   63.80
   47.49
   46.67
   46.84
   46.98
   46.92
   45.19
   27.64
   27.38
   16.45
    5.27
   34.49
   42.31
   42.45
   21.32
   21.24
   41.48
   41.26
   41.71
   41.46
   40.10
   15.94
   10.65
   24.07
    2.63
   42.67
   40.24
   40.75
   10.62
   10.62
   42.53
   10.79
   31.46
   42.90
   36.59
   37.49
   37.60
   40.27
   19.20
   41.91
    1.50
   26.87
   39.76
   40.32
   30.07
   39.25
   40.38
   35.14
   40.55
   40.24
   25.17
   40.55
   40.63
   40.86
   27.16
   27.16
   27.24
    2.72
   35.28
   35.28
   35.28
   35.28
   35.40
   32.54
   35.45
   35.51
   35.45
   35.45
   35.62
   35.57
   11.41
   16.37
   35.40
   30.13
   27.58
   30.38
   30.30
   15.97
   16.48
   38.48
   35.74
   17.95
   27.84
   12.52
   28.35
   29.28
   27.86
   36.39
   12.06
   27.95
   47.46
   25.23
   25.15
   28.37
   28.91
   33.61
   33.70
   31.80
   34.55
   33.84
   36.84
   41.51
   28.26
   28.37
   28.46
   28.20
   28.37
   28.52
   28.49
   28.46
   27.86
   42.76
   39.90
   40.04
   48.79
   43.04
   48.90
   49.04
   49.10
   43.44
   43.49
   49.47
   49.58
   49.44
   49.67
   49.81
   43.95
   44.09
   50.09
   50.72
   50.35
   50.04
   35.57
    2.97
   35.45
   50.15
   48.03
   47.91
   48.08
   49.50
   47.52
    2.92
   38.43
   11.92
   39.33
   23.70
   23.64
    2.78
    2.97
   35.59
   23.59
   23.59
   25.32
   12.94
   10.70
    8.86
   26.56
   29.90
   44.91
   50.80
   44.60
    2.94
    3.00
   21.07
   23.59
   19.91
    9.15
   20.87
    2.97
   20.93
   22.26
    9.03
    9.00
    2.97
    3.20
    8.75
    8.95
   10.25
   17.90
   18.01
   18.43
   17.90
   14.67
   14.95
   17.73
   47.57
   41.65
    7.73
    2.94
    1.67
    1.67
   17.87
   17.90
   18.04
   17.87
   18.18
    8.98
    8.92
   20.42
   12.06
   12.12
   12.01
   11.95
    1.56
    1.53
    1.67
    5.83
    5.83
   17.70
    5.92
    5.92
    5.66
   40.80
   40.75
   40.49
   52.22
   51.96
   34.86
   34.80
   52.05
   52.10
   52.27
   52.33
   23.19
    1.50
   40.46
   40.63
   52.73
   51.88
   51.93
   51.96
   25.88
    8.72
   46.55
   46.24
   46.33
   28.97
    8.64
    2.80
    2.86
   25.94
    2.83
    2.92
   34.43
   20.22
   20.27
    2.89
   17.36
    2.86
    2.89
    2.92
   37.86
    3.26
    2.78
   11.69
   11.41
   11.61
   13.71
   31.21
   62.38
   19.91
   11.27
   50.49
   50.52
   67.05
   67.03
   66.77
   66.88
   32.62
   63.06
   84.41
   93.30
   80.42
   67.17
   67.11
   80.62
   93.67
   93.19
   93.47
   64.53
   67.31
   67.17
   67.34
   58.81
   53.32
   53.29
   67.08
   67.08
   67.08
   79.34
   79.20
   79.26
   79.29
   79.23
   79.15
   80.14
   87.27
   94.52
   95.80
   84.53
   75.38
   67.88
   67.31
   95.23
   93.42
   53.52
   75.80
   87.70
   95.94
   92.09
   30.47
    3.34
    3.34
    3.54
    3.48
    1.36
    1.36
    1.36
    1.36
    1.36
    1.36
    1.36
    1.36
    1.36
    1.36
    1.36
    1.36
    1.36
    1.36
    1.36
    1.36
    1.36
    1.36
    1.36
    1.36
    1.36
    1.36
    1.36
    1.36
    1.36
    1.36
    1.36
    1.36
    1.36
    1.36
    1.36
    1.36
    1.36
    1.36
    1.36
    1.36
    1.36
    1.36
    1.36
    1.36
    1.36
   15.74
    7.76
   10.48
   10.59
   23.47
   31.57
   29.87
   31.91
    7.67
    7.70
    7.76
    8.27
   31.74
   31.63
   15.80
    9.34
    7.70
    7.70
    7.73
    7.73
   31.74
   36.98
    7.70
    7.73
    9.66
    9.66
   41.82
   42.16
   42.08
   10.45
    7.73
    7.70
    7.70
   20.98
   21.10
   42.05
    7.67
    7.70
    7.65
    7.62
   39.53
   31.55
   10.45
    9.77
    7.67
    7.62
    7.62
   42.05
   42.33
   42.28
   11.33
    7.33
    7.33
    7.36
    7.45
   47.71
   47.71
   47.94
   18.60
   18.63
   18.58
   47.91
   32.14
   32.05
   32.17
   32.03
   32.20
   13.31
   13.34
   18.69
   18.89
   18.72
   18.60
   42.82
   42.90
   43.18
   43.15
   43.95
   22.06
   20.87
   40.32
   43.15
   24.18
   43.24
   43.35
   21.69
   21.72
   43.58
   43.47
   43.38
   43.32
   43.24
   21.80
   21.86
   43.64
   43.72
   43.83
   43.95
   44.06
   38.65
   38.60
   46.78
   38.71
   37.55
   38.65
   38.94
   47.32
   47.40
   41.85
   33.39
   33.41
   33.61
   34.07
   39.73
   39.67
   39.70
   39.81
   39.87
   14.19
   25.80
   31.63
   25.63
   25.85
   25.80
   28.68
   34.29
   34.49
   17.13
   17.27
   37.63
   37.41
   37.41
   37.69
   37.55
   37.75
   37.60
   37.80
   37.97
   38.06
   17.50
   49.41
   20.67
   14.64
   20.36
   26.25
   26.48
   18.58
   20.50
   17.58
   17.78
   14.81
   14.67
   17.73
   17.73
   17.75
   14.67
   14.87
   17.67
   17.81
   17.90
   17.81
   17.81
    5.97
    8.78
   17.75
   29.82
   29.99
    3.00
   14.92
    2.97
    2.92
    2.94
    3.00
    2.92
    2.94
    2.94
    5.95
    6.03
    6.06
    6.48
    6.09
    5.97
    5.97
    6.00
    5.97
    5.66
    5.80
    5.92
    5.86
    5.95
    5.89
    5.97
    5.97
    5.89
    2.94
    2.89
    2.92
    2.92
    2.92
    2.89
    2.89
   17.44
   18.41
   35.23
    2.89
    2.89
   14.50
   14.47
   69.63
   69.94
   70.11
   20.50
   27.16
   26.19
   70.99
   69.57
   69.52
   23.05
    0.14
    0.23
    5.21
   14.33
   22.80
   42.50
   42.48
   51.14
   45.48
   28.06
   67.99
   59.72
   64.73
   68.58
   34.04
   34.09
   40.38
   40.12
   39.70
   51.31
   42.84
   20.05
   17.02
   29.51
   17.16
    5.72
    5.61
    5.66
    3.03
    2.92
    2.97
    2.83
    2.44
   10.02
   12.88
    2.52
    2.46
   14.13
   13.73
   14.24
   14.22
   14.22
    2.72
    2.58
   11.47
   10.45
   11.36
   11.30
   11.27
   11.38
   11.16
   14.10
   14.24
   14.27
   14.07
   13.39
   14.33
   14.16
   17.22
   17.10
   16.88
    2.72
    2.83
    2.89
    3.00
    2.55
    2.55
    2.55
    2.55
    2.44
    2.61
    2.46
    2.55
   16.37
   27.41
   27.35
   27.61
   16.48
   16.40
   13.39
   13.42
   13.59
   27.27
   41.23
   13.68
   13.62
   15.80
   13.51
   13.71
   13.45
   13.59
   13.56
   13.56
   26.90
   26.96
   54.00
   53.97
   54.00
    2.63
    2.38
    2.49
    2.52
    1.02
    1.10
    1.10
    1.08
    1.13
    1.95
    1.78
    1.78
    1.78
    1.39
    1.73
    1.67
    1.64
    1.64
    1.30
    1.64
    1.64
    1.64
    1.64
    0.82
    1.42
   18.94
   19.14
   19.06
   19.17
   19.09
   37.60
   41.71
   42.05
   18.80
    8.66
   26.87
   28.63
   40.69
    1.70
   15.40
   38.23
   38.23
   38.23
   38.23
   38.23
   38.23
   38.23
   38.23
   38.23
   38.23
   38.23
   38.23
   38.23
   38.23
   29.39
   36.67
   39.33
   27.18
   27.18
   27.18
   18.83
   16.99
   16.99
   34.35
   51.68
   59.89
   68.10
   68.10
   68.10
   68.10
   68.10
   68.10
   68.10
   68.10
   68.10
   68.10
   46.52
   33.56
   33.56
   33.56
   17.67
   17.67
   22.63
   54.88
   53.35
   53.35
   27.98
   27.98
   27.98
   21.61
   27.86
   27.86
   27.86
   20.50
   26.79
   26.79
   26.79
   51.08
   61.16
   67.51
   35.34
   35.34
   35.34
   35.34
   46.35
   33.81
   15.40
    7.90
    7.90
    7.90
    7.90
   15.40
    7.90
   15.40
   15.40
   12.80
   17.67
   17.67
   34.94
   17.67
   34.94
   34.94
   34.94
   34.94
   34.94
   34.94
   18.89
   39.56
   39.36
   39.36
   39.36
   39.36
   39.36
   19.68
   39.36
   44.97
   55.22
   55.22
   55.22
   55.22
   17.56
   15.01
   41.82
   55.22
   55.22
   47.66
   13.31
    7.08
   15.01
   52.19
   70.79
   70.79
   70.79
   47.20
   24.41
   15.01
   15.01
   51.82
   70.23
   70.23
   70.23
   24.15
   14.72
   42.48
   52.67
   32.11
   54.03
    5.83
    7.99
   14.72
   30.64
   46.81
   46.81
   46.81
   21.78
    7.82
   14.44
   14.72
   18.69
   18.69
   18.69
   18.69
   11.78
   14.44
   20.13
   28.32
   33.64
   28.32
   28.32
   15.66
   13.03
   19.74
   28.32
   28.32
   28.32
   57.77
   33.98
   42.48
   42.48
   32.31
   35.34
   26.84
   19.77
    6.09
    1.33
   10.34
   15.66
   15.09
   15.09
   15.09
   12.12
    6.63
   21.15
   21.15
   21.15
   21.15
   24.15
   12.09
   24.15
   24.15
   24.15
   24.15
   24.15
   24.15
   12.09
   24.15
   45.39
   15.09
   20.76
   19.48
   36.25
   36.25
   21.15
   33.22
   33.22
   24.15
    9.06
   48.34
   18.12
   18.12
   39.28
   23.79
   12.74
   12.74
   12.74
    6.91
   12.74
   12.74
   21.80
   29.45
   29.45
   29.45
   17.19
   29.45
   29.45
   29.45
   29.45
   29.45
   25.77
    9.83
   29.45
   63.23
   68.67
   57.20
   57.20
   57.20
   76.09
   85.52
   85.52
   85.52
   85.52
   85.52
   85.52
   85.52
   85.52
   85.52
   85.52
   85.52
   85.52
   78.30
   71.08
   71.08
   57.34
   43.61
   43.61
   43.61
   38.17
   14.53
   43.61
   43.61
   43.61
   43.61
   43.61
   36.33
    4.79
   12.74
   12.74
   12.74
   12.74
   12.74
   11.16
    4.25
   12.74
   12.74
   13.03
   13.03
   13.03
   11.44
    8.35
   32.14
   32.14
   32.14
   32.14
   32.14
   28.18
    3.68
   13.45
   13.45
   13.45
   13.45
   13.45
   10.39
    8.72
   31.01
   31.01
   31.01
   31.01
   31.01
   24.83
    4.19
   12.69
   12.69
   12.69
   12.69
   12.69
    9.85
   15.40
   57.65
   57.65
   57.65
   57.65
   57.65
   71.27
   79.46
   79.46
   79.46
   77.33
   28.12
   27.95
   21.29
   11.78
   43.21
   37.58
   23.79
   43.07
   79.60
   80.02
   31.74
   24.44
   80.19
   80.19
   56.07
   60.88
   80.19
   80.19
   76.85
   80.19
   80.19
   80.19
   60.82
   21.72
    3.40
   11.24
   51.40
   80.05
   80.05
   58.59
   21.72
    7.28
   28.52
   28.52
   28.52
   28.52
   28.52
   21.72
    4.25
   12.94
   12.94
   12.94
   12.94
   12.94
   10.05
    3.28
    9.00
    9.00
    9.00
    9.85
   11.27
   11.27
   14.92
   28.83
   28.83
   28.83
   22.88
   12.97
   12.97
   12.97
   12.97
   18.92
   28.83
   49.98
   71.13
   29.99
   13.03
   13.03
   24.95
   52.61
   32.82
   13.03
   13.03
   13.03
   13.03
   13.03
   18.24
   29.90
   25.54
    5.95
    5.95
   18.55
   56.35
   29.05
    5.95
   28.97
   18.21
    5.95
   30.50
   79.57
   60.71
    5.95
    5.95
    5.95
    5.95
   17.13
   50.69
   50.69
   13.39
   13.79
   24.58
    9.91
   15.15
   30.87
   30.87
   30.87
   30.87
   26.84
   11.61
   11.61
   11.61
   21.24
   30.87
   30.87
   18.41
    5.95
    5.95
   20.25
   34.55
   34.55
   34.55
   16.68
    5.95
    5.95
   21.52
   30.87
   30.87
   22.00
   11.33
   31.15
   11.33
   11.33
   17.70
   41.91
   41.91
   34.35
    5.66
    5.66
    5.66
    5.66
   18.63
   33.98
   28.09
    5.66
    5.66
    5.66
   10.85
   30.58
   30.58
   25.49
    2.41
    3.26
   27.78
   33.58
   38.54
   44.54
   44.51
   10.90
   28.91
   44.83
   44.60
   50.15
   50.55
   50.40
   50.72
   50.80
   50.60
   51.00
   51.25
   48.45
   51.25
   45.48
   42.70
   42.87
   51.40
   52.07
   34.18
   34.26
   46.47
   44.97
   37.60
   38.23
   37.52
   37.60
   37.97
   37.89
   37.72
   37.83
   37.66
   38.48
   38.45
   37.21
   23.64
   23.64
   23.81
   23.62
   23.87
   23.84
   23.84
   11.78
    5.83
   29.90
   29.76
   30.02
   29.34
   29.82
    5.86
    6.00
   23.59
   20.33
   23.47
   19.43
   29.42
    6.03
    5.83
   17.47
   18.01
   17.90
   18.04
   18.04
    5.80
    5.92
   18.26
   19.28
   16.85
   13.56
   17.95
    5.78
    6.97
   17.92
   17.90
   18.07
   17.92
   17.92
    5.89
    5.89
   11.81
    8.95
    8.89
    8.95
    8.86
    5.83
    5.89
   14.78
   21.78
   23.93
   24.38
   18.15
    6.00
    6.20
   11.95
   12.09
   12.12
   12.40
   12.60
    6.31
    7.59
    6.46
    6.20
    6.00
    6.23
    6.37
    6.26
    6.12
   58.81
   29.39
    8.72
    8.83
    8.69
    8.75
    8.86
    8.64
    8.78
    8.83
    8.58
    8.83
    8.86
    8.64
   10.82
   20.56
   32.17
   32.25
   23.13
   23.30
   23.42
   26.11
   17.58
   26.33
   43.75
   20.44
   14.58
   14.58
   40.66
   40.72
   46.89
   46.89
   47.52
   49.19
   69.40
   70.45
   70.54
   41.97
   41.31
   52.41
   52.56
   40.92
   41.40
   41.37
   69.09
   70.57
   53.26
   17.78
   32.28
   32.22
   32.14
   32.34
   32.31
   32.34
   26.39
   26.50
   29.25
   49.78
   49.58
   49.67
   49.58
   23.53
   11.67
   29.36
   23.59
   10.22
    8.58
    3.03
   36.84
   94.58
  111.68
  127.14
  127.20
  126.86
  126.24
  127.14
   97.95
   77.33
   75.75
   31.94
   72.35
  101.46
  126.66
  126.97
  127.34
  103.38
   72.63
   77.62
   78.15
   78.64
   78.30
   78.47
   79.12
   74.78
   64.65
   78.75
   78.47
   56.61
   29.14
   14.10
   13.99
   13.96
   14.22
   11.27
   11.36
   11.27
   11.33
   11.41
   11.36
   11.38
    5.64
    5.66
    8.50
    8.38
   35.82
   79.68
   91.61
   91.61
   87.58
   91.69
   83.76
   33.13
   63.06
   90.98
   91.15
   89.25
   76.80
   76.91
   34.60
   76.60
   39.08
   50.80
   76.40
   70.03
   66.20
   66.01
   65.92
   66.09
   13.76
   13.68
   41.17
   41.20
   41.29
   41.37
   41.34
    9.37
    9.34
    9.43
   35.03
    8.27
   37.66
   24.27
    7.96
    5.27
   37.63
   37.49
   37.86
   37.35
   37.66
   13.37
   13.37
   29.31
   29.39
   21.24
   21.38
   21.29
   10.68
   10.73
   21.46
   24.13
   24.04
   24.10
   24.07
   14.24
   17.10
   17.08
   22.54
   22.68
   20.05
   19.94
   19.79
   19.82
   19.91
   19.85
   19.85
   28.29
   28.20
   22.68
   22.65
   43.52
   31.43
   31.29
   31.29
   29.85
   13.56
   13.37
   32.88
   34.91
   35.82
    9.77
    5.95
    5.95
    5.95
    5.95
    5.95
    5.95
    5.95
    6.34
   20.02
   22.85
   25.46
   25.43
   33.07
   33.19
   33.33
   33.27
   33.27
   33.33
   35.88
   35.59
   27.75
   25.57
   25.63
   25.57
   25.57
   25.60
   25.71
   25.60
   25.57
   25.57
   25.54
   30.70
   30.70
   30.87
   30.84
   23.08
   20.59
   20.39
   28.20
   28.23
   22.37
   38.71
   38.79
   31.15
   29.00
   41.54
   41.51
   41.54
   41.51
   41.77
   33.58
   33.47
   33.90
   34.07
   33.98
   47.23
   46.86
   26.02
   25.74
   29.05
   13.08
   29.08
   28.94
   28.68
   19.62
   19.60
   28.06
   28.06
   30.92
   36.25
   35.91
   28.26
   19.65
   28.15
   39.59
   39.62
   39.76
   11.10
    3.23
    3.23
   11.84
   11.72
   11.89
   24.35
   11.84
    2.97
    3.20
   39.70
   40.07
   39.90
   40.04
   40.32
   11.81
   12.06
   40.29
   40.24
   40.18
   40.24
   40.27
   25.88
   25.91
   51.62
   52.30
   43.47
   43.61
   43.55
   17.33
   10.51
   43.72
   43.72
   43.78
   43.81
   44.03
   17.47
   17.53
   41.17
   41.37
   41.31
   41.37
   41.48
   17.64
   17.61
   41.65
   41.51
   41.60
   41.48
   41.71
   32.79
   34.52
   54.00
   53.97
   53.15
   54.28
   54.48
   27.16
   27.33
   36.36
   36.47
   36.25
   36.44
   36.70
   26.05
   26.08
   39.87
   40.12
   27.50
   24.52
   24.55
   24.41
   24.52
   24.49
   24.66
   24.66
   21.69
   21.66
   21.52
   21.80
   24.75
   24.75
   24.66
   24.78
   24.78
   15.60
   15.43
   21.72
   15.46
   15.60
   15.26
   15.43
   15.49
   15.43
   26.50
   11.38
   12.01
   15.89
   15.97
   16.00
   16.06
   18.43
   18.63
   15.35
   15.38
   15.12
   15.35
   15.52
   15.35
   15.55
   15.49
   15.49
   15.38
    9.66
    9.57
    9.60
   40.58
   31.52
   50.35
   22.03
    6.23
    6.23
    6.29
    6.26
    6.26
    9.32
    9.26
    6.20
    6.06
   45.48
   45.00
   45.08
   44.85
   44.83
   17.81
   17.73
   44.85
   44.60
   44.88
   45.53
   44.94
    8.89
    8.89
   20.84
   14.87
   14.89
   15.69
   14.87
    5.83
   11.84
   44.46
   44.51
   44.40
   44.49
   37.24
   37.43
   37.12
   44.74
   37.75
   30.38
    5.92
   14.67
   14.64
   49.67
   70.45
   70.42
   70.03
   70.59
   70.34
   29.48
   29.48
   38.34
   44.66
   44.54
   44.40
   48.82
   14.64
   16.11
   44.60
   44.54
    3.09
   44.06
   43.89
    5.69
    5.80
   29.05
   28.66
   40.63
   40.49
   34.63
    5.64
    5.72
    5.61
    5.69
    5.72
    5.72
    5.61
    5.64
    5.75
    5.58
    5.69
    5.44
    5.86
    5.61
    5.69
    5.80
    5.78
    5.69
    5.69
    5.66
    5.69
    5.61
    5.66
    8.41
    3.20
    3.20
    3.20
    4.87
    8.38
    8.38
    8.58
   14.61
   14.50
   14.72
   16.00
    5.64
    5.61
   11.27
   11.36
   10.87
   11.19
   11.24
    5.58
    5.52
    5.58
    5.49
    5.64
    5.52
    5.58
    5.66
    5.64
    5.69
    5.55
    5.55
    5.49
    5.61
    2.92
    2.78
    2.92
    2.69
    2.80
    2.94
    2.92
    2.89
    2.94
    2.89
    2.92
    3.03
    2.92
    2.78
    3.03
    3.03
    2.89
    2.89
    3.06
    3.00
    2.94
    3.00
    2.97
   23.70
   34.24
   36.87
   36.98
   36.84
    2.83
    2.89
   21.92
   21.92
   30.30
   20.81
   19.26
    2.75
    2.75
   38.20
   38.31
   38.26
   38.57
   38.77
   13.99
   14.02
   38.54
   38.34
   38.31
   38.57
   38.31
   13.82
   13.73
   38.40
   38.06
   30.02
   19.23
   30.02
   43.81
   43.86
   46.55
   46.58
   46.75
   47.06
   46.89
   44.09
   46.92
   46.95
   47.15
   47.29
   47.15
   47.15
   23.76
   23.64
   36.36
   36.02
   36.27
   41.85
   41.88
   23.79
   23.84
   42.22
   41.91
   42.19
   43.55
   42.70
   24.07
   24.18
   38.17
   35.54
   32.31
   32.51
   38.45
   17.22
   17.30
   34.55
   34.29
   34.21
   34.49
   34.24
   17.10
   17.25
   28.68
   28.54
   43.04
   43.27
   43.24
   28.77
   28.66
   46.72
   42.82
   42.62
   42.59
   42.96
   29.76
   29.68
   42.90
   42.93
   43.18
   43.13
   42.98
   30.75
   29.62
   35.85
   39.11
   38.99
   40.61
   39.02
   21.15
   21.38
   39.33
   34.74
   34.77
   34.80
   34.60
   28.66
   26.39
   30.36
   29.99
   30.64
   30.53
   32.08
   12.15
    9.37
   24.47
   28.91
    3.31
    3.20
   21.58
   12.35
   12.52
   21.55
   22.65
   21.38
   21.46
   21.38
   12.43
   12.49
   23.84
   21.32
   21.55
   21.38
   21.41
   15.29
    8.50
   22.31
   21.72
   21.92
   21.86
   21.89
   12.23
   13.37
   21.35
   21.49
   21.66
   21.49
   21.61
   12.23
   14.19
   21.72
   21.61
   21.78
   22.00
   22.17
   13.48
   12.77
   21.86
   21.78
   27.61
   29.39
   26.56
   15.43
   15.23
   15.60
   23.02
   22.96
   12.29
   12.20
   12.29
   12.26
   21.46
   21.66
   42.59
   52.67
   36.90
    9.15
    9.43
   49.70
   49.95
   49.75
   49.72
   51.82
    9.63
    9.57
   56.07
   56.35
   37.55
   37.46
   18.72
    6.20
    6.26
   33.98
   34.46
   33.84
   33.81
   35.06
    6.12
    6.03
    6.09
   55.33
   55.47
   55.42
   53.80
    6.00
    6.26
    6.23
   55.76
   55.64
   55.56
   36.95
    6.03
    6.20
   46.47
   46.84
   47.01
   47.06
   46.86
    6.17
    6.23
   37.55
   27.92
    6.14
    6.20
   10.82
   54.17
   62.81
   53.97
   54.20
   56.95
   71.95
   53.52
   47.43
   70.74
   74.78
   77.36
   77.45
   77.42
   77.31
   77.59
   77.93
   77.25
   77.87
   78.21
   78.01
   78.41
   77.79
   77.22
   76.46
   76.20
   76.88
   76.80
   76.65
   77.22
   77.14
   77.36
   77.05
   77.25
   61.45
   53.04
   35.45
   35.48
   47.35
   47.60
   47.35
   47.09
   44.23
   32.59
   20.67
   32.56
    5.89
    5.86
   14.75
   38.17
   49.98
   29.45
   29.45
    5.89
    5.80
    3.09
    4.62
    3.06
    3.11
    8.83
   14.50
   29.65
   30.61
   28.94
    5.72
    3.23
    3.28
    3.00
    3.09
    3.26
    3.57
    3.09
    2.83
    2.94
    2.86
    3.23
    3.03
    3.31
    3.34
    3.03
   11.47
   11.50
   10.02
   11.21
   11.16
    2.94
    2.86
    5.49
    5.66
    5.66
    5.66
    5.66
    5.66
    5.66
    5.66
    5.66
    5.66
    5.66
    5.66
    5.66
    5.66
    5.66
    5.66
    5.66
    5.66
    5.66
    5.66
    5.66
    5.66
    7.82
   38.62
   57.00
   49.50
   62.86
   65.75
   66.20
   35.74
   38.51
   49.47
   49.55
   16.40
   16.40
   38.54
   38.65
   38.54
   33.16
   33.05
    1.47
    3.00
   49.53
   49.47
   49.24
   49.07
   35.62
   35.31
   35.57
   49.13
   49.27
   49.53
   49.44
   22.03
    5.95
   34.21
   52.07
   49.19
   49.67
   49.36
   49.55
   13.82
   13.85
   49.70
   28.97
   31.52
   31.91
   34.69
   34.66
   34.63
   35.40
   31.88
   22.26
   31.06
   27.75
   22.23
   20.70
   35.14
   29.42
   29.14
   23.76
   22.12
   20.90
   16.85
   26.31
   26.53
    2.72
   26.53
   17.10
    5.52
    5.52
   34.86
   34.66
   29.51
   34.94
   34.89
   28.01
   16.88
   44.94
   44.83
   45.08
   45.05
   45.11
    2.75
    2.80
   34.89
   25.43
   16.93
    2.75
   28.18
    8.41
    8.50
   32.34
   37.97
   31.01
   39.53
   40.52
   21.10
   21.15
   40.27
   39.50
   41.09
   40.38
   28.43
   21.10
   21.38
   48.14
   45.42
   45.56
   45.84
   45.53
   21.41
   21.29
   45.79
   45.90
   45.56
   46.78
   46.16
   21.46
   21.55
   21.38
   46.04
   46.21
    9.94
   30.50
   35.25
   35.11
   46.61
   46.84
   38.00
   47.18
   46.95
   17.73
   17.61
   44.34
   44.20
   44.34
   44.23
   44.40
    5.83
    6.06
   44.40
   44.49
   43.78
   44.77
   44.85
   29.73
   29.99
   45.62
   44.80
   44.97
   45.08
   45.02
   15.15
   15.12
   51.40
   51.51
   51.51
   51.59
   51.73
   18.43
   15.15
   52.13
   52.16
   52.13
   52.36
   51.90
   14.92
   18.38
   27.81
   28.15
   28.01
   28.01
   27.84
   20.81
   21.63
   27.72
   27.89
   28.01
   28.12
   28.32
   22.03
   21.78
   28.83
   28.26
   27.98
   31.40
   28.26
    7.82
    7.82
   14.19
   14.22
   31.40
   31.69
   31.32
   17.25
    6.12
   31.57
   31.60
   31.69
   31.83
   31.55
   12.18
   10.96
   31.06
   46.35
   43.98
   44.32
   44.00
   44.15
   21.55
   56.55
   24.78
   28.46
   24.78
   24.92
   24.83
   24.92
   43.41
   43.64
   43.55
   43.30
   43.38
   21.49
   24.75
   37.21
   37.83
   55.90
   59.15
   77.62
   56.46
   43.66
   56.61
   57.45
   50.66
   50.46
   50.80
    6.31
    6.23
    9.51
    9.34
    6.17
   12.49
   12.52
   12.43
    6.20
   37.18
   37.29
   37.66
   37.43
   55.93
   59.66
   74.93
   56.10
   57.17
   39.73
   38.57
   44.00
   37.97
   31.52
   23.62
   28.09
   29.11
   29.25
   28.85
   14.44
   14.41
   51.37
   50.35
   45.87
   50.21
   51.08
   10.76
   10.59
   14.07
   14.02
   25.63
   14.58
   10.79
    1.67
    2.97
   31.88
   31.23
   31.38
   34.89
   31.63
    6.94
    6.97
   24.18
   24.18
    6.94
    6.91
    6.85
    6.57
    6.71
   10.25
    6.80
    3.37
    6.80
    6.57
    3.99
    3.62
   48.87
   66.49
   36.10
   44.54
   52.07
   51.90
   51.54
   58.28
   48.31
   58.30
   58.50
   58.11
   58.11
   54.99
   61.67
   58.87
   58.79
   58.64
   26.02
   25.85
   25.91
   12.97
   45.31
   25.74
   25.74
   25.88
    3.06
    2.83
   11.41
   12.57
    2.97
    2.52
    3.14
    2.86
    3.31
    8.52
   12.12
   11.27
   25.51
   25.40
    2.83
    2.78
   16.93
   16.91
    9.40
   12.52
   12.52
    2.78
    2.86
    9.97
   12.03
    9.91
   11.19
   11.21
   11.07
   11.07
   33.36
   33.24
   33.24
   33.02
   34.07
   19.65
   27.55
   35.79
   33.27
   33.16
   32.88
   33.92
   15.29
    5.49
   33.19
   33.05
   33.16
   30.38
   32.93
    4.05
    4.13
   10.05
   12.57
   17.98
    5.49
    5.49
   22.14
   30.33
   39.96
   61.67
   81.27
   82.57
   82.40
   82.18
   82.23
   82.80
   62.01
   62.01
   61.84
   61.22
    2.78
   11.69
   41.91
   41.54
   54.82
   44.68
   41.31
    6.94
    7.11
   48.70
   37.83
   37.60
   31.66
   28.71
   26.82
   28.94
   42.65
   41.29
   41.71
   53.15
   49.72
   30.67
   27.24
   47.88
   11.95
   47.97
   24.47
   10.68
   10.36
   10.36
   23.67
   28.49
   34.21
   34.21
   34.21
   17.10
   20.53
   32.45
   34.83
   38.37
   38.62
   35.17
   45.93
    3.57
   41.14
   37.18
   37.32
   35.93
   38.77
   36.81
   23.30
   48.90
   37.97
   38.03
   37.43
   37.66
   19.20
   17.75
   37.41
   37.49
   37.58
   37.66
   39.16
   16.79
   19.99
   34.49
   41.23
   40.61
   36.76
   35.88
   18.49
   31.26
   38.74
   40.83
   37.86
   38.34
   38.62
   18.26
   20.27
   38.51
   38.37
   39.79
   48.05
   46.95
   36.67
   16.85
   16.71
   41.23
   37.21
   36.73
   37.69
   12.57
   12.66
   36.08
   36.50
   36.87
   35.59
   40.72
   13.45
   13.65
   37.46
   37.60
   37.58
   38.71
   37.89
   39.05
   18.29
   37.21
   36.56
   38.00
   37.63
   54.28
   19.57
   18.21
   44.94
   46.10
   36.67
   35.91
   37.27
   19.57
   18.01
   36.10
   36.27
   46.01
   31.23
   31.26
    9.91
   10.02
   28.03
   27.98
   34.46
   46.24
   35.68
   13.22
   13.37
   36.56
   36.87
   36.90
   57.96
   48.70
   13.73
   13.00
   35.23
   35.99
   55.87
   56.12
   65.13
   42.16
   10.02
   38.03
   34.46
   34.46
   35.00
   34.38
    6.82
    6.71
    6.65
    6.71
    6.71
   25.29
   32.14
   13.65
   13.34
   31.52
    7.11
    7.08
    7.11
    3.54
   12.35
   13.56
   38.43
   30.89
   26.14
   19.28
   19.34
   15.83
   12.91
   22.80
   22.60
   22.80
   22.77
   25.85
   14.05
   12.97
   19.28
   19.71
   13.34
   13.08
   13.00
    8.27
    6.43
   13.48
   12.91
   12.83
   13.14
   13.17
    6.48
    6.51
   13.05
   13.03
   12.86
    6.43
    6.63
    6.80
    6.34
   12.94
   12.97
   12.88
    9.66
    9.83
    6.26
    6.57
   13.28
   13.05
   16.37
   13.17
   12.74
    3.28
    3.43
    7.96
    8.83
    9.63
    9.51
    9.54
    3.11
    3.57
    6.29
    6.37
    6.23
    9.15
    6.17
    3.23
    3.11
    6.23
    6.12
    6.51
    5.97
   38.57
   20.56
   18.24
   37.04
    9.34
   37.15
   36.59
   30.36
   27.69
   24.07
   36.19
   36.10
   42.16
   42.22
   41.99
   36.19
   36.13
   41.88
   53.92
   18.75
    7.31
   11.33
   11.33
   11.33
    6.60
    4.25
    7.08
    4.25
   11.33
    9.71
    5.72
    5.89
    3.00
   11.58
   11.67
   11.58
    7.31
    8.66
   25.66
   22.57
   16.93
   35.31
   34.74
   23.25
    5.72
   15.69
   18.92
    3.09
    2.83
    1.42
    3.03
    2.89
    2.94
   34.07
   35.11
   34.07
   33.98
   27.92
   27.92
   58.73
   58.84
   58.81
   58.93
   61.76
   21.95
   22.96
   21.92
   18.01
   21.92
   21.89
   21.72
    2.97
    2.92
   33.56
   36.44
   40.92
   40.97
   17.39
   64.82
    0.00
   57.94
   83.48
   82.77
   85.01
   85.43
   85.60
   85.94
   85.83
   85.97
   85.91
   86.31
   86.76
   70.57
   69.77
   69.74
   70.37
   70.06
   61.62
   69.46
   69.77
   70.59
   69.43
   84.72
   86.05
   85.83
   85.74
   77.76
   86.37
   44.68
    7.65
    7.65
    7.65
    7.65
   20.39
   78.35
   87.36
   87.78
   86.20
   86.37
   86.37
   86.17
   86.25
   86.54
   86.76
   82.35
   60.80
   60.63
   60.77
   60.68
   61.02
   57.62
   36.98
   50.55
   80.70
   73.68
   75.80
   85.66
   85.43
   85.66
   64.11
   65.21
   32.45
   30.53
   63.43
   54.00
   54.20
   53.97
   54.14
   16.93
   17.30
   49.89
   35.68
   31.86
   27.86
   14.70
   14.64
   14.50
   44.63
   56.69
   34.07
   53.46
   53.41
   21.35
   21.15
   57.03
   53.60
   53.66
   53.46
   53.75
   26.73
   16.45
   62.50
   54.09
   54.03
   54.14
   54.26
   21.63
   21.61
   54.31
   56.27
   56.38
   60.15
   59.13
   16.65
   15.06
   36.47
   37.07
   37.41
   36.67
   37.10
   16.76
   17.92
   43.69
   43.52
   45.45
   45.14
   45.36
   18.26
   17.90
   42.02
   49.75
   51.25
   51.45
   51.88
   41.06
   37.66
   48.20
   38.94
   36.70
   38.60
   39.70
   31.80
   31.15
   32.05
   42.33
   42.16
   27.72
   36.87
   28.09
   28.09
   28.88
   28.09
   29.22
   25.60
   25.40
   25.51
   11.04
   42.67
   48.03
   46.75
   47.01
   43.10
   47.23
   47.18
   57.68
   57.91
   18.60
   18.12
   18.38
   57.26
   57.03
   57.68
   20.59
    2.86
    2.83
    2.83
   20.30
   20.73
   51.17
   52.90
   51.71
   20.76
   20.98
   20.56
   20.70
   23.79
   25.85
   25.54
   25.60
   24.78
   24.15
   24.04
   16.65
   12.54
   12.32
   24.24
   20.42
    2.92
    2.94
   13.82
   13.82
   14.05
   14.02
   14.07
    3.03
    3.00
   15.40
   16.76
   17.41
   16.76
   18.38
    3.03
    3.03
    3.20
    3.54
    3.54
    3.54
    3.54
    3.54
    3.54
    3.54
    3.54
    3.54
    3.54
   10.48
    2.58
    2.69
   13.25
    5.32
    5.15
    5.15
    6.74
    2.52
    2.55
    9.12
    6.31
    9.12
    7.96
    7.90
    2.75
    2.58
   24.24
   20.16
   26.31
   20.08
   19.60
    5.49
    5.49
   27.10
   32.96
   22.31
   23.50
   26.16
    2.89
    3.37
   11.16
   10.73
   25.15
   50.35
    3.48
    3.26
    3.11
   42.76
   42.19
   32.73
    3.17
    2.55
    2.78
    2.52
   31.71
   38.62
   25.40
    2.72
    2.69
    7.79
    6.40
   19.26
    3.48
    3.06
   20.84
   22.51
    2.63
    2.55
    3.09
    2.58
   31.12
   31.77
   31.74
    3.09
    2.94
   30.41
   15.49
    2.69
    3.06
    3.06
    3.20
    3.48
    4.08
    3.43
    5.13
    2.86
    3.48
    3.34
    3.06
    2.97
    2.97
    2.80
    2.94
    2.86
    2.92
    2.94
    2.92
    2.92
    2.83
    3.00
    2.89
    2.89
    2.89
    2.89
    2.94
    2.94
    2.86
    2.89
    2.86
    2.97
   27.61
    2.86
   23.53
   39.16
   38.68
    2.72
    2.80
   39.81
   43.86
   12.06
   12.01
   39.33
   33.24
   54.59
   42.25
   16.51
    3.17
    2.80
    2.80
    2.78
    2.80
    2.78
    2.66
    2.69
    2.66
    2.86
    2.75
    2.72
    2.72
    2.75
    2.78
    2.72
    2.66
    2.78
    2.78
    2.86
   15.04
    9.34
    8.72
    9.23
    8.58
    8.69
    8.72
    8.72
    8.72
    8.66
    9.09
    8.64
    9.15
    9.12
    8.61
    8.78
    8.98
    9.00
    9.09
    9.91
    9.46
    6.20
    8.41
    2.75
    2.72
    2.72
    2.69
    8.35
    8.33
    8.33
    2.78
    2.69
    3.40
    2.69
    3.79
    2.69
    2.69
    2.78
    2.66
    2.89
    2.72
    2.78
    3.06
    2.63
    2.72
   12.83
    3.20
    2.63
   11.27
   11.30
   11.81
   11.81
    2.78
    2.72
    2.66
   16.31
   23.02
   22.82
   25.88
   17.16
    4.02
    2.69
   25.43
   25.37
   25.68
   25.57
   25.57
    2.66
    2.86
   13.42
   13.34
   10.48
   10.68
   17.73
    2.69
    2.75
   30.16
   30.16
   27.35
   17.58
   17.61
   17.50
   10.39
    9.54
    2.80
    2.69
    2.80
    2.78
   16.59
   17.25
   17.90
   29.76
   10.73
   10.87
   25.57
   10.34
    9.03
    2.69
    2.72
    2.72
    2.72
   11.78
   14.78
   14.64
   23.45
   23.67
   23.59
   23.90
   25.23
   10.48
   26.67
   31.23
   33.22
   28.32
   32.59
   38.45
   27.61
   27.10
   33.39
   32.05
   34.91
   34.77
   33.56
   22.29
   24.21
   33.58
   33.64
   33.33
   34.01
   33.90
   22.26
   22.03
   34.09
   33.87
   33.75
   34.55
   37.41
   25.71
   26.39
   41.48
   34.12
   42.25
   42.14
   42.65
   28.32
    9.32
   46.38
   45.48
   47.26
   38.68
   45.96
   20.87
   20.98
   21.15
   37.38
   37.32
   37.38
   21.38
   21.10
   19.65
   37.63
   37.12
   20.27
   36.02
   12.43
   18.69
   18.66
   30.50
   26.82
   26.62
   26.48
   26.25
   10.70
   10.73
   29.36
   30.04
   28.35
   17.39
   32.48
   41.48
   41.43
    5.04
    5.30
    3.54
    3.54
    3.54
    3.54
    3.54
    3.54
    3.54
    3.20
   17.30
   14.30
   14.36
   14.30
   41.37
   43.30
   43.61
   42.53
   44.17
   15.72
   17.47
   19.00
   17.33
   36.08
    3.00
   17.41
    3.03
    2.92
   22.20
   22.12
   23.79
   24.72
   26.73
    2.97
    3.00
   25.54
   25.49
   25.60
    9.51
    9.43
    3.06
    2.86
   17.36
   30.75
   30.89
   24.18
    2.66
    2.75
    2.78
   25.40
   25.23
   25.17
    7.79
    9.43
    3.00
    3.09
   28.20
   28.57
   28.40
   20.33
   20.16
   20.56
   20.53
   34.63
   25.29
   25.23
    9.23
    9.29
    2.97
    3.62
   24.89
   25.49
   22.09
   17.36
   28.12
    2.92
    3.03
   18.07
   27.55
   36.73
   18.18
   12.15
    5.92
    6.03
    9.29
   12.29
    3.11
    3.06
    2.97
    3.00
    2.97
    9.40
   10.90
   18.89
   19.57
    6.23
    7.65
    7.87
   17.41
    2.75
    3.00
    3.03
    6.09
    3.03
    3.00
    5.72
   10.42
    9.29
    3.00
   21.32
    3.09
    3.03
    2.94
   18.15
   19.82
   18.86
   15.15
    2.92
    3.00
   12.37
   12.40
   12.86
   13.17
   12.91
    3.03
    3.11
   12.35
   13.62
   13.59
   10.51
   10.56
    3.03
    2.94
    2.92
    3.00
    2.97
    2.86
    2.89
    2.89
    3.03
    2.86
    2.80
    2.86
    2.89
    2.94
    2.89
    2.86
    2.86
    3.34
    3.14
   26.36
    2.89
    2.86
    2.80
    4.22
    2.86
    2.89
    2.86
    2.92
    2.86
    2.83
    2.86
    2.83
    2.83
    2.86
    2.83
    2.83
    2.86
    2.80
    2.80
    2.78
    2.80
    2.86
    2.78
    2.78
    2.78
    2.78
    2.72
    2.78
    2.69
    2.86
    2.92
    2.78
    2.83
    2.86
    2.75
    3.62
    2.75
    2.75
    2.72
    2.83
    2.78
    2.75
    2.72
    2.72
    2.80
    2.72
    2.72
    2.72
    2.78
    2.69
    2.66
    2.69
    2.66
    2.69
    2.52
    2.63
    2.66
    2.69
    2.63
    2.63
    2.69
    2.63
    2.66
    2.63
    2.66
    3.60
    2.58
    2.58
    2.75
    2.80
    2.66
    2.86
    2.52
    2.66
    2.66
    2.66
    2.63
    2.69
    2.61
    2.66
    2.72
    2.61
   17.47
   17.67
    2.69
    2.63
    2.63
    2.63
    2.61
    2.63
   27.64
   39.56
    2.69
    2.63
   20.27
   18.83
    2.66
   36.64
   44.12
   30.84
   27.61
   21.92
   21.92
    2.89
   13.56
   10.70
    2.63
    2.61
    2.63
   30.75
   36.78
   18.97
   20.27
    2.61
   18.94
   37.38
   35.17
   29.36
   25.00
    2.66
    2.61
    2.63
    2.63
    2.61
   61.76
   41.88
   59.47
   36.05
   52.41
   59.89
   48.68
   42.70
   34.72
   36.70
   22.12
   20.78
   38.43
   38.03
   20.73
   20.67
   32.73
   19.06
    2.66
   19.03
   19.57
   18.46
   36.70
   38.91
   42.28
    7.02
   48.25
   51.11
   51.28
   59.89
   59.95
   51.37
   26.31
   78.47
   78.41
   42.48
   75.01
   55.13
   28.18
   38.23
   66.54
   56.89
   56.83
   44.74
   52.56
   37.77
   21.92
   52.44
   35.96
   36.59
   37.46
   50.15
   21.12
   21.12
   57.48
   42.79
   41.34
   37.83
   36.08
   19.57
   20.22
   26.02
   35.96
   13.56
   11.81
   16.42
   20.76
   40.55
   55.33
   53.97
   55.05
   38.03
    2.83
   19.57
   20.90
   53.38
   54.79
   55.02
   38.62
   19.71
    7.65
   24.64
   22.99
   12.15
    3.60
   20.47
   20.76
    2.86
    2.92
   39.87
   56.46
   55.98
   41.82
   17.36
    4.42
   24.89
   37.07
   54.37
   21.66
    2.89
    9.12
    3.26
    3.20
   50.01
   37.72
   20.59
   10.93
   20.47
    3.00
    2.94
   35.88
    2.97
   21.38
   21.32
    8.92
    2.83
    3.26
   20.84
   21.07
    3.00
    3.00
    2.89
    3.03
    2.97
   19.94
    3.03
   19.00
    3.00
    2.92
    2.97
    2.94
    6.00
    3.06
    3.09
    2.92
    3.48
    4.56
    2.83
    2.61
   23.28
   19.77
    3.03
    2.94
    2.97
    2.97
    3.00
    3.09
    3.31
    3.88
    3.03
    4.53
    2.92
    2.78
    2.63
    2.63
    2.63
    2.63
    2.63
    2.63
    2.63
    2.63
    2.63
    2.63
    2.18
    3.34
    3.54
    3.48
   63.17
   43.75
    3.45
    3.37
    3.51
    3.34
    3.51
    3.51
    3.54
    3.28
    3.17
    4.87
    5.30
    9.37
   18.52
   23.25
   25.99
   33.78
    2.94
    2.97
   24.41
   18.46
   17.13
   15.49
   15.15
    9.15
    3.09
    2.97
    2.97
    3.00
    2.97
    2.92
    3.06
    2.97
    2.94
    2.97
    3.00
    2.89
    2.92
    2.94
    2.94
    2.94
    2.97
    3.09
    3.06
    2.69
    2.94
    2.92
    2.92
    2.94
    2.92
    2.92
    2.89
    2.92
    2.92
    2.92
    2.92
    2.92
    2.92
    2.94
    2.80
    2.80
    9.12
    2.86
   17.61
   32.14
   17.56
    1.42
    8.81
   11.41
    5.80
    4.28
    9.26
    5.07
    4.11
    2.61
   28.94
   13.00
   27.75
    2.78
    2.78
    2.78
    2.80
    2.83
    2.75
    2.78
   35.42
    2.75
    2.80
    2.80
   35.14
    2.83
    2.80
    2.75
    3.28
    2.80
    2.78
    2.97
    2.80
    4.13
    2.75
    2.83
    2.80
    2.69
    2.75
    2.75
    2.72
    2.78
    2.80
    2.69
    2.72
    4.59
   32.59
   28.03
    2.80
    2.80
    2.69
    2.83
    2.61
   21.95
   22.14
   22.57
    2.75
    2.89
    2.66
    2.63
    2.69
    2.72
    2.80
    2.75
    2.61
    2.69
   14.10
   14.19
   16.68
   15.15
   15.26
    2.72
    2.69
   14.55
   14.13
   13.96
   14.13
   12.74
    2.78
    2.80
   15.38
   15.49
   16.11
   16.23
   16.71
    8.27
    2.72
   10.96
   11.16
   15.49
   12.46
   10.85
    2.66
    2.72
    2.69
    2.63
    2.69
    2.66
    2.78
    2.63
    2.63
   19.85
   13.62
    2.66
    2.63
   19.54
    5.44
    5.38
   34.97
   34.83
   34.01
   38.09
   38.57
   12.46
   15.09
   19.03
   30.98
   30.89
   34.15
   34.01
   27.86
   28.46
   35.20
   34.01
   27.86
   22.12
   21.69
   16.20
   17.81
   23.73
   15.26
    2.78
   26.25
   23.67
   23.11
   24.04
   34.32
   39.73
   40.92
   40.27
   40.41
   17.64
   16.14
   43.27
   39.36
   39.08
   38.99
   39.39
   40.49
   17.84
   37.63
   38.71
   39.08
   39.33
   39.36
   17.70
    1.33
    2.63
   45.14
   49.44
   50.09
   49.78
   49.92
   50.32
   50.12
   50.23
   50.09
   50.12
   51.08
   34.77
   44.68
   22.03
   44.29
   44.68
   44.71
   44.74
   33.70
   35.82
   34.74
   45.05
   36.87
   36.05
   36.64
   35.48
   26.99
   35.54
   35.57
   35.51
   35.71
   52.95
    2.89
    4.16
    4.19
   43.86
   52.33
   45.51
   53.97
   48.45
   51.45
   51.34
   51.62
   51.45
   56.58
   36.42
    2.72
    2.72
   19.62
   35.96
   19.37
   25.57
   52.24
   27.33
   22.85
   51.82
   46.30
   38.17
   52.84
   52.78
   40.55
   24.52
    3.40
    2.92
    2.92
    2.92
    2.94
   56.15
   35.99
   47.83
   53.46
   16.23
    6.23
    2.89
    2.78
    2.92
   23.67
   37.75
   18.66
    2.86
    2.83
    2.97
    2.72
   50.35
   50.89
   23.08
   22.00
   22.37
   22.40
   15.32
   45.82
   42.59
   21.35
   42.14
   18.29
    2.38
    2.58
   36.67
   39.84
   19.77
   18.26
   36.84
   18.01
    2.46
   51.42
   52.56
   73.54
   65.16
   21.29
    2.61
    2.80
   40.83
   21.86
   21.21
    2.61
    2.69
    2.80
    2.83
    2.92
    2.92
    2.72
    2.97
    2.78
    3.00
    2.92
   12.37
   21.83
   39.53
   18.69
   15.38
   30.24
    2.58
   22.48
   37.04
   21.63
    2.94
   35.62
   12.37
   16.76
   16.93
   12.29
    3.11
   55.50
   33.61
   15.01
    2.97
    7.62
    7.42
    6.26
   13.82
   14.05
    2.94
    2.92
   14.44
    3.31
   11.21
   18.63
    6.99
   17.58
    3.03
    4.33
    2.97
   24.92
    2.58
    2.92
    2.94
    3.00
   39.47
   55.50
   37.75
   37.07
   25.15
    2.32
    2.61
    2.72
    2.72
    3.11
    2.55
   53.26
   42.59
   42.67
   42.50
   42.84
   42.19
   43.21
   15.18
    6.06
    5.64
   15.29
   14.07
   13.96
   40.49
   19.62
    2.66
    2.69
    2.92
   19.94
   54.91
   41.20
   19.60
    2.52
    2.58
   21.49
   14.84
    3.23
    2.55
    2.69
    2.94
    2.41
    2.97
    2.72
   38.11
   15.72
   18.92
    2.69
    2.72
    2.97
   32.56
    3.11
    2.94
    2.66
    2.92
    2.72
    2.94
    2.86
    2.66
    3.06
    3.06
    2.92
    2.97
    2.94
    2.94
    2.80
    2.75
   10.45
    2.78
    2.78
    2.94
    2.94
    5.92
    3.79
    2.78
    2.83
    2.72
    2.78
    2.66
    2.72
    2.58
    2.69
    2.69
    2.69
    2.66
    2.75
    2.75
    2.72
    2.80
    5.55
    2.66
    2.83
    2.80
    2.72
    2.75
    2.75
   20.78
    2.72
    2.78
   15.29
   15.35
    2.63
    3.37
    2.75
    2.69
   12.88
    9.68
    2.75
   20.90
    2.72
    2.63
    2.63
   25.26
   40.58
   26.65
   20.67
   20.84
    6.97
   12.35
    2.80
   19.26
   36.47
   53.38
   51.85
    2.80
    2.75
    2.66
    1.39
    3.91
    6.57
   16.65
   12.49
    2.61
    2.52
   36.78
   23.64
   21.38
   20.81
   20.90
   20.76
   52.87
   48.03
   49.50
   20.87
   20.78
   21.12
   12.23
   35.23
   35.71
   44.51
   26.79
   35.03
    2.66
    2.66
    2.89
   18.32
   21.21
   20.59
   21.89
   20.84
   22.54
   26.76
   29.25
   33.10
   19.62
    2.97
    2.66
    4.05
   21.46
   37.10
   20.56
   20.98
    2.63
    2.52
    2.66
   21.15
   21.24
    2.58
    2.72
    9.66
    2.69
    2.92
   45.90
   35.62
   21.07
   24.07
   21.41
    2.55
    6.82
   35.68
   21.49
   20.08
    3.14
    5.78
    2.72
    2.75
   21.21
   32.76
    2.75
   21.61
   54.82
   69.57
   37.41
   31.43
   38.06
   21.46
   21.38
   21.72
   21.21
   21.58
   36.81
   51.90
   37.32
   22.65
   22.48
   22.51
   19.09
   39.96
   55.95
   20.13
   25.60
   27.86
   21.75
   22.03
   22.26
   22.09
   12.66
   22.34
   22.00
    7.42
    2.89
    2.55
   39.02
   21.04
   21.10
   20.50
    2.66
   20.64
   53.72
   52.22
   51.54
   36.05
   19.06
   21.97
   19.06
   23.02
   21.83
   34.07
   34.26
   21.55
   21.12
   20.98
   32.31
    4.84
    2.63
    3.77
    2.72
    3.23
    3.91
   14.27
   58.90
   55.42
   58.02
   55.33
   38.74
   20.93
   33.70
   18.89
   19.11
   54.14
   38.20
   17.67
    5.52
    6.37
    3.34
    5.35
    3.54
    5.78
    3.77
    3.23
   43.35
    3.60
   42.19
   70.28
   35.11
    3.20
    3.20
   54.45
   50.32
    3.28
    3.09
    3.03
    2.89
    2.89
    7.93
   35.37
    3.20
    2.92
    2.94
    3.06
    3.82
    2.89
    2.94
   38.54
   38.26
   40.35
    4.70
    2.92
   36.16
   38.88
   42.56
   42.79
   26.56
   42.70
   39.11
   42.67
   42.73
   37.46
   29.45
   29.31
   29.31
   29.00
   58.81
   58.70
   59.07
   59.30
   58.84
   39.79
   39.11
   58.47
   56.49
   43.95
   58.79
   58.73
   39.28
   38.94
   58.42
   28.32
   59.13
   60.20
   60.31
   60.12
   58.98
   59.18
   59.32
   61.05
   59.47
   58.93
   59.21
   59.04
   59.24
   58.47
   12.77
   58.96
   59.47
   61.96
   61.99
   65.21
   78.01
   77.84
   77.62
   77.62
   77.22
   76.74
   76.31
   47.20
    9.34
    9.34
    9.34
    9.34
    9.34
   26.50
   43.58
   53.38
   22.80
   30.41
   65.78
    2.55
   33.56
   10.96
   52.13
    3.57
   14.36
    2.78
    2.66
    2.75
    2.52
    3.54
    2.89
    2.89
   11.27
    9.71
   11.10
    8.04
    8.86
   29.42
   30.41
    2.92
    2.89
   65.53
   77.90
   78.15
   80.73
   78.81
   16.65
   45.11
   81.64
   84.89
   84.75
   84.78
   92.91
   97.33
   97.38
   99.25
   97.49
   97.72
   97.75
   84.61
   82.83
   82.94
   82.97
   62.44
   57.00
   61.08
   61.02
   29.76
   29.99
   61.05
   45.05
   45.14
   45.00
    2.89
    2.86
    2.89
   57.48
   19.26
    2.94
    2.94
    2.94
    2.94
    2.94
   53.41
    2.83
    2.80
    2.78
    2.92
    2.97
    2.92
    2.89
    2.86
    2.92
    3.00
    2.92
   29.28
   27.72
   39.87
   41.97
   37.21
   39.28
   37.10
   10.79
   11.53
   64.70
   53.94
   50.15
   60.43
   60.51
   48.62
   47.09
   47.29
   43.30
   46.47
   49.55
   22.85
   10.68
    5.75
   61.73
   23.05
    3.00
    3.00
   42.28
   43.52
   43.83
   43.07
   43.21
   43.24
   43.13
   54.74
   37.18
   25.82
   31.77
   10.56
   31.74
   31.88
   31.09
    7.56
   34.77
   16.65
   22.63
   22.77
   13.65
   16.65
   25.77
   25.71
   23.08
   48.65
   39.56
   31.83
   19.68
   16.62
   19.43
   43.81
   36.61
   36.47
   57.28
   45.48
   51.54
   48.54
   60.77
   74.19
   74.08
   70.17
   70.08
   53.21
   48.39
   72.58
   72.66
   63.63
   66.74
   66.80
   10.56
    2.86
   48.87
   37.12
   39.28
   60.34
   72.41
   72.49
   72.49
   72.49
   72.43
   72.41
   73.20
   73.88
   72.12
   64.79
   66.57
   69.77
   72.43
   72.43
   69.91
   51.17
   47.15
   50.23
   49.47
   43.61
   43.38
   43.61
   43.41
   43.35
   46.67
   46.84
   49.47
   43.61
   43.55
   20.22
   43.92
   46.38
   46.10
   51.99
   47.20
   30.41
   33.05
   54.51
   49.72
   54.65
   54.76
   54.57
   55.22
   54.37
   54.91
   55.84
   55.33
   56.01
   54.74
   53.32
   54.93
   54.93
   54.99
   55.36
   53.29
   54.00
   55.53
   28.20
   29.39
   31.32
   55.81
   55.90
   55.95
   46.67
   16.93
   10.76
   49.75
   47.83
   48.76
   49.98
   50.04
   52.98
   53.21
   52.22
   50.18
   50.26
   50.15
   56.58
    9.94
   23.45
   56.69
   56.97
   55.33
   56.89
   76.17
   76.34
   76.57
   74.13
   53.38
    1.87
    4.45
    2.94
    3.00
    2.97
   19.51
   58.70
   75.58
   57.17
   38.28
   42.19
    2.97
   54.00
   71.33
   71.27
   55.22
   55.59
    3.00
   54.91
   58.76
   59.89
   58.25
   55.50
   24.55
    2.92
    2.97
   54.20
   38.82
   37.66
   79.97
   76.65
    2.97
    2.97
   38.14
   56.24
   37.75
   43.10
   11.95
   58.53
   20.87
   52.24
   55.64
   39.45
   51.68
   60.37
    2.89
    2.92
    2.97
    2.92
    2.94
    2.89
    4.70
   40.38
   29.82
   18.24
   58.90
   77.87
    4.70
   54.88
   40.61
    2.97
   55.22
   69.29
   70.40
   78.24
   65.30
   78.32
   74.42
   78.49
   78.47
   78.38
   78.49
   78.66
   78.66
   78.69
   79.09
   78.92
   79.32
   79.43
   79.51
   79.68
   79.85
   80.05
   80.28
   80.39
   66.74
   79.77
   79.51
   79.20
   78.15
   54.65
   54.20
   44.46
   26.28
   56.12
   54.09
   76.54
   76.17
   76.03
   76.12
   62.72
   56.83
   53.97
   76.20
    3.20
   76.09
   76.51
   76.51
   54.31
    2.89
   55.56
   54.09
   21.29
   70.20
   77.02
   77.22
   76.46
    3.14
   19.03
   48.22
   22.94
   64.53
   38.28
   21.12
   77.02
   22.23
    2.94
   25.40
    2.92
   28.20
   28.20
   32.93
   15.29
   20.64
   20.53
   19.71
    3.06
    2.92
   13.79
   12.66
    2.89
    2.92
    2.92
    2.89
    2.94
    2.89
    3.00
    2.94
    2.89
    2.94
    7.65
    2.89
    2.92
    2.92
    2.86
    2.97
    2.89
    2.92
    2.92
   34.07
   32.73
   58.19
   39.81
   39.81
   12.37
   13.65
   28.94
   28.09
   51.99
   28.01
   33.30
    2.86
    2.92
   51.93
   70.20
   23.87
    2.92
    2.92
    2.83
    2.86
    2.89
    4.42
   48.65
    2.94
    2.94
    2.86
    2.92
    9.37
    2.89
    2.86
    2.89
    2.89
    2.89
    2.86
    2.94
    2.92
    2.92
   17.27
    2.89
    2.92
    2.86
   21.83
   33.84
   27.86
   27.27
   27.89
    2.89
    2.86
   10.31
   18.21
   34.43
   23.25
   53.09
   49.58
   64.08
   52.67
   15.66
   36.73
   36.56
   37.97
   17.75
   18.92
   32.17
   34.21
   39.53
   24.72
   45.76
   22.23
    2.89
   23.16
    2.86
   50.18
   36.50
   32.03
   20.44
   22.74
   44.09
   39.50
   10.76
   19.43
   39.62
   25.20
   23.19
   52.90
   57.82
   72.72
   72.77
   71.33
    4.76
   51.59
   54.48
   53.52
   57.43
   52.47
   54.59
   51.71
   49.87
   50.52
   31.46
   62.78
   32.54
   44.26
   31.94
    4.76
    6.23
   21.35
   34.94
   46.95
   40.97
   57.03
   57.37
   75.27
   75.66
   75.69
   75.52
   75.01
   53.24
   53.32
   53.35
   33.07
   29.59
   29.82
    8.16
    7.87
    4.76
   26.67
   54.57
   27.18
   44.09
   20.25
   21.80
    4.79
    4.70
   36.16
   23.33
   22.31
    9.03
   10.90
    6.17
   52.47
   10.53
   21.69
   18.66
    7.90
   12.43
    4.76
   35.00
   40.97
   19.17
   22.74
   18.38
   12.29
    4.73
   72.46
   72.94
   54.74
   10.25
   16.76
    4.76
    4.79
   38.06
   53.58
   55.33
   52.73
   52.07
    4.76
   16.99
   50.40
   48.08
   54.79
   43.01
   50.80
    6.57
    4.73
   58.22
   53.18
   52.56
   29.42
   20.13
   24.81
   24.81
   31.12
   23.28
    4.76
   30.19
   27.95
   15.52
   18.55
   31.04
   57.26
   59.32
   74.73
   28.68
    6.29
   11.69
   20.11
   20.25
   30.13
   21.61
   21.72
    6.31
    6.34
   21.72
   21.58
   21.97
   21.78
   37.15
    6.26
    6.20
   40.92
   34.72
   44.29
   56.12
   23.47
    4.79
    4.79
    4.70
   29.73
    4.76
    4.90
   74.47
   56.58
   49.84
   53.63
   62.52
   54.06
   56.61
   42.56
    4.81
    4.79
   75.27
   75.80
   70.99
   69.77
   57.23
   22.88
   21.97
   60.29
   45.05
   42.39
   57.48
   25.43
    3.06
    2.89
   52.41
   28.88
   10.99
   15.94
   16.51
    2.94
    2.89
   66.77
   51.40
   50.23
   51.25
   57.68
    6.85
    2.94
   76.71
   77.31
   77.42
   77.45
   77.53
   31.74
   36.47
   70.88
   70.82
   77.81
   77.87
   78.04
   62.10
   61.82
   78.38
   75.49
   75.32
   40.95
    2.97
   61.65
   61.45
   64.53
   67.79
   77.67
   67.82
   68.19
   55.64
   54.03
   57.14
   58.08
   64.45
   64.79
   29.31
   29.11
   29.19
   22.57
   22.60
   29.62
   34.86
   19.65
    4.70
   16.65
   48.70
   48.51
   39.13
   42.82
   46.18
    5.52
    4.70
   45.45
   29.62
   30.84
   29.53
   29.22
   22.57
   19.43
   77.11
   77.87
   77.90
   54.82
   60.00
   26.56
   45.45
   78.47
   76.54
   15.91
   29.31
   29.70
   47.37
   39.47
   34.80
   26.65
   39.11
   67.82
   68.87
   27.98
    2.92
   45.68
    6.34
    6.57
   38.03
   14.92
   28.15
    2.94
   38.20
   21.24
   26.05
   54.14
   52.24
    3.06
    2.92
   22.82
    9.03
    3.20
    2.89
   11.10
    2.92
    2.92
   12.91
    2.94
    2.94
    8.04
    7.99
    3.23
    2.89
   38.51
   43.92
   69.80
   69.66
   36.64
    5.24
    7.87
   29.51
   33.67
   53.24
   63.17
   20.30
    7.56
    2.89
    6.85
    7.31
    7.73
    6.20
    6.20
    7.70
    2.89
   14.22
    2.92
   13.71
    2.89
    4.70
    4.76
    4.73
   45.73
   61.93
   56.44
   29.82
   27.61
   31.97
   11.58
   42.73
   55.73
   51.23
   39.53
    4.76
    4.79
    4.76
    5.47
    5.95
    5.95
    5.15
    5.95
    5.95
    5.95
    5.95
    5.95
    6.91
    4.76
    4.76
    4.79
    4.76
   26.48
   29.11
   32.17
   44.71
   43.61
    4.67
   26.48
   24.07
   17.84
   65.27
   37.92
   43.86
    4.73
    4.70
    4.79
   71.70
   72.15
   71.56
   49.10
   41.63
    4.76
    6.71
    3.23
    3.17
    4.70
    4.87
    4.70
    4.81
    4.76
   23.45
   15.18
   12.20
   18.18
   16.65
   28.66
    4.76
   46.67
    4.70
   31.60
   22.54
   18.12
   37.69
   16.17
   24.15
   20.44
   27.16
    7.79
   10.59
    6.20
   18.01
   19.68
   18.15
   28.66
   28.68
   10.53
   12.35
   31.18
   21.24
   25.68
   30.75
   18.21
   12.23
    4.73
   19.57
   25.74
    4.70
   12.20
   12.26
    4.64
    4.76
   15.18
   12.15
   15.21
   19.77
    4.79
   15.21
   15.18
   13.99
   10.73
    9.68
    4.73
    4.79
    4.73
    4.79
   21.18
   21.29
   13.82
   28.57
   18.21
    4.70
    4.79
   28.68
   18.12
   21.41
   21.27
   12.54
    4.79
    7.84
   43.66
   31.83
   19.96
   21.10
   21.38
    9.12
    4.76
   27.38
   29.34
   19.77
   21.38
   21.55
   24.89
   15.72
   21.86
   18.86
   17.70
   15.80
   21.86
   13.22
   21.69
   21.15
    5.49
   21.69
   21.97
   19.17
    5.44
    5.35
   40.92
   41.60
   41.43
   29.08
   51.90
   55.22
   55.81
   63.66
   44.94
   55.44
   46.75
   73.71
   17.53
   34.49
   39.11
   53.32
   52.64
   59.18
   56.38
   75.32
   53.49
   39.05
   33.36
   54.45
    9.68
   20.30
   46.41
   23.67
   22.65
   59.04
   76.99
   77.22
    7.28
   22.82
   37.24
   39.87
   70.51
   39.33
   37.41
   53.83
    5.18
    5.27
   42.79
   35.59
   27.72
   23.11
   16.65
    5.15
    5.24
   26.62
   16.62
   21.55
   12.23
   12.83
    6.85
    8.66
   17.02
   21.41
   13.28
   24.38
   23.11
    3.28
    3.14
    6.51
    3.17
    3.68
    3.23
    3.20
    3.26
    3.26
   24.55
    3.17
   32.59
   27.52
   16.00
    3.14
    3.23
   11.69
   38.77
    2.83
    2.86
    2.89
    3.51
    2.89
    2.89
   31.29
    3.54
    2.92
    3.28
    2.83
    4.73
   15.09
   26.79
   19.60
   42.98
   41.29
    2.92
   13.39
    2.89
   10.08
   38.77
    2.89
    2.92
    2.92
   11.36
   18.55
   36.25
   37.10
   27.72
    9.29
    2.92
    4.76
   36.19
   61.53
    9.83
    3.74
    2.89
    3.31
    2.86
    2.89
    8.07
    2.86
    2.89
   20.64
    2.92
    2.92
    2.89
   22.60
    2.92
   10.00
    2.92
    2.89
   16.54
   19.79
   55.87
   58.47
   31.83
   32.31
    2.83
    2.89
   78.92
   29.87
   25.77
   44.46
   43.18
   10.28
    6.82
   12.88
   16.57
   19.85
    2.92
    2.86
    2.92
   16.91
   37.83
   53.49
   42.05
   41.03
   40.63
   37.69
    2.83
   54.17
   59.64
    4.64
    4.62
    4.62
   20.30
   16.93
   19.85
   16.08
    2.80
    2.78
    2.83
    2.83
    2.80
   35.25
   14.19
    2.80
    4.53
    2.80
    2.86
    2.80
    2.83
    2.83
    2.80
    2.78
    2.78
   10.68
    2.83
    6.65
    5.66
    6.99
    8.27
    2.83
    2.80
    2.86
    9.60
   34.43
    2.78
    2.80
    2.83
    2.86
    2.89
   12.01
    7.73
    6.37
   28.46
    4.62
    4.73
    4.59
    4.67
    4.76
    4.64
    4.76
    4.70
    4.70
    4.70
    4.67
    4.73
    4.70
    4.67
    4.70
    4.64
    4.64
    4.67
    4.64
    4.64
    4.70
    4.67
    6.14
    4.73
    4.73
    4.67
    4.70
    4.76
    4.79
    4.64
    4.67
   18.24
   18.46
   18.49
   18.43
    9.49
    4.64
    4.67
   14.55
   15.40
   27.50
   28.97
    4.67
    4.87
    4.67
   18.09
   15.35
   15.32
   14.47
    4.67
    4.76
   15.38
   51.54
   10.76
   18.38
   55.05
   54.62
   10.82
   12.23
   23.59
   52.56
   57.62
   63.80
   57.74
    4.76
    4.70
   19.88
    6.34
    4.64
   25.74
   25.77
   15.35
   22.00
   24.38
   16.65
   39.84
   38.00
   35.23
   32.03
   19.85
   23.25
   25.20
   21.04
   21.46
   23.56
   15.38
    4.70
   21.21
   25.94
   21.12
   29.05
   37.35
   22.96
   12.35
   39.64
   22.94
    6.88
   29.48
   25.26
   32.00
   25.00
   38.09
   32.00
   35.11
   22.91
   24.69
   35.14
   22.06
   18.49
   50.23
   34.52
   57.48
   38.96
   22.85
    4.73
   30.72
   32.82
   32.48
   38.40
   38.45
   12.37
   10.90
   19.57
   29.79
   33.95
   35.62
   35.99
   10.87
   17.90
   41.03
   42.14
   41.26
   41.63
   42.62
   15.89
   18.58
   35.62
   35.93
   29.53
   29.73
   29.79
   18.60
   18.55
   25.12
   45.79
   43.78
   34.09
   32.99
   12.77
   12.66
   41.99
   44.71
   26.84
   33.13
   29.99
    4.70
    4.76
    4.70
    4.76
    4.73
    4.70
    4.76
    4.70
   21.55
   25.17
   22.03
   37.94
   55.53
   32.54
   22.26
   25.57
   33.53
   20.67
    4.73
   28.71
   22.51
   27.07
    4.73
   26.87
   20.70
   22.17
   21.66
   24.58
    9.37
    9.37
   35.51
   35.48
   35.57
   35.62
   34.89
   15.55
   15.52
   21.86
   42.16
   39.39
   29.70
   21.80
   38.20
    4.70
    4.70
    9.46
   12.49
   12.49
    9.77
    4.70
    4.64
   55.30
   52.78
   57.74
   68.44
   17.33
   18.92
   18.80
   55.22
   29.05
   29.17
   35.99
   52.56
   28.18
   23.30
   58.28
   49.89
   23.33
   25.03
   23.42
   24.83
   23.33
   59.07
   74.76
   58.05
   21.61
   56.21
   56.24
   56.46
   27.89
   30.61
   75.18
   56.55
   56.83
   35.14
   34.66
   75.58
   57.09
   53.92
   28.68
   28.26
   47.88
   47.74
   63.40
   44.91
   44.46
   47.03
   42.50
   44.66
   25.74
   26.08
   25.51
    8.44
   26.45
   26.14
   26.73
    2.89
   19.09
   20.39
   29.08
   16.28
    6.48
    2.89
   10.62
   10.76
   20.76
   15.15
   12.91
   11.81
    2.86
    2.86
    6.23
   41.80
   51.48
   60.17
   58.39
   28.52
   28.01
   61.50
   23.53
   42.25
   64.36
   58.36
    5.80
    6.29
   59.13
   60.06
   45.79
   50.49
   50.49
    6.37
    6.43
   37.94
   31.66
   31.63
   31.26
   31.94
   13.22
   12.71
   29.42
   28.40
   38.00
   44.37
   17.53
    6.26
   13.34
   60.65
   54.14
   29.19
   53.97
   54.06
   14.24
    2.86
    2.86
    2.94
    9.94
   12.37
   14.05
    9.54
    9.57
   28.94
   16.79
    3.20
    2.86
    2.89
    2.94
    2.86
   12.69
   12.69
   12.66
   12.60
   12.69
    2.94
    2.83
   12.57
   12.60
   10.96
   13.00
   12.54
    9.46
    9.51
    9.43
   37.52
   10.62
   10.90
    9.43
   10.70
    9.46
    8.69
    9.77
    9.37
    9.37
    2.83
    2.80
    2.80
    2.80
    2.86
    2.80
    2.86
    2.86
    2.83
    4.73
    5.01
    6.20
    4.73
    4.70
    4.70
    4.64
    4.87
    4.62
    4.67
    4.67
    4.64
    4.67
    4.67
    4.62
    4.70
    4.53
    4.73
    4.64
    4.98
    4.70
    4.67
    4.64
    4.70
    4.70
    4.67
    4.62
    4.73
    4.67
    9.17
    9.06
    9.09
    9.15
   10.56
    9.12
    9.26
    9.09
    9.12
   11.19
    9.40
    9.17
   15.12
   17.22
   15.09
   15.04
   15.06
   15.01
   16.65
    4.70
    4.64
    3.11
   13.82
   15.04
   16.31
   28.40
   18.04
   12.12
   24.04
   21.86
   19.74
   21.10
   21.12
   12.12
    9.15
   18.18
   18.18
   18.09
   43.64
   43.55
   22.57
   24.18
   46.52
   51.06
   51.17
   35.08
   37.77
   22.71
   21.21
   29.05
   28.29
   28.74
   28.83
   28.94
   22.51
   23.76
   31.38
   32.22
   32.03
   32.08
   32.03
   18.41
   18.41
   21.15
   19.96
   20.47
   21.69
   22.46
   18.41
   15.49
   27.64
   25.37
   26.11
   27.75
   26.42
   18.55
   18.55
   35.40
   35.45
   35.48
   35.48
   35.54
   15.52
   14.33
   25.37
   22.26
   24.86
   12.52
    4.70
    4.64
    4.76
   12.40
   12.49
   10.96
    9.20
   18.41
   20.76
   21.83
   24.81
   23.30
   21.10
   23.33
   29.56
    9.66
    4.70
   31.21
   30.41
   32.82
   30.50
   30.30
   16.45
   15.69
   39.22
   35.93
   35.65
   36.25
   39.47
   12.57
   15.83
   32.05
   30.36
   30.55
   33.41
   42.93
   14.33
    6.46
   28.63
   30.24
   30.38
   39.98
   39.67
   22.99
    4.73
   45.48
   43.98
   39.02
   26.59
   26.59
   16.00
   14.10
   34.24
   36.10
   32.68
   33.07
   31.83
   13.90
    4.70
   27.86
   29.42
   29.39
   27.89
   33.90
   21.61
    4.67
   18.72
   20.42
   18.63
   18.69
   20.84
   15.66
    4.73
   15.63
   15.60
   15.57
   15.57
   15.52
   22.14
    4.73
   18.66
   23.33
   21.83
   20.33
   20.16
   18.63
    4.73
   18.66
   12.52
   12.18
   12.43
   12.49
   12.46
   14.30
   12.83
   12.77
   12.63
   13.11
   13.56
    4.28
    6.14
    4.30
    2.86
    4.28
    4.62
    2.86
    2.83
    2.86
    2.86
    2.86
    2.89
    2.86
    2.86
    2.80
    2.83
   10.36
   11.33
   11.98
   12.12
   11.92
    9.43
    7.65
   10.76
   10.68
   10.28
    8.47
   10.85
    7.67
    7.70
   11.19
    9.34
    8.52
    9.46
    7.56
    7.73
    7.67
   14.58
   14.61
   13.88
   14.87
   12.49
   10.82
   10.76
   12.49
   13.88
    9.51
    9.37
    9.40
    9.46
   12.26
   10.79
   10.70
   16.14
   15.52
   15.12
    9.49
    2.89
    2.89
    2.89
    2.86
    2.83
    2.92
    2.86
    2.80
   11.04
    9.66
   10.87
   11.41
   12.49
    2.86
    2.86
    2.89
    2.86
    2.83
    2.83
    2.83
    2.86
    2.83
    2.83
    2.89
    3.00
    2.86
    2.86
    2.89
    2.83
   15.66
   15.60
   15.49
   17.05
   14.44
    2.83
    2.86
    2.92
    2.83
    2.86
    2.86
    2.86
    2.86
    2.86
    2.83
    2.86
    2.89
    4.13
    3.00
    3.00
    3.00
    3.00
    3.00
    3.00
    3.00
    3.00
    3.00
    3.03
   13.62
   14.10
   14.16
   14.10
   14.10
    3.00
    3.00
   16.40
   14.13
    3.03
    3.06
    3.00
    3.14
    2.97
    3.00
    3.14
    2.86
    2.86
    2.83
    2.89
    2.86
    2.92
    2.89
    2.89
    2.86
    2.86
    2.86
    2.86
    2.86
    2.89
    2.83
    2.86
    2.86
    2.80
    2.86
    2.86
    4.67
    4.67
    4.67
    4.73
    4.73
    4.70
    4.70
    4.70
    4.76
    4.67
    4.76
    4.73
    4.67
    4.81
    4.79
    4.70
    4.73
    4.67
    4.67
    4.70
    4.67
   12.69
   12.63
   14.33
   15.80
   12.88
   12.60
   12.29
    4.70
    4.67
    4.67
    4.76
    4.73
    4.73
    6.29
    6.31
    6.34
    6.31
    6.31
    6.37
    6.31
   11.92
   12.03
   12.52
   11.55
   12.57
    6.29
    6.37
   20.16
   22.65
   21.89
   21.58
   19.68
    6.37
   12.49
    9.06
   15.60
   16.96
   18.41
   18.72
   18.49
   17.47
   23.39
   21.80
    6.31
   18.43
   17.19
   15.12
   14.78
   27.81
   24.92
   26.08
   27.67
   17.87
   20.11
   21.69
   41.37
   39.93
   39.98
   41.46
   41.57
   38.51
   38.60
   38.57
   38.65
   41.82
   28.77
   29.48
   31.15
   28.43
   38.88
   40.32
   42.16
   41.74
   41.12
   25.66
   27.58
   36.16
   36.73
   29.99
   15.80
   15.89
    4.70
    4.70
   21.10
   14.30
   22.00
   19.17
   16.74
   18.01
   19.94
   30.07
   32.54
   36.50
   36.67
   24.27
   23.90
   25.51
   40.12
   32.48
   30.27
   33.70
    4.81
    4.67
   12.88
   45.53
   28.03
   29.87
   27.24
   19.37
   25.40
   19.06
   31.94
   29.39
   29.11
   29.90
   32.93
   28.68
   29.76
   32.82
   32.85
   32.79
   32.76
   34.63
   29.56
   29.59
   32.73
    4.70
   13.11
   16.40
   15.80
   16.42
    9.85
   16.34
   22.57
   21.52
   21.86
   21.83
   15.63
   14.95
   15.72
   15.63
   18.12
   15.97
    5.01
    4.64
    4.73
    9.43
    9.49
    9.37
    9.43
    9.49
    9.43
    9.37
    9.40
    9.43
    9.51
    9.54
    9.46
    9.37
    9.43
    9.66
    6.37
    6.34
    6.34
    6.31
    4.73
    4.70
    4.70
    6.37
    6.43
    6.29
    6.54
    4.70
    4.73
    6.91
   20.13
   20.05
   20.11
   20.11
    4.73
    4.70
   14.50
   16.74
   15.94
   16.62
   13.08
    4.70
    4.67
   15.43
   15.12
    4.64
   10.79
   21.49
    2.86
    2.80
   18.55
   17.81
   18.46
   17.95
   18.04
    2.83
    2.83
   18.92
   18.29
    4.53
    4.53
    4.73
    2.86
    2.86
   11.72
   10.08
    9.37
   13.62
   14.10
    2.86
    2.83
   10.25
    9.68
   15.12
    9.57
   10.22
    2.86
    2.83
    9.63
    9.32
    2.86
    2.97
    2.83
    2.89
    2.86
    8.50
    9.49
    2.86
    2.89
    2.86
    2.89
    2.86
    2.83
    2.89
    2.83
    2.80
    2.83
    2.86
    2.86
    2.86
    2.83
    2.86
    2.80
    2.89
    2.83
    2.83
    4.79
    5.38
   12.37
    2.83
    2.83
    2.89
    2.83
    2.89
    2.86
    2.89
    2.86
    2.89
    2.80
    2.92
    2.94
    2.92
    2.89
    2.86
    2.86
    2.86
    2.89
    2.83
    2.80
    2.86
    2.86
    2.86
    2.83
    2.86
    2.89
    2.86
    2.86
   25.23
   22.40
   22.17
   21.10
   33.84
   37.60
   37.55
   39.42
   40.83
   22.60
   19.28
   21.63
   10.90
   27.64
   23.39
   21.97
   14.05
   13.00
   15.12
   10.22
   17.33
   11.36
   10.76
   10.70
   10.68
   10.73
   10.68
   10.70
   10.73
   10.93
    2.83
    2.86
   22.46
   21.58
   20.53
   13.76
   13.76
    2.86
    2.83
    2.86
    4.45
    4.45
    4.47
    3.94
    7.56
    2.86
    2.80
    2.86
    2.80
    2.83
    2.86
    2.83
    3.00
   13.54
   13.54
   13.51
    2.80
    2.83
    2.80
    2.78
   10.48
   10.51
   12.15
   11.27
   10.65
   10.56
   10.68
    9.09
   11.98
   12.03
   10.56
   12.12
    9.15
    4.62
    4.62
    4.73
    4.64
    4.62
    4.76
    4.64
    4.70
    4.64
    4.64
    4.90
    4.62
    4.67
    4.64
    4.64
    4.67
    4.67
    4.64
    4.70
    4.64
    4.62
    4.62
    4.64
    4.62
    4.62
    4.64
   70.03
   27.84
   26.87
   55.19
   55.30
   68.13
   70.00
   69.89
   56.75
   46.10
   46.81
   39.56
   41.09
   46.13
   34.07
    4.64
    4.64
    4.64
   21.63
   24.92
   25.00
   25.63
   10.25
    8.83
   17.70
   14.78
    4.62
   27.64
   27.86
   21.97
   20.64
   20.67
   14.75
   14.81
   16.03
   11.92
   30.92
   16.28
   17.87
   21.63
   14.89
   42.53
   49.67
   48.28
   49.87
   49.02
   49.55
   30.87
   30.98
   30.98
   14.98
   14.89
   17.84
   23.47
   22.91
   21.58
   20.93
   17.95
    7.70
   17.13
   20.27
   20.93
   20.70
   14.95
   14.89
   14.95
   17.92
   14.53
   18.04
   20.11
   20.87
   33.07
   35.88
   36.67
   21.29
   30.98
   33.92
   30.98
   28.15
   28.06
   25.29
   30.13
   32.82
   35.93
   31.52
   46.30
   42.73
   48.51
   58.76
   58.79
   55.78
   69.89
   52.78
   52.81
   58.30
   58.81
   58.84
   58.87
   58.84
   61.82
   61.96
   56.52
   52.16
   50.32
   50.40
   40.32
   25.34
   24.04
   34.24
   34.57
   33.95
   34.86
   34.32
   22.43
   17.25
   36.93
   37.01
   37.43
   37.43
   37.83
   31.55
   30.64
   31.57
   34.01
   34.57
   34.07
   34.66
   19.62
   30.44
   28.68
   34.46
   35.37
   34.94
   34.89
   22.63
   21.21
   37.32
   37.97
   38.00
   38.09
   38.17
   23.45
   21.44
   31.88
   31.86
   31.18
   31.91
   24.52
   23.98
   24.47
   35.00
   35.03
   26.05
   27.72
   25.80
   15.32
   15.32
   27.92
   28.91
   28.85
   28.71
   28.94
   15.35
    3.99
   44.94
   36.50
   38.99
   39.64
   41.46
   19.91
   16.93
   33.53
   36.08
   34.60
   35.23
   34.52
   22.99
   21.66
   40.38
   35.85
   36.10
   36.16
   40.78
   34.41
   28.43
   37.43
   36.93
   39.98
   36.10
   39.73
   42.70
   42.65
   49.19
   44.37
   48.17
   53.12
   52.92
   48.31
   49.02
   55.27
   55.42
   55.47
   48.76
   49.33
   46.75
   47.83
   49.72
   52.02
   52.98
   53.01
   49.38
   40.78
   39.16
   56.21
   59.21
   58.90
   73.99
   73.91
   73.91
   73.82
   73.74
   73.68
   56.86
   78.72
   81.38
   83.45
   83.76
   79.94
   83.99
   84.19
   68.98
   47.23
   84.72
   84.30
   84.61
   84.61
   63.77
   84.78
   84.84
   84.84
   84.98
   85.21
   85.40
   44.26
   61.90
   54.51
   36.67
   18.97
   14.67
    9.49
   12.46
   14.84
   11.19
   19.82
    2.94
   53.80
   44.37
   60.31
   59.75
   59.24
   60.37
   25.34
   55.22
   75.35
   75.32
   75.29
   73.26
   75.52
   75.52
   75.58
   75.66
   75.69
   76.12
   76.23
   75.78
   75.66
   53.66
   75.18
   75.75
   75.80
   75.75
   44.26
   44.26
   34.72
   37.92
   34.69
   34.80
   34.86
    2.92
    2.89
    2.94
    2.92
    2.89
    2.94
    2.89
   21.58
   22.96
   29.45
    3.00
    2.92
    7.93
   10.28
    9.46
    9.34
    9.34
    9.20
   31.04
   35.62
   44.94
   19.17
   18.63
   15.60
   22.65
   22.65
   22.65
   22.65
   22.65
   22.65
   22.65
   22.91
   22.65
   17.92
   22.65
   22.65
   22.65
   22.65
   22.65
   22.65
   22.65
   18.09
   15.01
   15.01
   15.01
   15.01
   15.01
   15.01
   10.90
    5.66
    5.66
    5.66
    5.78
    6.00
    4.76
    5.95
    4.70
    4.73
    4.76
    4.76
    5.58
    4.70
    4.64
    4.70
    4.62
    4.73
    5.38
    4.70
    4.70
    4.67
    4.67
    4.64
    4.64
    4.70
    4.70
    4.81
    4.67
    4.70
    4.70
    4.73
    4.73
    4.73
    4.64
    4.73
    4.70
    4.70
    4.70
    4.67
    4.73
    4.70
    4.67
    4.70
    4.70
    4.64
    4.70
    4.70
    4.67
    4.67
    4.67
    4.67
    7.65
    7.48
    8.86
    8.86
    8.89
    7.79
    4.70
   18.26
   18.04
   17.67
   17.64
   20.78
   11.86
    7.67
   24.83
   21.75
   17.67
    9.00
    9.29
    4.67
    5.24
   20.56
   20.47
    9.97
   15.77
   14.89
    4.62
    4.70
   23.42
   23.47
   23.42
   21.29
   17.67
   14.98
   14.78
   17.67
   17.61
   18.15
   17.70
   20.59
   32.31
   16.17
   42.28
   14.81
   17.73
   20.56
   20.59
   20.61
   20.64
   27.86
   27.84
   26.50
   28.97
    6.09
    6.09
    9.00
   21.15
   27.95
   26.53
   25.00
   22.48
   23.39
   23.13
   20.76
   29.53
   28.01
   27.98
   27.64
   22.60
   23.70
   25.12
   23.70
   23.70
   23.76
   22.23
   23.79
   22.26
   15.86
   18.69
   18.69
   17.78
   12.60
   27.41
    9.03
   22.26
   36.81
   36.81
   36.84
   36.87
   28.06
   28.18
   40.35
   39.96
   43.52
   38.34
   41.60
   31.21
   31.23
   40.18
   29.08
   28.52
   28.37
   28.40
   12.15
   12.35
   21.07
   21.10
   21.12
   21.12
   21.04
   12.15
   12.23
   24.86
   25.88
   24.83
   24.89
   30.27
   12.09
    9.20
   24.21
   22.65
   22.65
   23.84
   22.34
   12.26
   12.32
   21.49
   21.32
   25.32
   22.03
   23.81
   12.63
   12.40
   21.38
   21.15
   21.29
   21.24
   19.68
   13.76
   12.66
   22.74
   17.39
   18.32
   18.29
   18.32
    9.77
    9.29
   22.85
   22.80
   21.55
   21.35
   21.32
   13.85
   13.85
   21.32
   22.29
   21.38
   22.40
   21.80
   13.65
   13.25
   21.63
   20.73
   21.44
   22.12
   22.54
   14.02
   15.15
   19.99
   19.85
   18.72
   19.11
   18.83
   11.21
   10.73
   21.66
   21.75
   22.51
    2.83
   21.78
   15.57
   13.88
   16.51
   15.52
   15.80
   15.66
   13.68
   10.73
   11.24
   40.10
   39.76
   40.89
   38.74
   14.24
    9.97
   14.30
   39.19
   39.16
   39.84
   21.29
   38.11
   16.08
   16.11
   51.48
   52.56
   51.45
   46.18
   45.56
   18.09
   18.89
   27.81
   28.35
   29.59
   28.60
   29.22
   16.93
   17.70
   33.10
   34.72
   37.52
   37.04
   37.01
   19.31
   17.70
   28.52
   30.21
   30.07
   34.07
   30.95
   13.20
   12.49
   11.38
   15.21
   12.49
   12.46
   15.26
   12.43
    6.29
   28.88
   27.55
   36.19
   34.86
   34.07
    6.29
   18.46
   22.00
   29.00
   30.70
   46.07
   45.39
   33.95
   33.53
   47.18
   43.61
   40.89
   40.12
   31.09
    2.92
    2.92
    5.21
    5.95
    4.28
    4.39
    5.24
    4.05
    3.65
    3.14
    2.80
    2.92
    2.92
    2.89
    2.89
    2.89
   24.92
   44.85
   53.92
   53.80
   53.77
   53.77
   54.00
   70.23
   71.13
   71.08
   70.88
   70.57
   70.48
   67.54
   70.45
   70.45
   70.51
   70.59
   70.68
   70.74
   70.82
   70.93
   53.29
   53.38
   70.88
   70.65
   12.03
   17.61
   70.45
   70.48
   70.54
   70.51
   70.51
   18.89
   19.91
   53.35
   52.56
   52.75
   40.35
   54.91
   36.08
   40.55
   53.97
   54.82
   70.31
   70.76
   71.53
   47.20
   44.49
   61.87
   59.27
   40.35
   36.13
   37.21
   18.04
   12.09
    4.67
    4.67
   26.84
   28.20
   28.20
   28.23
   28.20
   11.67
   15.46
   12.46
   12.35
   16.37
    4.70
    4.67
   11.98
   12.80
   12.03
    9.09
   27.04
   21.24
   20.67
   44.68
   45.25
   46.95
   43.81
   44.71
   16.03
   13.31
   33.84
   39.50
   36.87
   46.07
   52.05
   15.26
   17.73
   27.24
   45.34
   45.36
   25.09
   23.45
    4.70
    4.64
    7.45
    5.95
    5.95
    5.95
    5.95
    7.76
   20.59
    5.95
    5.95
    6.60
    7.93
    7.93
    7.93
   18.58
    7.93
    7.93
    7.93
    7.93
    7.93
    7.93
   19.74
    4.47
    8.61
    9.03
    7.93
    7.93
    7.93
    7.93
    7.93
    7.93
    7.93
    7.93
    7.93
    7.93
    7.93
    8.69
    9.91
    9.91
    9.91
    9.91
   12.18
   12.26
   33.98
   29.25
   29.90
   30.87
   31.57
   19.82
    4.96
   23.76
   26.02
   25.74
   12.94
   21.97
   20.87
   23.84
   31.01
   25.12
   25.68
   25.51
   26.87
   25.15
   22.31
   34.07
   36.87
   36.36
   37.49
   33.61
   22.91
   20.27
   34.21
   34.21
   34.24
   34.26
   33.70
   28.40
   28.49
   34.41
   34.38
   34.43
   34.46
   37.43
   31.57
   31.69
   31.66
   31.66
   31.69
   32.00
   32.82
   28.83
   28.91
    5.07
    5.13
    5.04
    5.04
    5.04
    5.01
    5.13
   12.09
   16.71
   16.71
   13.03
    9.63
    9.63
    9.63
    9.63
    9.63
    9.63
    9.63
    8.16
    5.66
    5.66
    8.01
    9.63
    9.63
    9.74
   47.69
   13.73
   17.22
   25.82
   24.52
   24.52
   22.88
   24.75
   12.66
   10.93
   29.17
   29.22
   32.34
   32.17
   32.48
   12.46
   12.74
   33.02
   32.48
   29.65
   33.22
   29.28
   11.64
   12.74
   32.56
   32.08
   32.42
   32.62
   31.09
   13.14
   12.77
   28.40
   30.10
    3.09
   23.50
   28.06
   11.53
   10.90
   28.06
   28.06
   28.09
   34.35
   37.55
   10.96
   11.02
   35.37
   31.94
   37.32
   38.54
   37.07
   16.99
   16.99
   49.19
   49.44
   49.38
   48.79
   49.16
   14.16
   14.02
   38.68
   13.99
    3.14
    3.17
    3.14
   29.48
   27.92
   28.85
   54.91
   56.07
   55.44
   55.19
   37.24
   38.23
   55.22
   55.30
   54.74
   62.58
   61.39
   35.20
   37.24
   32.42
   31.01
   31.06
   31.15
   31.80
   18.60
   20.39
   32.54
   61.53
   45.82
   40.38
   43.49
   24.78
   24.89
   25.57
   22.34
   23.39
   22.46
   23.79
   13.96
   13.96
   12.35
   21.97
   28.40
   30.87
   29.31
   25.17
   21.55
   64.28
   59.83
   55.33
   54.88
   55.02
   48.99
   45.42
   72.83
   72.60
   72.86
   72.97
   72.97
   73.03
   73.17
   61.16
   73.28
   73.57
   73.57
   73.85
   55.36
   40.27
   49.19
   49.27
   56.44
   54.96
   55.16
   49.16
   49.04
   49.38
   45.99
   40.18
   29.05
   27.98
   15.60
   15.46
   18.46
   26.45
    6.71
    3.68
   15.57
   18.89
   18.92
   45.22
   75.21
   75.32
   75.41
   75.44
   56.32
   56.12
   74.81
   74.25
   47.32
   46.67
   47.71
   21.78
   16.99
   16.96
   16.93
    2.92
    2.92
    4.30
    2.89
    2.86
    2.92
    2.89
    3.28
    5.41
    7.48
    5.75
    2.86
    2.94
    4.28
    2.86
    2.86
    2.89
    2.92
    4.53
   11.53
    4.73
    4.73
    4.76
    4.70
    4.73
    4.73
   25.60
   26.36
   12.60
   12.18
   12.74
    4.70
    4.70
    4.70
    4.67
    4.70
    4.73
    4.67
    4.73
    4.67
    4.70
    4.70
    4.73
    4.76
    4.79
    5.30
    4.79
    4.84
    4.73
    4.76
    4.70
    9.06
    4.73
    4.76
   15.01
   34.94
   25.29
   31.04
    4.79
   17.98
   12.06
   32.54
   20.73
   34.86
   35.34
   32.39
   28.18
   31.06
   34.09
   24.41
   39.96
   33.87
   29.73
   18.01
   19.77
   14.87
   21.04
   17.95
   28.18
   21.49
    4.76
    4.73
   13.88
   12.97
   15.01
   12.15
   11.92
   10.70
   10.53
   20.95
   21.01
   20.93
   17.95
   18.01
   12.06
   10.48
   18.01
   18.01
   18.07
   17.98
   22.51
   21.01
   21.92
   22.40
   20.98
   21.01
   23.64
   24.15
   21.04
   18.97
   31.40
   30.72
   32.00
   31.49
   32.25
   23.64
   21.10
   32.17
   12.15
   33.07
   31.46
   22.20
   13.14
   18.09
    4.84
    4.70
    4.76
    5.92
    6.65
    4.70
    4.70
    4.67
    4.73
    4.67
    4.73
    4.73
    4.73
    4.73
   38.71
   53.60
   53.58
   53.55
   53.75
   34.43
   40.52
   34.41
   31.29
   30.92
   31.55
   18.69
    4.73
    4.70
   40.44
   34.74
   34.49
   31.52
   31.55
   19.51
   21.21
   38.51
   38.62
   35.82
   35.82
   36.02
    4.81
   17.25
   41.63
   42.93
   44.54
   45.90
   44.68
   19.40
   20.56
   41.88
   27.98
   28.26
   27.55
   27.55
   20.59
   20.50
   28.06
   27.64
   27.69
   27.69
   27.72
   21.44
   19.11
    7.45
    4.90
   24.27
   27.64
   27.67
   19.65
   21.07
   27.75
   26.42
   27.75
   27.78
   27.75
   24.04
   20.84
   27.75
   27.52
   27.86
   27.92
   27.86
   22.00
   22.03
   32.14
   32.20
   33.10
   32.99
   33.90
   12.03
    4.93
   42.70
   33.87
   34.01
   34.07
   35.25
   11.84
   11.86
   37.63
   36.87
   37.52
   36.53
   39.64
   27.07
   23.76
   38.65
   39.13
   38.71
   39.53
   39.30
   21.15
   20.61
    3.03
   23.84
   39.56
   39.64
   39.45
   21.24
   22.71
   33.75
   32.88
   34.24
   36.73
   35.62
   23.25
   22.37
   36.22
   33.78
   35.23
   25.17
   25.06
   33.50
   35.62
    8.64
   11.04
   11.04
   11.04
   11.04
   10.05
    7.02
    9.06
    9.34
    9.34
    9.34
    9.34
    9.34
    9.34
    9.34
    9.34
    9.34
    9.34
    9.34
    9.34
    9.34
    9.34
    9.34
    9.34
    9.34
    9.51
   16.48
    3.11
    3.11
    3.11
    3.14
   40.15
   38.14
   13.11
   10.85
   12.01
   14.50
   36.16
   34.94
   33.27
   33.56
   29.99
   42.93
   38.88
   31.01
   33.64
   35.28
   27.61
   26.19
   13.14
    3.85
    3.45
    5.01
   43.89
   69.12
   70.08
   69.29
   69.43
   69.18
   69.89
   69.15
   68.87
   69.12
   69.12
   69.23
   22.46
   51.37
   73.77
   81.55
   81.67
   81.55
   81.50
   81.67
   79.63
   81.75
   81.92
   82.01
   82.01
   82.06
   82.20
   82.37
   82.40
   82.54
   82.29
   82.18
   82.49
   73.57
   54.40
   82.77
   82.97
   83.08
   83.25
   83.48
   83.56
   83.73
   77.64
   70.96
   53.58
   47.63
   45.79
   65.16
   65.55
   69.38
    3.26
    1.50
    8.30
    5.66
    5.66
    5.66
    5.66
    5.66
    5.66
    5.66
    5.66
    5.66
    5.66
   22.94
    5.66
    5.66
    5.66
   21.04
   22.17
    5.66
    5.66
    5.66
    5.78
    5.95
    5.95
    5.95
    5.95
    5.95
    5.95
    5.95
    5.95
    5.95
    5.95
    5.95
   11.69
   23.22
   23.22
   43.07
   56.63
   56.63
   56.63
   60.29
   50.26
   47.03
   51.56
   66.66
   66.80
   66.94
   66.91
   50.26
   50.86
   50.29
   66.29
   38.11
   14.44
   25.63
   25.20
   18.38
    6.06
   35.71
   50.06
   49.78
   50.23
   50.49
   49.55
   55.44
   66.63
   64.79
   66.52
   66.20
   65.21
   64.45
   66.91
   66.91
   66.80
   66.63
   66.49
   56.29
   57.06
   53.01
   66.37
   66.52
   66.60
   66.57
   44.57
   49.87
   58.76
   66.80
   66.94
   66.01
   47.71
   21.15
   18.26
   36.19
   41.06
   21.27
   14.47
   14.84
    8.38
    4.87
   14.50
   21.83
   26.76
   57.23
   58.59
   55.10
   47.52
   24.18
   23.81
   22.85
   43.49
   50.23
    5.07
    4.84
   26.67
   32.42
   37.69
   43.24
   66.77
   66.71
   66.71
   66.74
   66.71
   66.83
   66.94
   66.94
   32.51
   31.77
   35.17
   14.70
    5.95
    5.95
   22.20
   29.70
   42.45
   61.11
   61.02
   42.16
   26.84
   11.69
    6.57
    4.93
   23.96
   21.15
   24.18
   21.18
   20.02
    4.87
    4.90
   28.52
   31.35
   35.06
   32.20
   43.58
    5.07
   35.68
   50.77
   40.80
   66.40
   76.26
   81.67
   81.64
   81.78
   73.96
   66.54
   66.69
   66.09
   49.67
   27.07
   19.96
   40.44
   39.79
   33.24
   34.80
   33.39
   12.80
   11.50
   40.41
   50.23
   50.06
   50.09
   50.01
   29.08
   29.28
   41.88
   42.02
   43.64
   42.05
   43.75
   24.10
   24.13
   39.62
   45.19
   44.49
   45.05
   46.95
   24.18
   25.37
   50.83
   45.22
   45.84
   45.34
   47.32
   15.80
   17.50
   46.38
   48.34
   48.39
   48.37
   48.54
   15.91
   17.56
   50.69
   51.48
   51.56
   51.62
   51.71
   17.08
   17.75
   50.57
   51.96
   50.86
   52.07
   51.08
   16.14
   17.61
   43.58
   46.95
   45.42
   46.64
   46.78
   27.10
   16.00
   36.95
   38.23
   38.34
   38.31
   35.40
   15.69
   16.42
   35.51
   25.43
   25.68
   24.58
   23.96
   16.68
   16.11
   29.76
   26.53
   27.64
   27.04
   29.45
   17.58
   18.24
   30.95
   29.51
   19.79
   19.06
   13.68
   19.09
   19.79
   45.56
   16.99
   48.31
   72.83
   72.94
   39.96
   30.61
   32.51
   33.61
   19.40
   42.50
   42.62
   43.10
   35.31
   56.12
   55.10
   54.71
   55.27
   55.10
   45.76
   45.51
   46.67
   45.56
   46.07
   44.54
   45.82
   36.19
   36.90
   53.77
   54.65
   54.79
   53.15
   54.93
   54.85
   55.76
   72.43
   72.43
