19850101
  890.48
 1220.51
 1751.74
 1583.96
 1479.70
 1516.74
 1540.38
 1470.27
 1491.87
 1565.61
 1528.60
 1344.06
 1021.56
  816.09
 1140.83
  863.78
  928.88
 1115.29
  575.46
  645.57
 1680.58
 1351.56
 1194.57
  824.25
  886.52
  476.09
  478.47
  791.46
  879.95
  758.04
  798.37
 2071.32
 2859.86
 2859.58
 3168.37
 3881.19
 3275.38
 2750.39
 2875.60
 2814.64
 2465.60
 1929.74
 2153.61
 2618.66
 2702.22
 2579.64
 1954.00
 1718.66
 1538.77
 1663.19
 1536.73
 1777.42
 1921.21
 1760.29
 1426.66
 1614.40
 1273.89
 1465.31
 1445.32
 1470.58
 1605.90
 1134.94
 1136.92
 1055.00
 1107.42
 1157.56
 1191.32
  814.39
  490.59
  727.23
  798.99
  948.10
 1196.90
  961.56
  569.59
  401.50
  693.34
  679.75
  731.51
  647.27
  679.29
  422.43
  416.82
  536.24
  541.70
  644.97
  909.11
  896.03
  742.01
  524.06
  545.98
  432.26
  479.46
  439.19
  439.14
  239.53
  237.89
  561.72
  556.14
  469.95
  453.89
  471.96
  317.29
  411.30
  438.85
  444.38
  451.94
  578.12
  635.49
  294.58
  295.97
  596.81
  701.38
  437.50
  255.25
  354.24
  353.25
  350.05
  357.90
  350.65
  375.96
  810.17
 1031.10
  591.54
  413.94
  682.35
  392.61
  847.52
  901.61
  911.77
  444.40
  643.02
  843.28
 1174.64
 1090.71
  820.34
  731.54
  200.88
  176.67
  282.86
  498.15
  487.30
  458.85
  556.79
  337.25
  121.59
  308.40
  551.27
  405.04
  641.04
  814.11
  440.10
  181.57
  874.40
 1001.26
  855.40
  577.18
  966.48
  152.40
  105.54
  788.85
  655.14
  441.12
  410.31
  371.01
  372.96
  303.13
  524.37
  690.22
  423.42
  434.89
  461.11
  443.78
  393.63
  577.13
  787.21
  826.23
  764.95
  611.56
  425.40
  121.28
  410.96
  355.89
  695.80
  560.42
  867.20
  448.68
  271.36
  484.08
  564.35
  567.02
  661.68
  671.51
  496.82
  655.14
  475.24
  523.04
  317.88
  283.82
  637.47
  716.70
  511.91
  645.94
  706.62
  676.46
  741.99
 1241.16
  850.47
 1045.26
 1593.79
 1060.21
 1158.53
 1031.72
 1000.24
  748.92
  453.30
  660.04
  567.95
  624.27
  943.89
 1099.91
  896.71
  694.78
 1087.11
  897.98
  863.24
  767.25
  865.22
 1553.80
 1449.26
 1489.89
 1416.44
 1471.26
 1326.05
 1508.58
  846.53
  572.88
 1153.32
 1470.92
 1434.28
 1430.54
 1440.39
 1426.32
  872.75
  700.70
 1011.73
  921.57
  902.60
  680.03
  651.20
  594.82
  952.10
  977.30
  950.46
  911.07
  749.55
  445.00
  360.19
  724.63
  695.46
  903.59
  885.24
  878.33
  261.53
  597.77
  507.35
  413.57
  490.28
  666.30
  673.86
  493.56
  251.03
  607.93
  753.48
  959.29
 1201.82
 1082.84
  763.93
  643.36
  747.25
  825.58
  862.62
  907.13
  758.38
  685.64
  333.01
  792.50
  464.40
  715.09
  854.74
  869.16
  866.21
  455.22
  542.41
  632.54
  927.80
 1192.59
 1114.92
  691.87
  670.17
 1164.45
 1090.11
  712.45
  664.99
  642.68
  479.12
  360.73
  710.75
  952.72
 1157.90
 1201.77
 1162.49
 1111.72
  769.79
 1051.06
  980.58
  908.49
  816.26
  788.23
  731.48
  508.66
  647.61
  738.39
  969.43
  891.10
  952.72
  642.71
  499.42
  844.89
  915.51
  759.03
  664.99
  847.21
 1182.79
 1087.06
 1517.78
 1608.23
 1650.16
 1623.26
 1655.74
 1509.94
 1053.70
 1205.42
  815.10
 1127.10
 1159.21
 1234.90
 1373.57
  881.33
 1413.55
 1542.98
 1423.71
 1406.70
 1365.38
  980.27
  719.39
  676.46
  597.80
 1122.51
 1211.34
  910.13
  540.43
  443.75
  524.71
  565.66
  544.02
  542.07
  779.68
  642.68
  554.84
 1047.47
  974.38
  833.45
  775.43
  596.81
  547.00
  423.42
  590.43
  706.65
  695.77
  585.99
  588.62
  243.84
  177.94
  524.37
  550.28
  545.38
  513.36
  461.76
  589.27
  349.68
  947.48
 1397.15
 1325.43
  795.39
  611.56
  393.60
  381.14
  526.01
  428.69
  415.92
  682.38
  986.50
  795.14
  702.65
  786.87
 1468.31
 1513.82
 1305.04
  857.66
 1044.52
 1079.55
 1027.14
 1879.28
 2418.06
 2497.38
 2596.40
 2702.56
 2397.96
 2208.35
 1488.90
 1418.82
 1331.32
 1249.03
 1319.48
  707.27
  546.03
 1098.92
 1175.63
 1177.27
 1139.22
  534.20
  365.12
  756.40
  771.32
  788.54
 1719.00
 1853.71
 1340.15
  730.83
 1171.98
 1109.74
 1145.81
 1370.96
 1682.67
 1620.35
 1274.26
  670.23
  545.67
  613.54
  591.60
  586.64
  349.34
  286.11
  352.32
  312.00
  347.39
  369.68
  357.56
  254.00
  221.21
  342.46
  369.34
  429.79
  335.27
  353.62
  224.50
  137.00
  292.65
  343.48
  320.86
  244.49
  249.70
  233.67
  240.55
  265.16
  222.51
  271.70
  262.50
  214.70
  152.68
  171.06
  222.17
  271.39
  253.01
  230.36
  268.08
  171.74
  193.04
  244.49
  232.03
  243.81
  221.55
  220.87
  186.13
  168.12
  217.30
  228.40
  235.96
  220.87
  212.06
  214.33
  239.28
  197.03
  198.64
  249.10
  260.23
  222.85
  200.60
  219.26
  211.10
  208.41
  247.09
  746.91
 1044.50
  820.71
  222.80
  186.15
  238.23
  194.34
  356.57
  509.96
  407.37
  217.62
  517.83
  606.26
  534.20
  423.42
  495.20
  540.12
  469.30
  434.30
  452.25
  410.00
  275.30
  623.37
  251.68
  198.61
  391.99
  599.75
  513.89
  378.54
  286.11
  180.24
  162.23
  787.58
  565.35
  307.04
  510.27
  497.19
  578.15
  479.18
  554.22
  692.52
  671.87
  475.19
  527.66
  513.89
  361.83
  523.07
  438.20
  669.58
  822.97
  860.32
  448.65
  192.38
  486.37
  507.58
  581.74
  718.09
  701.69
  240.21
  349.71
  467.65
  440.84
  432.60
  479.15
  429.37
  334.28
  201.87
  499.76
  308.31
  396.27
  490.31
  282.83
  359.54
  267.45
  294.30
  403.15
  636.48
  632.20
  549.60
  499.17
  319.22
  423.11
  419.51
  520.46
  413.96
  429.34
  550.25
  376.90
  697.10
  376.25
  360.19
  506.33
  738.05
  600.74
  440.81
  426.73
  461.14
  557.13
  813.49
  811.16
  746.94
  757.05
  742.64
  587.29
  737.06
  746.57
  789.84
  673.18
  583.04
  401.14
  623.71
  642.37
  579.76
  598.45
  551.90
  261.19
  404.73
  617.45
  678.75
  895.41
  870.49
  433.93
  136.01
  296.56
  418.18
  509.31
  490.96
  476.49
  357.87
  620.76
  686.60
  517.92
  399.52
  327.74
  319.87
  248.42
  243.81
  323.80
  725.28
  775.77
  802.64
  649.90
  196.01
  226.85
  848.49
  859.02
  881.59
  874.74
  709.25
  823.26
 1112.00
 1239.85
 1212.98
 1388.32
 1444.02
 1352.92
  564.04
  557.50
  812.16
  813.40
  921.60
  845.23
  731.20
  637.78
  632.03
 1295.55
 1156.26
 1465.65
 1667.52
 1608.23
 1465.96
  892.97
 1209.27
 1311.95
 1260.50
 1282.10
 1260.47
 1265.73
 1244.10
 1923.70
 2342.34
 3702.09
 4529.85
 4239.68
 3622.01
 2948.66
 2781.54
 2606.54
 2251.56
 2032.64
 2120.51
 1848.75
 1609.87
 1430.26
 1742.93
 2928.27
 2961.77
 2844.46
 2906.02
 2961.09
 2967.97
 2949.96
 2515.75
 2385.61
 2424.66
 1815.02
 1757.34
 1680.63
 1907.76
 1755.05
 2156.55
 2130.64
 2095.90
 2082.48
 2150.32
 1804.58
 1847.76
 1749.16
 1754.40
 1860.93
 1492.21
 1452.54
 1267.35
 1393.56
 1344.71
 1434.84
 1099.88
  771.49
  974.69
  973.67
  965.21
  734.91
  863.24
  755.10
  615.83
 1943.53
 2743.19
 2924.03
 2876.57
 2804.16
 2846.72
 2670.11
 2875.60
 2844.46
 2692.71
 2695.34
 2552.76
 1861.27
 1824.85
 1922.86
 2087.69
 2286.98
 2232.53
 2018.23
 1654.07
 1645.27
 1802.88
 1813.07
 1660.98
 1493.52
 1517.73
 1206.07
  800.66
 1054.29
 1669.50
 1703.26
 1749.16
 1771.42
 1621.68
 1511.86
 1394.52
 1883.64
 1954.97
 2478.69
 4437.33
 5598.95
 5308.02
 4740.98
 4528.94
 4233.99
 3603.74
 2834.63
 2730.11
 2852.36
 2792.69
 2634.40
 2710.72
 2875.92
 2576.07
 1868.43
 1686.21
 1907.45
 1649.54
 1514.50
 1397.49
 1698.30
 1153.63
 1091.36
 1378.12
 1421.11
 1237.53
 1144.14
 1414.23
  643.33
  371.66
  817.03
 1178.55
 1348.25
 1301.10
 1210.69
  995.99
  638.09
  511.94
  915.71
  905.88
  742.69
  467.03
  224.16
  242.19
  359.17
  518.79
  550.62
  706.62
  966.51
  762.60
  912.06
 1367.68
 1231.33
 1345.39
 1079.55
 1232.97
  826.23
  810.48
 1047.47
 1042.51
 1057.95
 1028.41
 1113.98
  888.84
  865.22
  798.05
  732.13
  948.47
  873.09
  747.56
  304.46
  322.81
 1031.07
  949.46
  885.86
  929.47
  736.78
  292.65
  225.18
  693.85
  813.46
  904.55
 1054.01
  935.05
  461.42
  329.04
  780.98
 1135.17
 1027.70
 1205.16
 1155.92
 1057.27
  752.46
  872.13
  892.77
  898.66
  647.29
  384.83
  394.28
  445.37
 1090.74
 1056.98
  947.51
  722.02
  859.02
  822.32
  652.19
  858.34
 1047.16
  792.82
  792.82
 1136.61
  756.77
  805.61
  405.41
  823.94
  749.55
  888.53
  550.59
  432.26
  329.69
  847.21
  504.72
   74.42
  153.05
  218.97
  680.82
  577.83
 1070.74
  963.88
 1052.68
  739.69
 1028.75
  690.22
  811.16
 1087.42
 1154.00
  695.46
  802.30
 1227.71
  681.70
  502.77
  972.09
 1047.13
  767.56
  569.93
  951.45
  752.18
  317.91
 1104.47
  973.05
  810.48
  777.41
  783.30
 1005.16
  843.93
 1012.41
 1074.65
  944.54
  914.72
 1171.33
 1196.59
  603.38
  880.31
  972.06
  934.71
  835.06
 1055.31
  996.02
  795.08
  788.20
  892.12
  917.66
  900.96
  826.23
  830.53
  255.30
  929.47
  954.70
  872.78
  759.68
  560.08
  380.49
  355.57
  725.62
  488.32
  524.06
  467.03
  367.07
  283.48
  226.14
  438.20
  821.98
  778.09
  874.08
  714.77
  389.02
  572.57
  882.01
 1144.14
  898.35
  556.14
  638.12
  437.52
  332.30
  791.48
  930.12
  828.55
  749.58
  480.48
  199.58
  113.41
  627.93
  642.68
  523.72
  856.07
  789.84
  631.55
  349.37
  837.67
  909.14
 1096.60
  877.68
  713.81
  617.73
  431.27
  691.84
  969.77
  747.56
  824.90
  809.64
  360.16
  146.17
  581.43
  572.88
  666.95
  886.83
  850.81
  282.49
  188.11
  486.99
  593.83
  646.62
  646.64
  546.01
  162.06
  216.65
  456.18
  394.60
  536.15
  587.97
  659.39
  358.49
  276.29
  533.57
  636.79
  793.78
 1317.50
  743.94
  505.37
  244.18
  503.73
  486.99
 1156.88
 1080.88
  957.00
  923.24
  219.26
  792.14
  677.42
  597.15
  340.54
  374.92
  291.35
  324.11
  681.05
  557.47
  546.35
  662.98
  588.28
  177.29
  159.57
  458.51
  340.20
  352.63
  404.73
  290.05
  264.17
  158.63
  365.77
  436.25
  600.09
  614.19
  464.71
  332.01
  270.68
  531.25
  449.67
  528.62
  510.95
  349.01
 1796.36
 1690.83
 1619.67
 1343.41
 1391.07
 1208.05
  357.22
  410.34
  485.07
  983.22
 1434.19
 1392.57
 1079.89
 1117.58
  771.83
  469.30
 1003.55
 1075.62
  905.88
 1219.83
 1028.10
  604.34
 1438.47
 1239.85
 1719.03
 2639.67
 3090.30
 3380.44
 3437.64
 3117.51
 2608.15
 2466.91
 2330.25
 1752.39
 1326.36
  664.62
  485.07
 1077.60
 1364.02
 1025.83
 1125.14
 1429.24
  906.82
  981.91
 1277.54
  975.35
 1268.68
 1030.70
 1426.66
 1283.04
  866.86
  927.18
 1352.89
  954.36
 1120.21
 1391.57
  755.13
  584.66
  851.49
  877.00
 1093.65
 1086.77
 1091.70
  652.84
  348.07
  679.41
  781.66
  439.14
  280.54
  337.88
  293.65
  322.50
  976.31
  770.53
  603.01
  458.48
  571.92
  414.90
  567.30
 1114.98
 1323.42
 1378.49
 1326.02
  804.28
  431.29
  181.88
  295.29
  246.13
  265.13
  293.31
  239.56
  334.62
  233.98
  263.83
  262.81
  290.05
  306.11
  293.31
  235.99
  232.99
  247.74
  296.90
  656.44
  312.99
  207.79
  229.08
  202.89
  280.85
  963.54
 1405.17
 1083.15
  695.43
  474.87
  375.25
  688.24
  980.61
  987.13
  512.28
  452.25
  315.28
  240.89
  370.67
  414.90
  465.05
  514.55
  392.30
  191.71
  183.52
  283.45
  227.78
  263.18
  234.97
  277.90
  281.19
  263.18
  264.82
  178.28
  230.73
  241.20
  234.63
  211.73
  188.11
  276.60
  334.31
  303.47
  215.63
  285.43
  142.58
  101.63
  266.74
  257.26
  241.20
  193.04
  203.51
  207.14
  180.26
  226.45
  239.93
  212.38
  152.06
  184.48
  206.80
  191.71
  222.85
  261.85
  370.04
  292.03
  235.40
  120.26
  140.73
  324.45
  569.62
  332.30
  275.64
  355.57
  184.85
  190.74
  659.41
  474.56
  858.68
  413.94
  261.53
  175.00
  187.12
  452.62
  362.48
  476.86
  440.81
  317.23
  149.12
  239.25
  268.42
  413.91
  560.45
  528.28
  591.26
  201.22
  204.16
  325.45
  338.90
  310.01
  934.40
  850.16
  410.00
  299.88
  543.06
  276.29
  289.06
  291.01
  390.35
  424.44
  218.92
  394.60
  374.92
  545.69
  734.14
  827.87
  247.77
  106.53
  322.50
  637.13
  337.23
  388.03
  670.49
  171.06
  137.31
  781.66
  477.54
  753.14
  597.77
  557.50
  288.07
  152.71
  650.24
  727.26
  808.84
  756.43
  620.08
  138.98
  116.35
  504.07
  437.52
  466.01
  494.89
  620.42
  384.12
  178.62
  471.93
  363.45
  239.56
  686.29
  515.54
  141.58
  193.66
  277.59
  429.68
  523.04
  401.82
  292.03
  409.63
  272.66
  858.68
 1110.05
 1173.99
 1107.44
  666.27
  508.00
  445.40
  938.31
 1086.46
  853.78
  912.11
 1179.85
  174.35
  152.37
  406.71
  423.76
  411.95
  394.23
  383.44
  131.76
  101.60
  542.38
  622.04
  690.19
  850.81
  830.79
  231.38
   49.50
  454.88
  462.10
  639.08
  756.12
  497.19
  223.82
  236.59
  479.12
  505.03
  661.25
  911.77
  863.27
  182.22
  169.76
  800.09
  838.69
  784.26
  376.90
  491.95
  282.83
  265.13
  753.45
  812.78
  642.34
  370.70
  367.38
  358.52
  635.18
 1032.40
 1067.46
 1088.41
 1030.76
  948.50
  748.56
  487.96
 1119.22
  426.71
  624.98
 1122.20
 1093.00
  611.56
  780.04
 1617.12
 1624.31
 1851.38
 1736.08
 1765.22
 1400.78
 1457.13
 1315.88
 1731.12
 1762.92
 1811.71
 1872.37
  777.07
  373.61
 1266.39
 1012.38
  917.01
  972.40
 1382.43
  745.24
  752.49
 1408.96
 1380.76
  808.50
  632.20
 1224.42
  753.45
  242.85
  780.98
  299.88
  334.62
  334.28
  481.78
  616.77
  937.68
 1747.83
 1760.63
 1581.67
 1569.52
 1215.25
  932.08
 1081.22
 2102.78
 1914.02
 2274.83
 2424.29
 2414.49
 2072.00
 1938.23
 2110.34
 2401.41
 2774.63
 3684.64
 6163.25
 6333.88
 5972.02
 5254.33
 4114.15
 3953.97
 3501.41
 2778.56
 2722.49
 2421.74
 2247.62
 1563.01
 1468.54
 1852.32
 1717.05
 1626.26
 1199.19
 1778.01
 1432.24
 1093.34
  911.46
 1461.40
 1087.79
  953.71
 1162.83
 1660.33
 1785.52
 2129.65
 2169.33
 1554.82
 1441.95
 1881.40
 2242.72
 2458.72
 2114.28
 2089.36
 1511.21
 2126.37
 2606.54
 2761.71
 3900.79
 4289.12
 4003.01
 3680.14
 3429.54
 3157.19
 3636.93
 4273.61
 4499.07
 4222.78
 3927.18
 4361.81
 5078.06
 5258.21
 5228.28
 4776.17
 3632.34
 2814.92
 2958.63
 2450.23
 2271.07
 1714.84
 2058.52
 2000.98
 1287.14
  631.55
 1059.93
 1422.27
 2027.06
 1579.71
 1515.09
 1281.56
  949.92
 1387.41
 1504.16
 1397.27
 1614.48
 2135.09
  957.87
  578.12
 1050.10
 1171.95
 2959.82
 2925.50
 2602.18
 2540.73
 2489.65
 2539.74
 2209.59
 2326.46
 1955.62
 1537.63
 1036.57
  635.12
  934.74
 1067.23
  914.15
  691.41
  673.88
  402.33
  274.84
  989.39
 1000.63
 1131.14
  501.60
  420.00
  238.09
  115.22
  346.48
  316.50
  757.59
 1036.51
 1565.87
  756.71
 1055.03
 1783.59
 1973.51
 1603.10
 1808.51
 1495.38
 1361.28
 1366.91
 1348.36
 1435.07
 1591.52
 1606.02
 1683.15
 1268.99
  774.95
 1239.29
 1188.80
 1467.35
 1466.59
 1650.28
  940.23
  807.57
 1211.25
 1284.68
 1201.91
 1300.73
 1270.89
  801.54
  598.14
  838.89
 1283.57
 1363.20
 1002.64
 1064.12
 1898.19
 1542.39
 1422.04
 1595.91
 2907.35
 3186.27
 4662.17
 4597.21
 4180.59
 5442.24
 4838.24
 4890.74
 5859.63
 6082.94
 5524.81
 4423.18
 3193.74
 3612.78
 3432.51
 2748.94
 2143.67
 2784.79
 3379.62
 3450.49
 3504.29
 3665.87
 3677.54
 3563.31
 3413.06
 3372.93
 3310.55
 2807.36
 2839.22
 2992.75
 2449.86
 2088.82
 1945.91
 1890.15
 1987.05
 1951.65
 2001.21
 1558.28
 1546.35
 1111.44
 1438.41
 1522.91
 1567.59
 1526.45
 1556.55
 1177.81
  997.72
 1442.40
 1405.68
 1449.91
 1484.43
 1541.51
 1430.88
 1227.37
 1311.41
  901.72
  964.10
  948.61
  995.96
  795.96
  630.50
 1194.77
 1204.34
 1215.42
 1240.65
 1173.39
 1076.04
  945.95
 1375.58
 1366.29
 1423.37
 1449.03
 1329.56
  948.61
 1032.69
 1376.45
 1361.87
 1339.76
 1419.38
 1503.45
 1229.21
 1255.23
 1514.50
 1531.32
 1449.91
 1495.92
 1469.39
 1070.29
 1010.57
 1433.99
 1422.47
 1226.91
 1165.86
 1436.20
 1402.96
 1419.84
 1458.77
 1643.25
 1654.78
 1660.08
 1683.52
 1653.45
 1562.75
 1624.23
 1618.48
 1747.23
 1827.77
 1931.29
 2171.99
 5705.11
 7061.68
 5650.00
 5559.39
 5064.35
 4026.83
 2897.18
 2819.73
 2775.93
 1948.85
 2106.15
 2139.71
 2128.92
 1679.10
 1887.49
 1824.23
 2068.91
 1783.96
 1816.70
 1795.91
 1584.87
 1549.47
 1666.28
 1587.95
 1699.89
 1713.62
 1649.46
 1629.10
 1627.34
 1652.12
 1716.26
 1656.99
 1620.26
 1645.89
 1578.66
 1460.53
 1417.17
 1511.86
 1769.80
 1904.76
 1924.21
 2057.39
 2127.30
 1597.24
 1761.39
 1661.41
 2337.47
 2768.42
 2748.07
 2852.92
 2857.34
 2817.53
 2814.44
 2826.81
 2702.93
 2806.03
 2746.28
 2819.73
 2756.48
 2762.68
 2824.61
 2761.77
 2098.53
 1921.55
 2230.40
 2074.66
 1973.34
 1999.11
 2425.51
 2257.82
 2162.25
 1911.84
 1990.59
 2168.45
 2137.47
 2070.67
 2237.91
 1873.33
 2159.16
 1806.98
 2059.17
 2223.75
 2100.32
 2318.89
 2205.63
 1863.16
 1372.04
  995.51
  891.98
 1104.36
  868.99
  993.75
 1731.75
 2315.78
 2490.55
 2894.07
 2795.84
 3112.08
 3531.82
 3749.32
 3968.29
 3963.14
 3936.98
 3576.08
 3201.59
 2973.27
 2637.88
 2566.67
 2483.05
 2679.93
 2386.57
 2260.93
 2609.14
 3109.10
 3432.74
 3885.27
 4056.11
 3491.95
 3186.52
 2908.23
 2962.20
 3726.78
 4172.66
 4185.03
 4171.44
 4175.66
 4546.21
 5023.38
 5022.39
 5041.05
 5059.71
 4999.88
 4993.25
 5016.44
 5022.73
 4998.46
 4950.61
 4887.20
 5910.86
 7097.11
 7653.56
 7667.41
 7322.96
 6974.61
 6445.79
 5506.58
 4778.38
 4502.27
 4214.00
 3661.31
 3385.08
 3301.94
 3179.44
 3183.44
 3173.27
 3356.42
 3644.15
 3616.77
 3356.25
 3104.69
 3159.99
 3129.89
 2760.44
 2203.99
 2631.71
 3092.71
 4018.47
 5280.92
 4798.54
 4648.21
 4740.38
 4721.92
 4636.37
 3629.54
 2657.37
 2310.03
 2533.48
 2568.88
 1841.93
 1952.53
 2125.09
 1590.16
  828.72
 1174.61
 1310.11
 1313.65
  668.99
 1092.41
  266.35
  271.22
  796.86
  748.64
  818.10
  864.12
  789.79
  256.18
  266.80
  378.74
  360.59
  524.31
  552.63
  329.18
  470.31
 1649.46
 1150.37
  849.05
  946.41
 1074.28
  767.64
  501.75
  418.55
  680.48
  828.72
 1211.00
 1418.05
 1460.98
 1241.95
 1454.32
 1363.20
 1363.63
 1334.88
 1581.33
 2298.54
 1958.73
 1431.78
 1243.73
 1595.91
 1466.27
 1310.53
  745.10
 1539.73
  793.32
 1583.08
 1896.78
 1660.08
 1338.42
 1392.40
 1210.55
  614.14
  933.58
 1303.45
 1352.53
 1418.05
 1404.35
  866.33
  971.18
 1541.06
 1389.73
 1415.39
 1350.37
 1530.44
  922.51
  699.09
 1177.36
 1029.57
 1147.29
 1118.06
 1032.69
 1008.33
  806.15
  826.51
  840.67
  960.56
  836.68
  818.53
  737.12
  503.50
  746.86
  375.20
  979.59
  983.13
  914.55
  720.32
  409.26
  639.79
  451.31
  492.88
  607.48
  496.00
  495.54
  496.42
 1134.88
  975.18
  750.40
  745.98
 1154.36
 1503.45
  218.12
 1121.18
 1170.28
 1187.55
 1169.40
 1080.03
  815.89
  841.55
  992.42
 1154.36
 1185.77
 1157.00
 1180.90
 1041.10
  444.66
 1204.80
 1217.17
 1066.30
 1009.67
  955.24
 1093.26
  680.94
 1232.66
 1086.66
 1199.47
 1210.55
 1219.83
  906.14
  753.48
 1181.35
 1291.08
 1216.29
 1242.85
 1393.73
  682.27
  956.57
 1310.11
 1351.68
 1186.96
 1076.04
 1011.42
 1149.92
 1208.31
 1409.19
 1528.20
 1220.26
  382.28
  777.38
  704.83
  822.89
  825.18
 1116.76
 1216.75
 1306.11
 1270.27
  672.53
  780.50
  826.51
  980.47
  754.39
  710.13
  736.69
  841.10
  584.49
  788.00
  756.94
  806.15
 1057.46
  864.99
  503.08
  469.01
  671.65
  748.19
  652.62
  697.30
  777.38
  445.99
  342.46
  656.61
  714.12
  745.10
  712.79
  707.04
  506.62
  476.97
  900.84
  890.65
  949.49
  922.08
  955.24
  420.34
  478.30
  936.66
  845.09
 1173.82
  822.97
  845.97
  722.53
  615.89
 1120.72
 1089.32
 1344.17
 1133.55
 1096.40
  852.59
  414.13
 1031.81
  983.56
  950.40
  873.83
  633.59
  451.31
  462.81
 1072.50
 1022.95
 1287.09
 1270.72
 1096.82
 1248.60
  982.25
 1275.14
 1224.25
 1177.81
 1223.37
 1175.60
 1132.67
  920.75
 1218.50
 1167.19
  958.36
  823.85
  578.29
  710.58
  653.50
 1033.11
  793.75
  678.73
 1265.42
 1222.95
  932.25
  695.55
 1268.96
 1482.22
 1723.79
 1472.02
 1413.63
  861.00
  670.77
 1130.01
 1115.85
 1140.21
 1151.70
  996.41
  848.17
  540.23
  811.02
 1106.14
 1864.49
 1517.61
 1752.10
 4914.25
10142.41
10786.79
10889.16
 9722.70
 7799.59
 6770.02
 5779.13
 5300.23
 5362.98
 4857.25
 4555.67
 4525.40
 4083.23
 3266.52
 2938.75
 2896.73
 2789.21
 2787.00
 2885.23
 2709.13
 2858.67
 2872.83
 2864.87
 2678.15
 2470.19
 2198.80
 1985.12
 1883.52
 1625.56
 2413.56
 2368.42
 2088.37
 1902.98
 1866.70
 1011.87
  599.07
  944.20
  920.30
 1320.27
 1258.34
 1399.02
  941.54
  654.37
  878.70
  907.47
  897.30
 1039.31
 1043.31
  750.85
  607.06
  862.33
  959.23
  976.05
 1041.97
 1701.22
 1820.24
 1741.49
 2308.56
 5935.58
 8940.02
 9370.78
 8628.77
 8005.06
 7390.81
 6558.69
 5956.19
 5436.75
 5149.96
 4343.44
 3387.88
 3680.94
 3700.73
 4007.71
 4211.76
 4186.67
 4004.34
 3526.69
 3192.27
 3195.39
 2957.78
 2373.32
 2474.95
 2423.30
 2350.75
 2419.33
 1929.09
 1883.52
 1708.75
 1752.56
 1720.70
 1479.56
 1234.87
 1782.21
 2145.00
 2136.59
 2262.26
 3173.27
 4338.08
 4495.72
 4482.25
 4294.56
 3779.28
 2702.05
 1787.95
 1188.91
 1126.05
 1509.66
 1541.94
 1856.54
 1953.86
 2312.69
 2013.58
 2470.19
 3173.27
 3137.03
 2647.17
 2263.14
 2102.07
 2044.56
 1881.74
 1466.27
 1171.16
 1129.59
  978.72
  928.25
  927.38
 1231.33
 2203.42
 2146.33
 2134.84
 1972.01
 1893.24
 1703.00
 2084.37
 3188.31
 2861.33
 2760.01
 2114.02
 2005.63
 1938.83
 1272.05
 1972.01
 2232.61
 2068.91
 2076.42
 1374.24
  922.96
 1204.34
 1806.53
 1554.76
 1401.23
 1212.33
  991.54
  926.50
  904.38
 1618.48
 1606.98
 1434.87
 1753.89
 1492.38
  734.03
  778.71
 1110.56
 1265.42
 1023.40
 1101.27
 1067.21
  975.60
  439.36
  747.31
  568.12
  644.21
  647.29
  953.94
 1000.83
 1293.29
  897.73
  999.50
 1088.87
 1043.31
 1034.02
 1115.85
 1495.04
 1046.85
 1549.47
 1338.42
 1464.52
 1645.46
 1534.43
  959.23
 1174.70
 1005.70
 1055.26
 1056.13
 1342.84
 1317.19
  791.54
 1002.16
  976.93
 1044.64
 1103.03
 1323.36
  876.49
  673.40
  811.45
  810.57
  741.99
  744.20
  788.88
  978.26
 1107.44
  842.88
  820.74
  790.21
  850.38
  738.90
 1019.86
 1010.57
  919.84
  878.70
  987.55
 1130.92
 1134.00
 1126.05
 1184.89
 1055.68
  974.27
  927.38
  844.63
  961.89
  938.87
 1101.27
 1163.65
 1145.50
 1158.78
 1399.93
 1418.50
  887.56
 1037.98
 1153.03
 1152.16
 1152.58
 1100.36
 1049.51
  749.52
  938.00
 1005.25
 1129.13
 1372.49
 1036.65
 1156.12
 1091.08
 1047.27
 1225.58
 1192.85
 1203.47
 1181.78
 1140.63
 1344.17
  611.47
  996.41
 1173.82
 1126.05
 1114.52
 1245.06
 1101.70
  958.78
  976.93
 1174.27
 1034.90
  846.84
  922.96
  614.56
  546.43
  847.30
  803.94
  958.36
  884.90
  826.06
  588.03
  553.51
 1246.82
 1150.83
  887.85
  810.43
  793.32
  616.77
  556.17
  769.88
  791.54
  800.83
  803.94
  721.20
  671.19
  309.73
  822.07
  847.75
  896.40
  919.42
  864.54
  574.75
  584.91
  713.24
  674.73
  626.06
  568.55
  555.26
  550.85
  576.96
  790.21
  975.60
  938.00
  918.09
  787.12
  735.78
  437.16
 1528.66
 1398.60
 1209.67
  977.81
 1022.49
  744.20
  734.17
 1219.83
 1242.85
  903.48
  883.15
  884.90
  583.16
  471.22
  933.58
  954.36
  742.86
  915.88
  983.13
 1520.70
 1443.28
 1435.75
 1451.69
 1289.75
  459.70
  418.55
  425.63
 2401.92
 4894.20
 7232.41
 7529.87
 7823.44
 7240.82
 6678.08
 5907.91
 4033.51
 3012.06
 3269.75
 3098.03
 3358.12
 3357.42
 3310.78
 3497.39
 3670.71
 3540.06
 3430.73
 3428.04
 2961.77
 2138.80
 2202.51
 2089.25
 2129.09
 2101.65
 2222.87
 2260.93
 2045.01
 2784.79
 2823.27
 2603.82
 2974.15
 2881.24
 3180.77
 3689.35
 3832.15
 3953.77
 3947.03
 3587.29
 2915.76
 2671.52
 1888.82
 1690.60
 1508.33
 2216.67
 2574.62
 1841.05
 1439.74
 1275.59
 1676.90
 1423.37
 1472.93
 1227.37
 1454.78
 1309.57
  901.72
 1549.47
 1538.85
 1556.55
 1779.54
 1854.30
 1640.17
 1260.55
  988.00
  806.15
  897.30
  982.68
 1035.35
  692.43
  623.42
  787.55
  531.39
  663.24
  623.42
  393.35
  499.96
  678.73
 1202.14
 1093.74
 1335.31
 1458.77
 1658.74
  766.76
  530.49
 1012.33
 1499.04
 1869.36
 2416.67
 2707.35
 2715.76
 2790.09
 2565.34
 2606.03
 2480.39
 2432.59
 2198.97
 1383.99
 1091.53
 1270.72
 1392.85
 2464.90
 2032.61
 1983.96
 1887.94
 1603.89
 1875.54
 1913.65
 1642.38
 1601.23
 1834.39
 1456.56
 1346.83
 1614.06
 1718.89
 1690.60
 1735.74
 1813.61
 1522.03
 1037.10
  727.88
 1276.44
 1528.23
 1421.59
 1527.35
  623.85
  378.74
  489.34
  443.33
  472.55
  421.67
  460.60
  311.03
  351.30
  388.03
  425.21
  351.30
  292.91
  306.61
  284.50
  276.97
  272.10
  255.30
  442.00
  665.11
  545.98
  329.64
  310.61
  453.52
  473.85
  621.64
  328.31
  311.49
  289.37
  264.59
  261.93
  262.81
  298.20
  309.28
  326.52
  396.89
  470.77
  645.99
 1079.58
  899.06
  925.62
 1272.05
  915.43
  827.81
  708.80
  745.98
  595.11
  640.22
  615.01
  287.59
  268.13
  445.11
  443.33
  743.32
  749.94
  744.65
  672.53
  472.10
  545.98
  610.14
  711.01
  819.43
 1190.19
 1167.62
  984.89
  750.40
 1327.81
 1452.12
 1866.25
 1832.64
 1989.26
 1450.36
 1452.12
 1626.46
 1524.69
 1489.30
 1649.00
 1186.65
 1206.13
 1104.81
 1239.74
 1076.49
 1095.07
 1026.03
  959.69
  870.29
  865.45
  880.48
  999.95
 1573.79
 1146.38
 1159.66
 1234.90
 1647.25
 1695.47
 1338.42
 1720.25
 1676.02
  916.76
  773.84
 1186.65
 1241.52
 1214.96
 1047.27
 1041.10
  678.73
  684.02
  911.46
  999.95
 1025.61
  882.24
  950.96
  925.17
  705.71
  933.12
  948.02
  991.54
  872.53
  990.64
  590.24
  646.53
 1006.58
  961.02
  966.31
  914.10
  949.95
  497.33
  887.99
 1175.15
 1018.95
 1107.90
 1179.57
 1236.65
  672.07
  576.08
 1109.23
 1084.90
  787.12
  900.39
  907.92
  572.09
  583.16
 1085.78
 1094.62
 1118.52
 1378.69
 1560.09
  981.35
 1214.08
 1114.10
 1127.38
 1184.89
 1097.73
  886.69
 1141.08
 1174.27
 1252.14
 1304.78
 1268.99
 1323.36
  847.75
 1130.47
  885.78
 1109.23
 1214.96
 1374.24
 1318.06
 1151.25
  728.71
  632.26
 1275.14
 1192.39
 1221.62
 1373.82
 1190.19
  888.38
  844.21
 1347.71
 1173.39
 1232.66
 1262.76
 1250.81
  565.01
  564.13
 1101.70
 1129.59
 1200.38
 1437.53
 1277.80
 1002.16
  652.62
 1224.70
 1068.08
 1130.92
 1132.22
 1098.16
  917.64
  948.16
 1150.37
 1330.44
 1089.32
 1064.97
  858.79
  544.65
  577.41
 1230.90
 1571.59
 1563.63
 1568.05
 1693.72
  874.28
  828.27
 1195.51
 1599.02
 1926.88
 2108.73
 2337.47
 2331.27
 2048.10
 1864.92
 1784.84
 1743.69
 1593.70
 1652.54
 1554.34
 1399.93
 1757.85
 1805.65
 1716.71
 1710.51
 1950.78
 1315.86
 1270.72
 2180.85
 2486.13
 2832.56
 2730.82
 2890.98
 2675.94
 2605.15
 2526.40
 2422.56
 2377.74
 2326.40
 1676.90
 1315.86
 1224.70
 2116.68
 2138.80
 2171.56
 1771.59
 1975.98
 1461.86
 1454.78
 1609.64
 1613.61
 1634.42
 1726.00
 2147.66
 2267.13
 2597.56
 3492.97
 3824.81
 3966.43
 4120.27
 4148.70
 4142.98
 4166.65
 4082.10
 4008.56
 3998.42
 3908.86
 3825.49
 3806.49
 3788.37
 3761.07
 3731.59
 3454.37
 3146.26
 3137.87
 3137.87
 2913.97
 2883.90
 2644.96
 2798.95
 3093.62
 3109.10
 3041.85
 2852.92
 2877.25
 2867.96
 2852.07
 2830.35
 2862.21
 1958.28
 1693.26
 1822.90
 2874.61
 2775.05
 3065.30
 2523.29
 2163.58
 2317.11
 1961.45
 2026.44
 2079.08
 1460.53
 1271.17
  972.06
  831.35
 1592.37
 1395.48
 1430.00
 1018.08
 1423.06
 1694.59
  651.29
 1746.81
 1595.48
 1703.43
 2061.83
 2120.22
 1200.80
  646.87
 1064.97
 1438.86
 1772.89
 1543.72
 1883.52
 1286.21
 1214.54
 1730.41
 1960.04
 1602.99
 1559.64
 2060.05
 1569.83
 1826.44
 2410.02
 2521.08
 2202.09
 1727.78
 1369.83
 1530.44
 1401.68
 2283.92
 2070.67
 2340.13
 1821.57
 1526.02
 1386.65
 1118.52
 1710.54
 2658.56
 4585.35
 5248.84
 5849.18
 5487.72
 4546.72
 4419.58
 4351.45
 4301.98
 3667.43
 2502.50
 1959.58
 1572.92
 1533.98
 1660.95
 1907.85
 1902.41
 1624.23
 1013.66
  803.04
 1421.48
 1586.62
 1915.38
 1883.52
 1666.28
 1522.03
  899.51
 1380.90
 1207.01
 1165.86
 1432.21
 1437.96
  430.95
  414.13
 1534.43
 1654.78
 1528.23
 1346.83
 1560.09
 1014.11
  933.58
  771.18
 2030.86
 2669.32
 2075.99
 1909.18
 1581.33
 1079.58
 1554.34
 1026.49
  771.63
  806.58
  841.97
  752.18
  455.28
  888.89
 1106.14
 1191.09
 1160.11
 1320.73
  484.05
  442.45
  792.87
  629.60
  569.42
  761.47
  769.88
  452.19
  507.04
  583.58
  791.99
 1241.07
 1311.44
 1468.48
  461.93
  336.72
 1042.85
 1008.79
  966.31
  915.00
  723.86
  646.42
  418.55
  805.70
 1032.69
  719.42
  690.22
  626.96
  656.16
  503.95
  585.37
  682.69
  735.78
  757.93
  940.20
  596.86
  424.75
  750.40
  554.84
  632.71
  579.62
  899.06
  377.86
  384.06
  394.68
  522.53
  511.91
  546.88
  476.52
  486.71
  457.06
  608.81
  606.60
  653.07
  414.59
  479.63
  680.48
  624.30
 1298.58
  917.21
  928.25
  907.47
  840.67
  527.40
  569.00
  963.23
  911.01
  729.61
  745.98
  707.04
  684.47
  572.09
  696.85
  715.00
  810.57
  782.25
  853.92
  432.71
  440.70
  961.02
  975.18
 1009.44
  955.69
 1149.04
  385.36
  512.79
 1273.38
 1371.61
 1284.42
 1276.92
 1234.44
  886.23
  902.60
  907.47
  684.02
  922.08
 1118.97
 1237.53
  738.90
  709.25
  831.81
  951.28
  968.52
  909.68
  848.63
  432.71
  437.16
  418.55
 1362.75
 1286.21
 1313.65
  811.45
  530.94
  542.44
  774.72
 1049.99
  890.23
  480.37
  552.63
  668.99
  437.58
  950.40
  911.01
  997.72
 1231.78
  739.78
  832.69
  921.63
  863.21
  975.18
  914.10
  943.74
  936.24
  282.72
  298.66
  760.56
  692.88
  930.92
  880.91
  756.14
  261.05
  274.76
  545.55
  552.18
  544.65
  490.25
  602.61
  329.64
  344.22
  668.99
  709.71
 1046.39
  642.45
  711.01
  415.92
  297.33
  715.45
  547.76
  591.11
  823.11
  678.27
  479.63
  262.38
  934.46
  898.18
  630.50
  601.28
  691.10
  406.60
  407.51
 1070.29
  923.84
  801.73
  688.89
  668.99
  350.42
  303.08
 1331.34
 1104.36
 1070.74
 1041.52
 1294.16
  662.78
  530.94
 1109.68
 1001.71
  706.17
  416.34
  382.73
  387.15
  720.61
 1235.32
 1292.41
 1194.63
 1180.02
  952.13
  831.81
 1274.71
 2210.04
 2292.79
 2290.12
 2544.98
 2400.73
 2318.89
 2108.73
 1705.64
 1894.14
 1613.18
 1636.18
 1633.54
 1021.62
  996.41
 1498.13
 1658.74
 1649.00
 1644.16
 1574.25
 1321.15
  899.94
  651.74
 1261.43
 1490.17
 1851.21
 1838.39
 1169.40
 1166.74
 1900.77
 1733.08
 1788.83
 1783.08
 1933.08
 1160.54
 1963.15
 2229.50
 2437.91
 2832.14
 3071.50
 2881.69
 2867.96
 2164.03
 2658.70
 2933.88
 3167.49
 3167.07
 2823.22
 2780.37
 2414.89
 2752.48
 1895.47
 1983.06
 2318.89
 3560.96
 3930.89
 3941.59
 3596.18
 2857.34
 2846.30
 2912.22
 2799.55
 2471.52
 1956.95
 2533.90
 2357.38
 1828.65
 2167.57
 5137.89
 7212.19
 7533.39
 7031.78
 6588.91
 6235.34
 5862.61
 5424.15
 4864.95
 4485.93
 3646.13
 3121.54
 4084.82
 4960.01
 5178.44
 5261.35
 5189.20
 5269.17
 5317.71
 4962.05
 4955.73
 4986.71
 4448.55
 4841.25
 4751.23
 4035.72
 3138.72
 3647.75
 3772.14
 2493.67
 2109.21
 2856.46
 2977.69
 2234.82
 2180.85
 1624.23
 1129.13
 1170.90
  938.45
 1008.33
 1126.47
  949.49
 1429.55
  893.76
 2168.79
 8365.05
 8677.19
 8545.06
 8112.13
 7728.15
 7228.58
 6764.07
 6524.63
 5793.46
 5759.53
 5935.41
 5054.78
 4241.33
 4209.61
 3875.33
 3611.62
 4155.16
 4810.83
 4560.82
 4668.91
 5026.81
 4952.50
 4971.90
 4592.88
 3426.90
 2781.68
 2865.75
 2008.26
 1865.37
 1799.45
 1771.59
 2010.04
 1936.62
 1526.02
 1346.83
 1225.58
 1149.04
 1240.19
 1256.56
 1124.26
 1092.86
 1327.81
 1371.61
 1338.42
 1281.34
 1278.68
 1364.53
  651.74
  557.50
  831.81
  975.60
  867.66
  799.50
  755.72
  592.90
  547.76
  682.69
  603.94
  717.66
  481.39
  507.04
  223.87
  239.82
  222.12
  942.87
  944.62
  970.31
  904.38
  322.56
  150.45
  695.55
  664.99
  995.08
 1432.21
 1855.63
  492.46
  262.38
 1249.93
 1416.30
 1365.41
 1368.52
 1440.17
  450.86
  450.86
 1082.67
 1094.62
 1202.14
 1121.60
  945.07
  644.21
  559.71
 1208.79
 1657.41
 2201.18
 2536.57
 2363.58
 1080.91
  829.60
  832.26
 1236.20
 1154.36
 1139.30
  817.65
 1113.64
  975.18
 1181.78
 1416.30
 1163.65
 1832.64
 1654.33
 1294.62
 1233.11
 1945.91
 1663.16
 1138.88
 1337.52
 1133.13
  954.82
  876.94
 1223.37
 1027.82
 1184.15
 1672.28
 2084.94
 2002.09
 2015.82
 1420.71
 1404.35
 1309.65
 1452.57
 1670.24
 1321.60
 1464.94
 1319.82
 1346.38
 1419.84
 1402.14
 1306.99
 1314.07
 1215.42
 1446.37
 1149.04
 1202.59
 1154.79
 1575.12
 1034.44
 1174.70
 1353.91
 1325.14
 1359.21
 1283.55
 1563.17
 1237.53
 1136.21
 1436.63
 1293.29
 1229.57
 1238.32
 1230.45
 1269.39
 1383.53
 1631.76
 1589.74
 1385.32
 1559.21
 1599.90
 1687.06
  946.41
  764.10
 1302.12
 1353.01
 1302.57
 1262.31
 1085.78
  548.64
 1138.88
 1242.85
 1330.89
 1259.22
 1448.58
 1123.39
 1096.82
 1480.43
 1442.83
 1411.85
 1370.28
 1350.80
 1312.32
 1108.35
 1258.34
 1463.19
 1437.96
 1477.35
 1462.31
 1180.47
  541.11
 1232.66
 1111.89
 1373.82
 1577.79
 1597.69
 1412.76
 1611.85
 1706.09
 1690.18
 1656.99
 1599.02
 1741.94
 1342.84
 1448.15
 1484.43
 1553.89
 1664.95
 1509.66
 1489.30
 1213.21
 1075.59
 1421.59
 1460.10
 1528.23
 1591.07
 1626.01
  959.69
  895.07
 1473.81
 1463.64
 1610.07
 1539.73
 1758.31
 1390.19
  582.70
 1516.71
 1468.06
 1398.14
 1377.78
 1384.86
  967.64
  476.09
 1414.96
 1284.88
 1354.79
  762.35
  688.89
  418.13
  428.29
 1574.67
 2082.62
 2266.51
 2405.60
 2418.00
 2352.96
 2256.51
 2828.60
 3206.43
 2791.87
 2669.32
 2702.05
 2291.91
 1783.08
 2444.54
 2136.17
 2135.26
 1958.28
 2187.02
 1883.52
 1196.39
 1975.10
 1386.65
 1451.69
 1391.52
 1303.03
  458.82
  563.68
 1105.69
 1098.61
  928.25
  717.21
  622.09
  431.38
  426.08
  415.01
 1169.85
  957.02
 1074.28
 1030.90
  352.63
  339.35
 1295.04
 1494.17
 1482.22
 1367.17
 2175.53
 2090.58
 2196.34
 3024.15
 3583.92
 4093.85
 4057.18
 3640.39
 2910.43
 2707.35
 2969.73
 2875.94
 2278.63
 2268.43
 2314.45
 1967.57
 1946.33
 2200.30
 2473.31
 2606.03
 1756.10
 1484.88
 1368.07
 1317.61
 1740.16
 1644.59
 1587.07
 1581.75
 1538.85
 1365.83
 1431.78
 1522.91
 1421.17
 1152.16
 2162.25
 3658.93
 4368.69
 4417.74
 4408.88
 4306.00
 3946.66
 3260.51
 2585.24
 2706.47
 2079.53
 2373.32
 2254.73
 2415.34
 1969.35
 1836.18
 1602.99
 1623.80
 2677.27
 3227.24
 3714.75
 4445.49
 4595.51
 4396.08
 4154.02
 3876.04
 3476.71
 2977.69
 2838.31
 2823.73
 1473.81
 1582.20
 1829.10
 1807.86
 1629.10
 1194.18
 1435.75
  744.65
  447.32
  743.77
  828.27
  709.25
  706.17
  468.11
  468.11
  417.67
  495.09
  472.55
  527.40
  445.54
  488.01
  352.63
  371.21
  545.55
  352.20
  399.52
  404.85
  384.49
  251.31
  272.55
  294.24
  267.25
  284.95
  240.24
 1079.13
  562.34
  584.03
  761.02
  630.93
  580.50
  673.86
  526.95
  210.62
  184.94
  746.40
  518.11
  381.40
  260.60
  341.59
  212.38
  176.53
  563.68
  692.01
 1096.82
  463.24
  420.34
  212.38
  172.56
 1004.79
 1366.74
  569.42
  812.78
  736.24
 1039.31
 1058.80
  830.05
  753.06
  643.76
  518.99
  442.00
  209.71
  206.18
  355.74
  511.91
  572.54
  858.37
  659.70
  275.21
  526.07
 1214.08
  526.52
  517.24
  698.63
  856.58
  362.82
  151.75
  307.95
  825.18
  926.50
  719.87
  604.65
  150.45
  138.50
  481.39
  462.81
  675.61
  576.08
  639.79
  415.92
  500.87
  775.63
  796.41
  811.45
  814.56
  618.55
  369.00
  543.34
  843.30
 1210.55
 1135.76
  817.65
 1014.99
  492.88
  460.15
  836.68
  920.30
  810.12
  835.35
 1062.76
  541.56
  257.06
 1048.60
  920.75
 1094.62
  339.80
  388.48
  519.44
  640.67
  585.37
  578.29
  595.53
  577.83
  624.75
  438.91
  587.57
 1157.90
 1159.24
  725.17
  799.07
  930.92
  501.29
  324.31
 1272.50
 1537.97
 1587.95
 1685.31
 1710.96
  710.13
  649.96
 1283.55
 1437.08
 1282.22
 1198.17
 1194.63
  462.81
  411.05
 1154.79
 1151.70
  975.60
  918.09
  880.03
  484.93
  406.60
 1298.16
 1020.74
 1268.96
 1264.97
 1132.67
  670.77
  657.49
  573.87
  986.22
  979.14
  931.37
 1026.49
  577.41
  447.77
  971.18
 1029.15
 1221.16
  971.64
  985.34
  792.87
  763.22
 1298.58
 1380.45
 1439.74
 1373.82
 1345.50
 1346.38
 1253.02
 1388.40
 1375.15
 1333.10
 1317.61
 1405.68
  925.17
  827.39
 1053.05
 1295.95
 1245.06
 2617.33
 4370.71
 4109.74
 3544.82
 2881.47
 2528.61
 2354.29
 1691.93
 1704.76
 1423.80
 1322.93
 1560.97
 1558.76
 1656.54
 1551.23
 1653.00
 1068.08
  757.02
 1416.30
 1364.08
 1311.86
 1218.50
 1370.71
 1204.80
  611.02
 1684.40
 1689.72
 1807.41
 1547.26
 1708.75
 1690.01
 1838.84
 1742.82
 1844.59
 2154.88
 3249.22
 3256.44
 3232.68
 3228.12
 3220.36
 3187.15
 2967.69
 2658.84
 2606.93
 2316.23
 2343.22
 1880.86
 1860.50
 1767.14
 1288.42
 1297.28
 1400.35
 1405.22
 1426.01
 1595.91
 1780.87
 1825.56
 2149.42
 1243.28
  919.42
 1807.41
 1827.77
 1722.46
 1768.05
 1616.27
 1718.49
 1530.89
 2054.76
 1988.81
 1696.35
 1724.24
 1849.88
 1543.27
 1384.86
 1859.62
 1810.52
 1729.11
 2066.68
 2226.87
 2019.36
 1756.10
 1744.15
 1918.01
 1996.79
 1956.07
 1650.79
 1189.31
 1074.28
  662.36
 1704.33
 2089.25
 2206.05
 2280.38
 2185.72
 2910.89
 3681.98
 4282.58
 4238.04
 3780.24
 3243.16
 2865.33
 2652.04
 2295.00
 2459.15
 2433.04
 2362.25
 2595.41
 2074.21
 2134.84
 2629.47
 2744.07
 2888.77
 2782.13
 2891.40
 3964.61
 5048.98
 5264.24
 5451.98
 5443.60
 5059.82
 4649.43
 4660.10
 4660.56
 4054.35
 3142.29
 2973.27
 2899.39
 2950.28
 2701.17
 3136.54
 3596.15
 4176.37
 4374.10
 3738.67
 3201.59
 2933.88
 2748.52
 2711.79
 2653.83
 2428.17
 2325.07
 1907.39
 1290.63
 1272.50
 1820.24
 1970.68
 1773.80
 1589.74
 1645.04
 1710.08
 1387.53
 1787.95
 1590.61
 2498.08
 3814.62
 4660.30
 4383.33
 3960.45
 3506.67
 3153.34
 2687.01
 2963.10
 2934.33
 1557.88
 1598.57
 2179.07
 2209.17
 2218.00
 2175.98
 2224.66
 1823.35
 1746.81
 2041.02
 1825.98
 1912.72
 2149.87
 1884.85
 1665.82
 2187.93
 2160.04
 1791.92
 1762.72
 1657.41
 1219.83
 1221.16
  726.50
  886.69
  859.25
  522.98
  892.43
  843.76
  327.85
  328.73
  382.73
  801.73
  836.22
  844.63
  562.34
  271.67
 2108.50
 3555.15
 3431.75
 2761.35
 1685.31
 1699.46
 1165.41
 1573.79
 1590.61
  880.91
 1326.02
 1083.12
 1256.56
  428.29
  390.69
  806.58
  938.00
 1371.16
 1151.25
 1332.68
  847.75
  886.69
  883.15
  872.07
  963.23
 1053.92
 1132.67
  867.20
  856.13
  842.88
  645.99
  846.84
  906.59
 1049.93
 1278.25
  816.32
  795.08
  902.60
 1531.77
 1575.12
 1675.11
 1603.44
 1250.36
 1541.06
 1704.33
 1023.82
 1505.66
  780.04
  668.53
  951.70
 1484.88
 1890.60
 1972.44
 1793.70
 2321.10
 1185.77
  905.69
 1578.21
 1276.92
 1225.58
 1149.49
 1183.56
  585.37
  355.74
 1182.23
 1241.07
 1223.37
 1240.19
 1339.30
  298.66
  588.91
 1256.56
 1033.11
  386.69
  353.96
  329.18
  304.86
  312.82
  859.08
  763.22
  979.14
 1006.13
  385.82
  359.71
  346.43
 1024.73
  943.74
 1137.54
 1147.29
  798.62
  395.98
  405.72
 1086.66
 1088.44
 1299.49
 1092.86
  836.68
  578.74
  458.82
 1040.64
  970.31
 1219.83
 1312.32
 1440.62
  867.20
  765.43
 1545.05
 1489.72
 1556.97
 1568.92
  875.61
  544.65
  370.33
 1236.65
 1752.10
 1378.69
 1405.22
 1145.50
 1045.51
 1048.18
 1216.27
 1596.82
 1860.95
 1459.65
 1468.06
  466.77
  396.44
 1298.16
 1303.45
 1363.20
 1198.17
  880.48
  720.32
  998.62
 1180.90
 1164.98
 1299.04
 1765.81
 1942.79
  992.87
 1045.06
 1085.33
 1382.23
 1384.86
 1477.35
 1430.88
  531.82
  479.63
 1059.22
 1105.69
 1273.81
 1302.12
 1333.10
  480.06
  524.31
 1260.55
 1606.53
 1597.24
 1644.59
 1686.18
  615.01
  847.75
 1636.18
 1742.82
 1686.64
 1686.64
 1725.12
  768.55
  765.89
 1650.33
 1565.84
 1592.82
 1703.43
 1616.72
  755.27
  619.43
 1422.04
 1385.32
 1461.40
 1552.13
 1349.04
  751.73
  722.96
 1312.32
 1679.10
 1270.72
 1179.68
 1413.49
  798.62
  818.98
 1553.89
 1583.99
 1637.96
 1679.50
 1306.11
 1297.70
 1367.48
 1658.74
 1404.77
 1361.42
 1386.19
 1222.49
 1526.02
 1465.85
 1759.64
 1775.55
 2171.99
 1793.70
 1498.13
 1160.54
 1149.49
 1726.73
 1773.46
 1840.60
 1829.66
 2097.23
 1735.74
 1716.11
 1762.58
 1741.03
 1756.52
 1387.95
 2009.79
 2583.03
 3288.89
 4270.92
 5107.45
 5009.19
 4574.76
 3827.56
 2748.94
 3026.36
 3004.25
 2920.17
 3010.87
 2990.09
 2132.17
 2641.88
 2837.01
 3016.20
 3371.04
 3380.32
 3149.80
 3015.74
 2783.46
 2672.83
 2262.69
 1804.75
 2136.45
 2248.53
 1587.95
 1112.77
 1013.21
 2003.42
 2110.48
 2210.50
 2650.57
 2583.46
 1999.42
 2133.50
 2439.67
 2314.45
 2174.65
 2916.04
 3245.82
 3361.75
 3330.77
 3289.62
 3282.09
 3144.50
 2877.70
 3247.12
 2882.12
 2939.66
 2248.53
 1969.80
 2303.09
 2302.10
 2162.25
 2514.45
 2824.61
 2831.68
 3631.55
 4173.65
 4354.25
 4325.09
 3851.57
 3308.20
 3280.34
 3309.53
 3294.92
 3152.03
 2168.02
 1958.73
 1933.96
 2171.99
 2142.79
 1515.32
 1751.65
 1668.94
 2200.30
 2081.29
 2009.31
 1837.06
 1813.61
 1809.19
 1830.43
 1312.32
 1769.35
 2156.50
 2275.09
 2277.30
 2575.50
 2905.56
 3810.91
 4568.30
 5238.90
 5858.44
 5786.35
 5881.38
 5461.61
 5015.59
 4979.35
 4644.08
 4296.09
 3981.91
 3641.15
 3476.91
 3211.75
 2587.90
 3079.00
 2874.05
 2856.01
 2848.05
 2840.97
 2958.66
 2989.21
 2894.52
 2668.66
 2811.78
 2175.07
 2078.63
 1726.87
 1902.10
 1564.96
 1958.73
 1432.66
 1342.39
 1232.58
  968.10
  914.69
  996.41
  713.67
  631.38
 1007.91
  999.05
  309.73
  325.64
  476.52
  680.48
  329.64
  277.42
  285.83
  290.25
  282.29
  581.37
  588.03
  744.20
 1227.79
 1660.95
 1057.29
  922.51
 1042.85
 1180.47
 1569.83
 1893.55
 2313.57
 3460.35
 4877.41
 4451.35
 3407.76
 2950.28
 2183.94
 2516.21
  898.18
 1184.98
 1509.66
 1098.16
 1097.28
  954.36
  883.15
  509.70
  605.73
  951.28
  944.20
  839.76
  684.47
  702.63
  318.11
  309.28
  325.19
 1144.17
 1547.69
 2156.50
 1526.90
 1433.09
 2865.75
 3382.39
 3283.88
 2862.66
 1982.18
 1685.59
 1946.33
 1968.02
 1773.80
 3027.04
 2549.71
 2347.64
 1829.52
 1832.18
 3324.14
 3335.19
 3858.85
 5146.70
 4439.06
 3205.04
 2201.10
 3236.36
 2499.84
 2220.21
 2556.05
 1835.72
 1721.58
 1403.01
 2262.69
 2110.11
 1957.12
 2226.87
 2625.06
 1572.04
 1363.63
 1259.22
 1492.38
 1519.82
 1407.15
 1425.13
 1243.73
  663.69
  590.66
 1648.27
 1228.70
 1307.33
 1049.93
 1034.56
  495.09
  449.53
 1359.21
 1300.82
 1554.76
 1123.84
  940.66
  558.69
  576.96
 1453.99
 1009.95
 1102.15
 1168.07
 1277.80
  510.16
  479.18
 1049.51
 1069.41
  898.18
  912.34
  683.14
  542.89
  535.81
 1349.04
 1314.07
 1249.48
 1281.93
 1332.22
  661.03
  887.99
 1261.43
 1215.42
 1129.13
 1112.31
  454.40
  541.56
  439.36
 1231.16
 1158.33
 1181.35
 1499.46
 1032.23
  782.71
  612.80
  557.93
 1344.60
 1092.41
  994.63
  806.15
  288.04
  268.56
 1150.83
 1129.59
  984.72
  927.69
  917.64
  402.13
  395.22
 1109.77
 1309.37
 1167.25
 1298.36
 1236.46
 1099.26
  513.02
  863.52
  767.50
  830.79
 1547.09
 2217.69
  990.04
  781.97
 1293.06
 1171.18
 1225.33
 1030.22
 1031.58
  870.91
  639.59
 1260.41
 1253.22
 1218.93
 1255.77
 1198.11
  300.75
  221.83
 1126.70
 1142.33
 1175.26
 1044.18
 1210.77
  707.07
  594.57
 1195.14
 1099.06
 1213.04
 1573.26
 1351.17
  441.77
 1105.55
 2182.80
 2572.98
 2627.58
 2701.00
 2653.35
 1737.97
 1243.51
 1696.63
 2285.85
 1790.45
 2017.94
 1691.76
  896.62
  800.43
 1701.33
 1723.84
 1826.89
 1749.08
 1782.86
  695.43
  613.77
 1478.99
 1786.59
 1157.42
 1182.45
  918.99
  812.84
  882.66
 1149.38
 1068.48
 1040.25
  579.11
  774.38
  760.79
  826.37
  791.14
 1199.61
  958.30
 1022.58
  992.39
  582.70
  643.90
 1341.51
 1262.11
  931.65
  942.04
  887.96
  728.59
  766.08
  983.25
  903.87
 1037.39
  896.26
  978.12
  228.97
  401.08
  744.99
  915.85
  994.29
  900.11
 1141.76
 1041.18
 1299.32
 1839.60
 1794.21
 1963.80
  892.24
  885.47
  350.82
  347.05
 1545.08
 1676.39
 2505.59
 4480.06
 5744.36
 5820.10
 5383.83
 4516.40
 3902.60
 3408.27
 2736.31
 2324.36
 2660.17
 2555.85
 2766.73
 2745.37
 2711.76
 2659.09
 2118.86
 2077.13
 2186.12
 1950.15
 2042.69
 1970.34
 1919.29
 2497.01
 2746.62
 2555.06
 2808.80
 2869.49
 3770.27
 4356.35
 4447.30
 4453.16
 4405.90
 4326.56
 4033.96
 3486.65
 3172.48
 3064.45
 2324.39
 2517.48
 2698.62
 2769.19
 2740.08
 2667.53
 2850.71
 2466.34
 2592.61
 2632.22
 2458.38
 2327.02
 2441.76
 2487.44
 1998.35
 2091.26
 1943.44
 1994.67
 2032.95
 2114.42
 2262.26
 1992.91
 2525.49
 2671.78
 2735.46
 2849.78
 2749.48
 2887.84
 2905.20
 2962.40
 2905.42
 1892.78
 1632.49
 1540.01
 1624.51
 2485.40
 2629.08
 3003.28
 3004.76
 2790.68
 2846.44
 2330.59
 1382.15
 1195.48
 1320.73
 2036.38
 1117.38
 1392.51
 1119.31
  553.23
 1193.47
  997.26
 1006.21
 1286.69
 1291.67
 1204.54
 1047.61
  949.78
 1043.31
 1009.01
 1442.83
 1492.16
 3106.22
 4315.12
 5841.31
 6424.70
 6155.35
 6533.38
 6798.56
 5478.89
 3694.53
 3336.21
 3330.71
 3478.19
 3550.82
 3016.68
 2857.42
 2722.78
 2761.15
 2455.67
 2346.14
 2082.02
 2115.47
 2713.41
 3102.76
 3383.10
 2868.21
 2004.89
 1961.20
 2130.87
 2042.58
 1343.04
 1357.57
 1628.73
 1529.28
 1602.45
 1639.04
 1718.38
  515.93
  543.85
  673.46
 1046.05
 1068.03
 1219.61
 1020.14
 1009.10
  834.30
  794.51
  991.88
 1334.86
 1362.13
 1557.03
 2578.05
 2791.87
 2230.49
 1954.32
 1690.23
 2436.81
 2823.25
 2635.39
 2437.54
 2265.21
 1856.51
 1337.69
 1521.95
 1427.74
 1421.08
 1266.95
 1375.41
 1381.01
 1452.57
 1487.43
 1318.18
  638.86
  625.35
 1306.57
  687.73
  794.94
  670.09
  645.20
  616.26
  633.79
  723.86
  691.21
  784.60
  649.84
  650.15
  891.75
  618.27
  761.55
  415.89
 1089.86
  887.99
  836.96
  802.87
 1002.59
  806.83
  878.42
  874.74
  877.96
  692.46
  842.71
 1104.67
 1067.23
 1175.74
 1162.52
 1441.19
 1201.54
 1038.75
 1167.53
 1178.21
  959.66
 1042.23
 1006.52
  800.83
 1063.50
  969.94
 1023.09
  963.91
 1041.58
  957.39
  672.16
  807.57
  837.90
 1622.30
 1792.29
 1183.30
 1124.55
  825.12
 1076.41
 1139.33
 1059.79
 1031.78
 1142.78
 1108.09
 1104.33
  720.38
  507.78
  967.13
 1021.05
  936.27
  929.44
  577.04
  549.71
  529.69
  385.68
  918.54
  837.19
  887.11
  693.54
  429.43
  519.84
  791.82
  933.52
  892.92
  891.19
  821.10
  871.45
  907.16
  950.99
 1237.98
  797.35
  713.30
  783.81
  843.45
  866.67
  837.44
  844.35
  830.28
  945.39
  992.14
  640.75
  809.15
 1086.60
  881.08
  914.72
  768.55
  695.80
  358.55
  341.78
  782.96
  761.38
  714.29
  717.78
  741.45
  448.00
  589.75
  797.94
  861.29
  765.43
  934.12
  864.65
  349.20
  305.14
  615.30
  618.78
  615.18
  721.34
  542.58
  407.00
  282.46
  803.89
  994.32
  753.85
 1132.90
  956.97
  699.99
  524.77
  904.41
  786.70
  687.48
  816.09
  917.35
  579.82
  468.62
  948.44
  852.28
  837.53
  766.14
  867.85
  290.33
  429.54
  891.27
  641.26
  652.51
  650.04
  610.85
  384.15
  428.01
  510.04
  476.63
  402.98
  478.75
  419.26
  300.98
  418.35
  347.56
  860.80
  682.95
 1401.51
  890.39
  975.40
  964.64
 2373.15
 2630.61
 1615.16
 1836.04
 1656.34
 1555.53
  821.87
 1294.79
 1314.52
  897.25
  864.97
 1016.86
 1476.27
 1436.12
 2360.61
 2136.85
 1918.47
 1796.11
 2381.76
 1748.48
 1887.40
 1338.17
 1401.06
  947.76
 1083.63
  865.82
 1184.49
 2211.74
 2101.85
 2239.27
 1590.93
 1986.74
 2649.15
 2873.99
 3080.36
 3086.88
 3075.29
 3278.47
 3503.84
 3444.72
 4598.94
 5445.70
 5352.42
 5285.79
 4754.91
 3860.44
 3032.42
 2738.95
 2489.19
 2803.74
 2958.01
 2674.04
 2797.39
 2669.37
 2612.65
 2484.21
 2647.37
 1843.20
 1807.75
 1903.29
 1740.10
 1649.00
 2051.67
 1940.38
 1217.94
 1094.90
  913.39
 1662.85
  854.94
 1249.23
 1581.52
 1584.16
 1821.28
 1237.36
  514.60
  389.30
  509.14
 1666.62
 1770.28
 2062.06
 2519.09
 2179.92
 2075.48
 2264.92
 2360.58
 2460.71
 2361.79
 2718.64
 2384.93
 2265.26
 3072.35
 2882.77
 1987.53
 2073.39
 2098.70
 2221.06
 1811.32
 1456.56
 1507.65
 1434.81
 1676.24
 1539.67
 1794.18
  562.15
  617.76
  633.50
  535.90
  542.44
  526.30
  275.27
  624.27
  486.31
  473.88
  510.55
  537.74
  421.24
  530.35
  244.63
  222.32
  369.68
  404.22
  341.84
  293.56
  353.93
  395.25
  238.00
  469.61
  236.96
  329.44
  405.78
  385.53
  223.14
  192.53
  235.14
  286.54
  329.75
  323.07
  300.41
  264.90
  263.09
 1030.79
 1009.44
 1006.89
 2633.16
 4389.79
 4388.91
 3417.50
 2281.06
 1663.05
 1576.51
 1136.81
 1037.08
  236.70
  227.89
  796.89
  844.52
  506.70
  514.49
  536.15
  501.32
  402.07
  702.63
  687.45
  572.68
  494.58
  334.85
  240.13
  272.29
  169.53
  519.61
  397.43
  611.13
  894.19
  150.99
  156.54
  851.01
  930.01
  954.36
  887.05
  640.84
  107.43
  142.69
  544.42
  401.84
  696.48
  669.10
  515.00
  250.12
  306.64
  196.60
  716.70
  679.12
  557.64
  704.89
  263.49
  304.18
 1738.97
 2387.17
 1585.74
 1668.80
 1813.55
 1489.89
 1269.64
 1091.78
 1309.26
  963.00
 1101.75
 1195.14
  624.53
  695.63
 1909.80
 2430.60
 2067.64
 2264.36
 2456.80
 1511.50
 1531.29
 1387.81
 1367.90
 1529.68
 1540.55
 1682.96
  737.74
 1187.78
 1129.42
 1633.40
 1519.71
 1503.48
 1567.68
  974.92
  613.40
  807.85
 1200.18
 1417.68
 1381.58
 1227.48
  856.05
  841.77
  847.81
  894.47
 1208.03
 1241.24
  998.34
  439.36
  507.86
  503.30
  942.67
  875.78
  876.69
  820.45
  555.10
  599.33
  525.05
  881.05
  857.07
  793.92
  931.71
  523.10
  610.82
  622.94
 1086.91
 1080.32
 1106.59
  857.46
  365.17
  392.78
  509.76
 1447.59
 1239.43
  710.27
  232.11
  256.52
  216.94
  795.36
  736.29
  710.50
  506.53
  274.87
  248.37
  286.06
  668.99
  533.57
  439.73
 1058.46
  842.91
  423.90
  452.67
 1172.15
 1046.59
  650.95
  644.69
  669.04
  421.44
  364.72
  683.99
  632.71
  324.82
  667.71
  697.81
  632.17
  478.50
  959.40
 1082.72
 1067.94
  693.05
  665.64
  251.54
  364.01
  618.69
  572.82
  607.59
  822.35
  991.29
  436.22
  288.44
  791.97
  786.27
  839.42
  818.92
  800.01
  343.37
  365.46
  797.49
 1112.85
 1681.99
 1228.98
  735.25
  550.00
  512.42
  867.97
  833.28
  829.03
  686.49
  622.01
  538.42
  550.14
 1030.42
 1070.97
 1159.07
 1079.24
  681.84
  499.96
  445.57
  801.08
  913.81
  772.68
  335.81
  328.53
  395.81
  481.19
 1208.22
 1190.89
 1234.76
 1162.83
  306.59
  289.96
  378.57
  659.13
 1671.68
 1443.45
  505.17
  443.30
  199.72
  475.30
 1175.04
 1403.78
 1069.27
 1318.46
  993.52
  467.40
  377.97
 1015.02
  869.16
 1187.95
 1061.34
  749.24
  333.23
  350.99
  634.92
  536.15
  405.27
  475.69
  153.56
  220.64
  273.54
  415.63
  433.62
  591.06
  726.75
  826.29
  413.11
  413.43
  710.13
 1425.89
 1222.16
 1295.98
 1343.69
 1081.56
  674.71
  766.93
 1008.05
 1479.58
 1434.50
 1378.35
  884.90
  259.67
  979.37
 1386.76
 1453.79
 1251.26
 1359.61
  567.36
  284.07
  749.97
  786.64
  830.42
  736.58
  937.26
  317.09
  252.22
  496.62
  517.75
  460.21
  348.21
  287.67
  272.24
  235.54
  580.38
 1171.50
 1227.37
 1392.99
 1556.29
 1286.92
  727.32
 1798.66
 1154.17
  735.70
 1022.52
 1034.05
  820.51
  398.73
  926.30
 1085.75
 1086.09
 1195.57
 1155.41
  937.40
  457.83
  653.61
  675.44
  593.75
  433.42
  548.30
  497.90
  520.75
 1162.10
 1134.57
 1253.39
 1335.14
 1169.09
  912.77
  490.22
 1564.70
 1902.18
 2820.84
 2465.38
 1553.58
 1238.35
 1250.53
 1439.77
 1608.96
 1644.30
  622.80
  442.34
  208.47
  937.37
 3244.63
 5699.64
 6540.12
 6508.06
 3737.97
 2476.65
 2395.78
 2493.52
 2313.66
 1922.29
 1276.07
 1665.37
 1116.82
 1620.32
 1701.87
 1417.97
 1306.09
 1377.50
  523.13
  476.77
  358.46
 1886.84
 1711.92
 1363.94
 1419.52
 1058.80
  448.45
  443.10
  869.47
  878.62
  702.23
  759.51
 1078.08
  249.92
   97.61
  962.83
  761.69
  484.25
  683.00
  965.55
  365.12
  204.22
  177.97
  138.95
  189.30
  165.12
  142.15
  203.20
  191.08
  204.50
  221.18
  616.74
  328.36
  380.18
  678.73
  247.49
  307.44
  124.40
  529.04
 1170.25
  268.19
  802.53
  269.63
  131.28
  208.30
  747.03
  395.67
  380.81
  810.12
  304.12
  533.23
  575.46
  683.54
  357.25
  349.94
  692.26
  225.86
  868.25
  309.87
  638.83
  511.88
  521.20
  303.10
  296.42
  893.11
  563.22
  420.11
  533.01
  431.01
  326.58
  297.95
  610.91
  203.82
  590.29
  705.57
  427.81
  243.64
  553.45
  741.67
 1197.80
  763.99
  308.20
  830.53
  296.45
  276.85
  691.87
  580.95
  717.10
  657.94
  506.39
  271.93
  307.61
  814.19
  254.23
  719.93
  542.13
 1029.52
  740.77
  380.83
 1362.10
  712.76
  994.35
  970.42
  968.66
  895.55
  681.70
 1120.02
  967.28
 1623.86
  540.57
  922.76
  811.05
  420.05
 1469.33
 1361.42
 1497.17
  791.17
  620.56
 1106.76
  333.12
  859.61
 1171.78
 1250.70
  997.57
 1059.56
  762.01
  280.68
  750.14
 1114.18
  993.38
  878.28
  775.49
  867.43
  849.62
  196.83
  288.12
  677.42
  264.82
  146.96
  381.31
  520.80
  988.14
 1170.76
 1178.09
 1337.12
  684.59
  197.17
  159.62
  797.09
  674.85
  665.25
  812.18
  409.80
  293.42
  481.47
  649.76
  616.15
  352.29
  484.73
  169.87
  615.30
  546.20
 1060.66
 1598.20
 1734.97
 1501.02
  536.35
  183.49
  339.94
 1133.35
 1605.85
  601.68
  573.95
  910.47
  156.96
  196.80
 1659.54
 1147.63
 1229.52
  757.50
 1024.73
  284.47
  145.83
 1366.46
 1050.92
 1588.41
  932.47
 1248.57
  463.35
  169.62
  737.29
 1036.71
  675.84
  907.07
  800.60
  593.21
  359.26
  495.49
  807.62
  771.58
  859.05
 1632.89
 1451.46
  657.52
 1580.79
 1574.11
 1393.25
 1323.98
 1295.41
 1254.69
  529.95
 1642.43
 1171.38
 1224.45
  225.69
  406.23
  378.60
  110.10
 1052.48
 1009.04
  209.86
 1472.70
 1222.61
  287.22
  242.28
 1250.84
  503.90
  628.18
  423.08
  366.50
  369.87
  234.61
  451.77
  550.65
  400.29
  247.23
  323.86
  271.87
  723.95
 1088.87
 2298.22
 2477.58
 2403.28
 2256.91
 1040.93
  574.18
  519.10
 1236.26
 1782.40
 1720.53
  828.41
  406.97
  259.58
  188.00
 1294.82
  459.27
  210.03
  208.89
  280.76
  219.46
  271.81
  229.88
  762.54
  477.31
  259.89
  270.54
  223.90
  242.39
  324.82
  290.96
  418.32
 1470.18
 2898.48
 4119.70
 3948.08
 2795.75
 3119.13
 2462.35
 2498.42
 1596.16
 1328.80
 1456.87
 1699.44
 1465.65
  885.69
 1677.12
  940.15
  433.87
 1355.39
 1371.27
  849.14
  531.28
  765.09
  423.39
  431.38
 1713.99
  733.72
  759.63
  996.61
 1425.30
 3558.10
 4081.90
 4159.86
 3503.13
 3393.58
 3475.67
 3473.57
 3402.67
 3222.63
 3355.35
 3408.39
 3018.04
 2882.63
 2685.65
  993.38
 1452.80
 1867.61
 2062.88
 2021.68
 1485.22
 1096.54
  287.27
  451.94
  686.77
  583.89
 1464.92
 1650.79
 1994.36
 1164.87
 1381.58
 1776.63
 2174.31
 2776.72
 2796.32
 2435.76
 1494.93
 1681.94
 2030.23
 2092.98
 2207.04
 1293.40
 1619.92
  140.34
  308.80
 1044.07
  284.53
  239.62
  124.99
  120.01
  278.52
  421.21
  629.26
  645.45
  417.90
  378.11
  433.02
 1349.13
 1507.14
 1052.76
 1547.32
 1378.97
 1559.10
 1236.85
  157.41
  138.13
 1011.28
  256.55
  160.02
  137.82
  136.86
  162.03
  140.54
  753.82
  863.15
  788.65
  544.90
  411.87
  138.38
  128.98
  380.83
  371.77
  646.84
  637.30
  699.79
  152.60
  164.49
  606.32
  491.75
 1231.13
  392.39
  415.21
  229.96
  156.14
  421.47
  182.02
  179.76
  236.96
  171.54
  146.00
   43.78
  115.39
 1222.72
 1568.87
 1249.11
  742.30
  315.59
  925.59
 1403.58
 1072.84
  738.22
 1214.54
 1800.98
 1667.32
 1681.88
 1229.80
 1005.45
  899.26
  964.44
  581.09
  390.63
  501.04
  547.19
  723.55
  648.68
  797.15
  471.70
  173.10
  236.13
  336.80
  752.77
  720.30
  629.09
 1147.65
  453.24
  381.77
  973.59
  920.64
  402.89
  505.09
 1604.60
  811.65
  669.41
 1072.87
  689.77
  776.22
  855.37
  905.23
  372.45
  259.52
  667.85
  727.97
  593.07
  399.75
  534.57
  299.03
  102.68
  429.74
  636.76
  725.19
  587.15
  494.78
  393.15
  417.96
 1173.56
 1564.45
 1480.40
 1433.91
 1196.08
  556.45
  930.55
 1555.16
 1434.64
 1502.24
 1193.89
  770.50
 1969.52
 2183.17
 1857.19
 1746.78
 1820.58
 2255.38
 2369.19
  866.98
  980.05
  703.42
  845.57
 1487.51
 1302.97
 1946.92
  873.77
  890.65
 1200.52
 1164.45
 1607.26
 1241.10
  996.89
  456.44
  591.71
  615.92
 1793.16
 1696.75
 2108.47
 1102.49
 1388.23
  970.73
  917.15
 1183.81
 1192.28
 1154.22
  958.92
  160.58
  290.50
 1218.25
 1413.29
  820.59
  918.49
 1649.60
 1000.92
  663.21
 1052.82
  876.75
 1237.50
  758.66
 1103.28
  206.85
  220.79
  674.62
 1467.04
 1371.58
 1247.30
 1197.63
  258.25
  317.83
 1192.71
 1358.59
  725.53
  715.23
  339.21
  321.57
  321.57
  997.69
  599.04
 1570.57
  888.92
 1475.19
  409.52
  719.33
 1160.28
 1096.29
 1001.77
 1219.75
 1398.51
 1058.71
  699.54
 1366.49
  967.76
 1028.75
 1306.77
 1391.89
  324.11
  428.97
 1541.99
 1274.14
 1454.38
 1019.60
  624.98
  223.73
  246.24
  795.25
 1057.66
  881.08
 1382.32
 1054.58
  208.89
  151.64
  718.03
 1588.07
 1749.98
  136.83
  472.13
  314.03
  282.94
  809.07
  653.07
 1521.66
 1247.75
 2004.35
  241.60
  201.81
 1405.65
 1260.33
 2113.09
 1130.66
  896.65
  363.28
  702.68
 1525.06
 2015.85
  988.06
 2215.54
 2812.46
 3488.41
 3476.40
 3456.61
 3453.86
 3327.37
 2978.56
 2454.93
 1694.88
  788.31
  973.50
 1631.28
 1996.42
 2006.67
 1265.48
 1693.12
 1383.96
 1567.79
  412.92
 1877.29
 1332.22
  923.67
  969.09
  167.38
 1503.54
  977.55
  206.49
  432.91
  298.43
  207.02
  206.57
  417.70
 1271.77
  815.07
  615.55
  786.33
  460.88
 1022.10
 2798.87
 2904.35
 3709.85
 5260.31
 6557.70
 7644.19
 7602.37
 7044.69
 6657.66
 6113.41
 4205.93
 3095.54
 2409.23
 2545.57
 2459.69
 2155.68
 2373.52
 2485.71
 2383.85
  481.75
  692.72
 1647.84
 1688.79
 1641.87
 1942.31
 1216.18
  630.19
 1024.56
 2156.04
  958.87
  187.49
  363.11
  324.34
  310.95
  158.15
  210.11
  644.18
 1751.00
 1157.73
 1107.84
  306.78
  555.12
 1274.97
 1409.10
  923.19
  512.20
  416.23
  216.99
  194.11
  937.03
  420.25
  441.86
  115.14
   41.68
  270.03
  666.44
 2888.71
 4127.21
 4948.14
 5077.24
 5030.32
 4311.47
 2963.30
 2452.13
 2240.17
 1359.41
  708.66
  878.25
 1355.47
 3486.12
 4039.54
 3535.92
 2556.70
 2553.33
 2712.90
 1191.63
 1555.25
 1286.97
 1835.36
  720.38
  222.80
  484.56
  169.76
  124.00
  509.56
  752.32
 1246.31
 1083.35
  980.30
  572.68
  454.85
  594.51
  475.33
  176.92
  369.22
  281.50
  306.30
  256.18
 1102.35
  214.90
  530.97
  432.14
 1719.34
 3894.42
 3865.87
 3424.58
 2698.34
 2184.64
 1898.36
 1308.44
  540.06
  996.33
 1056.05
 1241.52
 1043.05
 1704.25
 1324.97
  651.88
  307.15
  319.50
  849.11
  333.09
  512.28
  854.86
  343.45
  316.70
  332.30
  261.11
  559.48
  556.11
  347.93
  299.11
  806.07
 1119.59
 1165.78
  894.13
  138.41
  539.24
  275.35
  205.04
  809.81
  252.44
  738.31
  759.83
  977.53
  142.77
  293.11
  420.22
  214.78
  458.70
  405.58
  637.72
  311.57
  202.30
  741.76
  852.14
  731.06
  151.66
  314.77
  111.17
  279.06
  726.75
  288.97
  539.04
  179.19
  237.41
  546.20
  439.17
  736.38
  734.94
  527.43
  533.83
  613.60
  436.39
  439.25
  934.40
  673.01
  348.27
 1233.91
  476.01
  368.91
  160.67
  912.43
  683.29
  546.85
  875.81
  889.01
  389.41
  307.66
 1141.00
 1124.66
  849.34
  622.94
 1205.84
  848.40
  820.23
 1012.58
  887.03
  402.72
  290.42
  226.93
  872.84
  247.74
  741.56
  853.13
  691.98
  469.35
  753.54
  475.41
  286.76
 1074.79
 1045.57
  671.82
  866.92
  756.77
  671.65
  578.63
  566.37
  801.06
  735.42
  663.07
  685.04
  268.10
  261.19
  333.43
  750.91
  795.14
  637.27
  572.20
  527.29
  324.51
  796.16
  907.50
  926.73
  228.63
  572.34
  271.53
  338.39
  692.40
  718.96
  637.70
  891.56
 1157.76
  869.13
  808.64
 1032.86
 1318.35
 1767.48
 1934.66
 1945.28
  921.91
  762.60
  918.51
  960.71
  713.61
 1120.81
 1063.13
  694.24
  203.06
 1052.37
 1149.18
  599.50
 1201.60
  937.74
  678.70
   78.47
  214.70
 1127.58
  788.37
 1716.57
  601.99
  263.23
  183.29
  535.02
 1314.41
 1696.63
 1570.91
 1088.90
   72.01
  325.22
 1296.77
 1395.79
 1619.75
 1309.26
 1398.20
  283.59
  456.41
 1785.94
 1675.34
 1176.06
  935.11
 1618.76
 2258.13
 2001.07
 1850.87
 2636.95
 3099.08
 3099.68
 3090.33
 2219.36
 2036.07
 1921.41
 2110.23
 2216.10
 2036.60
 1828.50
 1756.21
 1849.94
 2285.79
 2150.07
 2214.86
 1647.98
 1313.53
 1067.57
  876.89
 2149.05
 1750.77
 1716.31
 1656.85
 2009.42
 2114.82
 1883.66
 2235.90
 2216.59
 2222.96
 2883.25
 3158.74
 3264.48
 3424.07
 3400.06
 3355.74
 3366.48
 3283.14
 3405.50
 2736.37
 2686.42
 3039.36
 2599.26
 3469.47
 3517.04
 3536.55
 3547.19
 3543.91
 3458.31
 3083.14
 2222.59
 2187.22
 2647.97
 1952.56
 1082.67
 1873.39
 1768.73
 1370.65
 1147.03
 1074.62
 1058.12
 1076.24
 1526.96
 1620.66
 1514.98
 1417.03
 1600.44
 1190.44
  775.49
  654.74
 1013.35
  914.32
 2314.42
 2207.52
 1291.11
  282.55
 1962.27
  395.84
 1418.73
 1349.13
 1480.43
  507.89
  864.29
 1095.81
 1195.99
 1427.71
 2147.15
 1843.23
 1823.46
 1273.97
 1402.56
 1810.18
 2321.87
 1939.51
 2808.04
 3782.88
 5014.83
 6142.24
 7162.35
 7474.51
 6551.87
 5616.56
 5143.67
 5914.26
 6363.59
 5903.72
 5622.42
 5660.79
 5281.69
 4868.83
 4755.96
 4654.98
 4575.41
 3986.16
 3372.93
 3333.20
 3120.94
 3336.55
 3337.37
 2477.78
 2717.00
 2445.16
 1530.19
 1206.10
 1169.91
 1680.72
 1978.53
 1365.21
 1405.51
 1517.64
  132.95
  335.64
 1471.06
 1556.86
 1571.16
 1567.45
  439.90
  495.37
  522.30
 1729.99
  529.89
  290.25
  371.23
  624.05
  225.35
  229.56
  448.03
  228.01
  816.54
  901.04
 1693.57
 2775.56
 2459.63
 3026.22
 1561.99
 1483.86
 1631.39
 1540.55
 1412.67
 1171.13
 1686.75
 1276.83
 1597.61
 1611.71
 1522.00
  988.17
  994.26
 1556.83
 1321.58
 1172.35
 1297.31
 1240.93
  950.06
  815.81
 1201.57
 5082.90
 8751.63
 9209.01
10011.39
10052.06
 9273.77
 8441.00
 7303.85
 5004.61
 3291.52
 3049.98
 2847.54
 3000.85
 3701.69
 4159.26
 3649.76
 2923.97
 2476.34
 2611.58
 2576.72
 2546.19
 2172.36
 2031.08
 1345.36
  874.17
 1525.43
 1238.61
 1190.92
 1768.73
 1688.87
 1494.48
 1265.88
 1519.20
  847.27
 1333.87
 1821.03
 1297.31
 1347.37
 1785.80
  989.05
  913.44
 1610.32
 1698.13
 1554.14
 1878.23
 2176.72
 2015.54
 2675.32
 1904.28
 1968.90
 1735.99
 1637.53
 1270.07
  719.39
  522.67
 1845.44
 1510.22
 2550.53
 2692.14
 2654.56
 2638.65
 1453.08
 2416.05
 2019.44
 1827.37
 1737.38
 1842.01
 1531.66
 1883.89
 1802.74
 1934.35
 1732.71
 1625.13
 1924.78
 1333.27
  944.17
 1975.24
 1251.15
  851.46
 1493.57
 1589.51
 1363.17
 1509.12
 1526.90
 1374.27
 1350.77
 1097.87
  992.36
  967.45
  897.47
 1950.61
 2186.88
 1912.15
 1995.06
 2120.28
 1994.84
  802.07
 1457.21
 1574.19
 1443.51
 1338.17
 1563.29
 1284.34
 1447.22
 1419.16
 1523.30
 1548.59
 1774.56
 1393.78
  954.36
  833.02
 1689.67
 1726.36
 1614.91
 1566.46
 1423.12
  793.41
 1011.87
 1216.55
 1457.04
 2148.60
 1379.68
 1120.72
  754.25
  980.67
 1465.43
 1501.61
 1445.91
 1330.30
  896.34
  503.79
  273.20
 1175.49
 1626.83
 1407.09
 1193.24
 1351.68
  345.78
  146.71
  989.59
 1672.39
 2407.64
 1957.46
 1685.48
 1749.84
 2024.91
  855.71
 1293.34
 1034.53
 1093.79
 1742.11
  385.65
  537.03
 1341.51
 1723.67
 1667.52
 1604.77
 1274.85
  922.14
  512.99
 1460.53
 1357.06
 1049.42
 1327.52
 1070.21
  464.11
  374.97
 1847.25
 1272.22
 1458.37
  719.59
  836.51
  732.44
  692.04
 1110.50
 1745.85
 1375.89
  958.67
  882.72
  930.01
  641.04
 1480.35
 1357.71
 1301.95
 1320.56
 1439.18
 1402.05
  559.00
 1451.75
 1366.60
 1142.47
 1002.08
 1530.36
 1023.46
  125.30
 1414.37
 1435.95
 1778.92
 2253.88
 1840.85
 1676.81
  956.01
 2573.10
 2123.59
 2226.55
 1757.82
 2372.27
 2012.85
 1722.97
 1934.04
 2065.57
 1945.82
 2149.79
 2312.01
 2462.32
 1935.23
 2091.94
 1602.20
 2248.16
 2358.31
 2700.32
 2210.27
 1964.48
 2349.76
 2166.24
 2710.32
 2655.95
 2663.09
 2292.76
 1598.97
 1884.37
 1906.69
 1805.34
 1264.18
 1576.82
 1360.00
 1422.13
 1583.22
 1658.26
 2526.60
 1514.89
 1891.96
 1186.22
 1121.72
 1737.83
 2783.66
 2574.00
 2298.51
 2200.50
 2283.19
 1571.30
 2084.57
  948.61
 1439.26
 1990.59
 2211.12
 1475.22
 1564.65
 2004.61
 2092.42
 1983.71
 1916.26
 1835.10
 1082.38
  718.91
 1061.40
 2473.31
 2205.06
 2640.63
 2314.56
 1737.63
  995.51
 1879.30
 1762.27
 1849.46
 2105.07
 4401.40
 5946.76
 6547.28
 5851.34
 4372.80
 3941.54
 3486.06
 2978.99
 2873.88
 2011.71
 2662.46
 2862.89
 3001.59
 2676.34
 2899.62
 2295.70
 2437.20
 1880.66
 1864.98
 1629.58
 1747.91
 1628.84
 1528.15
 1778.16
  463.97
  394.31
 1586.08
 1497.08
 2206.53
 3321.11
 3768.15
 4353.06
 4502.58
 4048.88
 3239.70
 2610.08
 2294.80
 2199.91
 2144.26
 1637.45
 2024.14
 1711.07
 1791.41
  181.20
  125.30
 1642.72
 1814.88
 1020.06
  600.26
  345.75
  320.52
  267.23
 1092.01
  196.72
 1627.40
  570.13
  214.44
  260.54
  272.01
  168.88
  518.88
  189.04
  138.38
  148.75
  160.47
  132.38
  203.48
  243.21
  126.24
  296.51
  288.21
  302.11
  454.57
  466.21
  668.87
  520.07
  497.39
  647.29
  470.71
  280.28
  261.70
  348.64
  320.80
  500.13
  632.12
  416.20
  171.26
  316.41
  373.70
  350.51
  633.39
  757.90
  159.14
  137.65
  596.89
  607.25
  706.48
  351.92
  316.75
  254.46
  186.81
  683.80
  250.32
  183.04
  358.18
  827.90
  147.42
   89.34
  369.11
  165.51
  254.31
  363.48
  151.47
  260.91
  289.28
  577.66
  892.35
  921.97
  748.58
  575.71
  163.13
  554.76
 1845.75
  915.23
 1184.04
  342.61
 1417.14
  559.77
  521.06
  777.44
  553.25
 1003.44
  726.92
 1021.11
  772.77
  348.21
 1678.57
  761.21
  704.27
 1498.75
 2159.44
 2493.75
 2537.53
 2378.42
 1808.26
 2348.03
 1712.72
 1631.05
 2010.21
 1606.19
 2157.52
 1726.93
 1512.97
 1826.55
 1389.03
  857.52
 1077.97
  712.40
 1125.31
  712.88
  936.13
 1144.03
  263.32
  843.08
 1124.89
  623.34
  861.65
 1157.45
 1660.36
  344.42
  320.94
  372.65
  500.87
 1360.37
  655.59
  652.65
  654.57
 1290.65
 1125.99
  834.04
 1088.16
  767.44
 1340.12
  424.55
 1112.20
 1071.28
  871.34
  892.24
  255.81
  876.26
  215.38
  298.06
 1539.05
  689.09
 1067.09
  681.05
 1447.33
  270.79
  875.08
 1715.66
  991.88
  873.60
  724.71
 1508.72
  686.40
  786.90
  930.69
  716.70
 1268.54
 1011.99
 1108.58
 1239.20
 1274.09
 1110.19
 1291.56
  591.34
  965.35
  908.46
 1055.74
  752.75
 1437.25
 1823.77
 2370.35
 3159.51
 4049.73
 5534.95
 5768.85
 5365.36
 4282.27
 3634.18
 2460.56
 2405.06
 1828.53
 1733.93
 1532.48
 1631.76
 1474.51
 1308.66
 1750.15
  908.43
 1227.96
 1346.24
 1272.08
 1361.19
 1464.94
 1407.01
  283.28
  450.32
 1618.25
 1577.19
 1600.64
 1929.71
 1195.59
  980.39
  224.95
 1425.19
 1425.24
 2052.24
 2293.92
 2045.95
 1837.96
 2078.88
 2021.09
 1328.46
 1568.78
 1448.49
 1691.45
 1527.04
 1372.52
 1718.21
 1554.11
 1601.97
 1751.68
 2613.73
 2117.53
 1875.85
 1930.30
 2164.03
 2080.84
 1339.10
 2001.49
 2078.74
 1935.71
 2497.40
 2116.68
 2416.02
 2309.18
 1987.02
 1512.23
 1944.91
 1960.40
 2317.03
 2763.07
 3898.95
 4416.92
 3974.98
 3425.38
 3257.88
 3073.85
 4084.68
 4689.75
 4657.16
 4619.84
 4591.52
 5204.95
 7155.07
 8279.70
 8938.67
 9268.95
 8992.33
 8012.87
 7239.29
 6587.77
 6176.53
 5469.43
 4059.96
 3058.42
 3281.13
 2968.77
 3149.43
 3249.64
 3274.39
 2624.43
 2176.29
 2211.97
 2532.43
 2413.27
 1890.60
 1963.91
 1935.17
 1711.24
 2205.20
 1980.54
 2138.57
 2231.76
 1651.50
 1785.66
 1328.46
 1567.51
 2018.62
 2107.03
 2269.11
 1946.42
 2346.02
 2588.19
 2607.81
 2580.46
 2568.54
 2316.91
 2176.57
 2602.49
 1765.05
 2003.93
 1411.20
 1352.61
 1227.96
 1495.53
 1671.12
 1452.68
 1541.77
 1481.23
 1438.84
 1445.41
 1666.50
 1441.53
 1427.06
 1391.94
 1301.33
 1261.80
 1313.59
 1434.33
 1568.98
  718.77
 1243.85
 1271.20
  871.79
 1264.77
 1629.35
 1913.26
 1971.90
 1873.22
 2042.95
 2937.84
 3649.53
 3866.44
 3239.31
 2849.21
 2834.74
 2839.92
 2834.63
 2858.90
 2848.08
 2733.23
 1844.30
 1737.15
 1785.09
 1733.27
 1892.19
 1830.23
 1541.94
 1444.61
 1503.48
 1736.98
 1592.20
 1794.61
 1510.76
 1040.70
  904.61
  602.36
  933.92
  675.07
  634.01
  708.94
  759.46
  505.77
  716.98
  784.40
 1143.89
 1310.73
 1012.92
 1802.57
 1448.52
 1225.58
 1296.26
 1474.83
 2625.06
 3086.20
 3342.35
 3547.85
 3840.08
 2490.64
 1579.43
 1674.77
 1319.25
 1440.59
 1933.84
  760.02
  741.73
  737.29
  757.16
  512.03
  483.17
  691.21
  645.34
  389.72
  401.39
  804.34
  539.41
  501.89
 1356.21
  466.77
  594.37
  771.52
  806.41
  837.95
  708.15
  220.50
  913.78
 1042.85
  246.67
  264.45
  780.58
  317.55
  275.35
  315.56
  749.07
  584.94
  708.35
  762.71
  886.01
  685.95
  802.05
 1118.80
  835.46
  876.55
 1393.73
 1210.94
  505.00
  624.33
  390.43
 1066.58
  473.80
  352.57
  821.98
  729.10
  602.81
 1283.38
  578.32
 1036.11
 1010.94
 1485.08
 1042.68
  823.65
 1389.22
 1251.26
 1286.29
 1301.16
  787.97
  810.26
  624.24
  402.30
 1174.24
 1119.73
 1102.83
  726.13
  559.31
  595.11
 1072.22
  924.77
  811.62
  865.31
  739.58
  364.18
  505.00
  785.00
 1022.41
  557.98
 1339.95
 1575.27
 2041.67
 1953.55
 2590.99
 1408.59
 1473.52
 1692.30
 1164.90
  913.70
  927.49
  986.96
 1607.72
 1476.10
 1119.99
 1376.09
  938.53
  814.39
 1443.45
 1559.98
 1435.13
  860.46
  625.29
  761.69
  860.27
  737.99
 1124.66
  527.46
  939.98
  906.85
  545.35
  489.82
  598.36
 1162.10
 1194.77
 1375.86
 1022.92
  728.90
  596.98
  634.52
  963.31
  996.89
  832.35
  722.62
  898.27
  841.32
 1077.91
 1343.41
  929.47
  835.49
  667.74
  683.00
 1039.12
 1329.59
 1430.37
  585.14
  536.97
  628.24
  651.00
  595.56
  691.02
 1061.74
  998.28
  849.28
  803.01
  801.93
  813.68
 1354.99
 1126.13
 1303.59
 1075.50
  904.02
  753.00
  807.26
 1327.13
 1430.26
 1568.05
 1406.98
 1336.33
  803.38
  650.98
 1722.88
 1220.80
 1511.24
  463.29
  534.54
  619.15
  952.98
 1629.97
 1532.20
 1343.95
 1153.23
  269.41
  314.57
  212.26
 1120.16
 1327.47
 1162.75
 1046.93
 1278.11
  358.58
  219.17
  231.32
 1094.22
 1206.13
 1310.73
 1190.98
  210.65
  276.49
  623.37
  991.43
  863.44
 1132.16
  565.52
  270.99
  198.50
  487.90
  843.39
 1437.84
 1602.45
 1031.81
  497.70
  229.39
  941.14
  514.21
  796.52
 1010.68
  959.01
  204.48
  195.98
  258.45
  213.37
 1120.58
 1778.92
 1494.76
  554.10
  229.48
  809.13
 1358.22
  765.21
  569.00
 1410.21
  238.88
  474.82
  936.78
  541.08
  720.52
 1649.09
 1302.38
  246.05
  308.94
 1088.19
 1493.74
 1420.51
 1153.60
 1420.57
  854.09
  219.82
 1350.54
  744.68
 1391.89
  787.26
 1193.92
 1290.54
 1108.01
 1493.40
 2184.22
 1769.10
 1226.09
 1022.86
  237.75
  403.91
 1061.43
 1164.16
  953.03
  724.17
  723.04
  346.94
  202.35
  258.11
 1010.71
  284.73
 1549.30
 1981.84
 1395.48
  786.42
 1184.95
  934.71
 1188.77
  474.00
  974.78
  384.03
  844.38
 1991.69
 1872.56
 2169.89
 2563.78
 2796.26
 2919.44
 3248.48
 3212.46
 3180.77
 3218.78
 3023.73
 2607.10
 1287.11
 2493.95
 2034.45
 2150.35
 1888.59
 1647.87
 1366.40
  769.00
 1255.23
 1990.22
 1943.33
 1928.24
 1406.36
 1449.99
 1228.61
 1383.62
 1919.12
 1829.89
  795.90
  638.71
  746.38
 1781.50
  992.85
 1449.51
 1345.84
 1318.80
  631.89
 1045.85
  583.04
 1045.06
 2710.66
  886.32
 1258.51
  237.38
 1132.48
  470.46
  638.83
 1499.12
 1349.78
 1685.50
  747.62
  212.18
  243.50
  413.23
  971.98
  831.95
 1411.06
  642.76
  214.30
  178.71
  168.51
 1069.67
 1294.99
 1016.86
 1145.93
  905.71
  229.93
  425.15
  336.18
  352.69
  207.65
  145.58
  180.46
  114.94
  134.82
  170.55
  432.74
  714.29
  656.98
  985.20
  759.40
 1275.50
 1288.19
 1360.68
 1417.85
 1167.36
  699.31
  516.22
  411.47
 1215.27
 1359.27
  895.15
 1329.45
   12.88
  703.82
 1312.74
 1431.13
 1417.71
  822.21
  967.76
 1401.06
 1027.51
  207.85
  934.80
 1067.91
  776.56
  931.74
 1057.66
  592.25
  661.79
 1000.58
 1163.88
 1335.96
 1586.45
 1375.72
  235.00
  179.81
  688.50
   95.09
  216.26
  196.01
  382.22
  480.00
  464.74
  875.95
  944.99
  783.90
  848.12
  835.83
  296.79
  443.36
  334.03
  597.80
  619.63
 1086.80
  427.16
  570.81
  344.25
  348.55
  391.20
  621.61
  658.62
  956.85
  380.32
  428.46
  884.00
  303.22
  411.84
  399.66
  379.05
  423.11
  363.90
  569.28
  214.44
  806.32
  547.34
  774.44
  348.67
  236.45
  266.52
  397.85
  335.81
  411.59
  781.09
  513.47
  435.77
  574.75
  267.88
  218.49
  402.52
  617.36
  227.53
  295.20
 1139.10
  361.86
  639.17
  678.61
  649.45
  532.47
  454.80
  845.97
  921.74
  697.87
  589.02
  621.64
  220.28
  208.92
  388.51
  336.35
  317.66
  536.92
  582.93
  358.52
  306.53
  668.73
  745.72
  797.80
  874.96
  688.86
  263.74
  336.06
 1186.36
  774.04
  623.91
  709.88
 1002.08
  764.61
  645.77
  588.54
  765.94
  852.96
  682.04
  760.25
  493.00
  586.02
  617.31
  757.76
  721.34
  767.33
  527.34
  413.06
  498.43
 1263.58
  688.75
  670.77
  743.06
  813.03
  504.44
  386.81
  658.14
 1059.53
  453.21
  535.30
 1041.32
  746.21
  432.79
 1135.28
  971.95
  994.46
  712.96
 1094.76
  796.50
  818.13
 1155.16
  913.90
  428.29
  101.26
  468.62
  722.31
  814.08
 1534.24
 1088.30
 1047.64
  754.02
  750.23
  825.75
  797.40
 1100.99
  863.38
  867.66
  945.22
  669.92
  644.18
  271.53
  929.16
 1026.63
  935.08
  943.83
 1135.96
  644.63
  337.96
  892.38
  826.63
 1129.47
 1023.54
 1130.32
 1008.08
 1000.60
 1073.86
 1066.36
 1131.12
 1049.03
  691.64
 1207.97
 1006.61
 1313.08
 1146.35
 1228.89
 1573.62
 1542.39
 1314.95
  493.39
 1476.72
 1463.73
 1455.74
 1522.68
 1730.05
 1269.78
 1096.63
 1954.15
 1815.59
 1843.12
 2289.64
 2131.44
 2384.79
 2015.76
 2467.08
 2373.52
 2279.02
 1543.18
 1415.13
 1502.32
 1811.54
 1972.89
 1598.40
 1684.12
 1195.17
 1554.79
 1405.34
 1529.31
 1775.69
 1057.32
  976.82
 1127.55
 1254.49
  702.26
  893.42
 1051.77
 1052.45
  720.21
 1231.61
  826.12
  316.67
  268.70
  746.57
  578.32
  931.09
 1098.55
  208.44
  271.67
  297.02
  474.90
 1283.77
  950.46
  714.43
  970.93
  675.87
  761.50
 1105.49
 1706.01
 2102.41
 2120.79
 2199.77
 2154.43
 2209.54
 2392.18
 2718.47
 2505.96
 2474.21
 2372.05
 1965.08
 2061.66
 2050.05
 2061.47
 1619.67
 1202.05
 1024.31
 1307.22
  795.48
 1339.02
 1578.55
 1493.06
 1345.08
 1189.85
  978.94
  703.53
 1677.83
 1556.15
 1523.96
 1127.49
  917.69
  772.51
 1045.85
 1352.21
 1542.42
  808.98
  830.82
 1222.27
  947.82
  620.93
  516.70
  411.27
  663.69
 1127.58
  892.12
  346.40
  374.24
  663.75
  644.86
  494.87
  468.79
  504.24
  350.73
  287.42
  644.92
  718.12
  851.74
  643.13
  413.34
  645.71
  508.37
 1687.46
 1691.00
 1252.26
 1202.36
  916.02
  237.21
  295.54
  634.75
  483.34
  510.78
  404.42
  540.34
  497.90
  553.11
  514.06
  430.39
  434.24
  412.32
  433.67
  428.77
  273.34
  461.03
  427.73
  363.93
  450.38
  430.02
  290.45
  184.82
  167.27
  201.79
  157.19
  432.29
  389.53
  178.11
  157.98
  299.37
  184.43
  185.96
  263.43
  275.55
  271.42
  400.94
  378.43
  305.06
  473.51
  439.82
  665.84
  353.59
  301.94
  478.72
  392.56
  326.18
  389.10
  394.48
  323.72
  189.78
  413.88
  332.86
  330.94
  475.07
  362.12
  164.07
  337.68
  476.09
  357.08
  220.87
  236.84
  301.55
  265.58
  315.96
  278.92
  319.92
  124.99
  158.60
  223.11
  151.44
  184.94
  280.37
  239.56
  253.49
  207.65
  534.00
  414.33
  709.03
  406.12
  449.16
  588.37
  476.54
  222.15
  402.21
  422.06
  644.63
  491.86
  496.39
  829.17
  501.75
  383.55
  345.35
  448.43
  665.50
  705.80
  410.31
  638.38
  553.42
  541.56
  558.18
  472.61
  595.93
  739.64
  617.31
  495.06
  372.99
  600.18
  718.91
  685.75
  783.47
  675.22
  293.42
  272.66
  605.24
  617.82
  594.99
  510.27
  250.94
  304.89
  541.02
  564.44
  475.69
  520.49
  436.14
  555.80
  390.97
  380.95
  484.47
  657.57
  533.89
  461.96
  271.95
  314.37
  627.30
  352.49
  429.59
  539.69
  413.62
  386.78
  349.68
  360.67
  601.96
  631.13
  673.18
  686.85
  643.50
  455.33
  535.73
  831.84
  800.83
  985.40
  941.71
  884.50
  535.19
  543.17
  576.13
  584.46
 1202.84
 1681.96
  487.08
  282.18
  272.97
  551.87
  549.74
  544.16
  652.11
  761.36
  716.50
  711.52
  712.08
  704.32
  750.03
  711.43
  572.14
  413.40
  385.00
  383.16
  316.55
  302.20
  329.98
  313.52
  319.98
  371.46
  365.15
  339.94
  325.81
  333.23
  349.74
  323.66
  329.92
  336.97
  370.27
  347.62
  402.81
  363.50
  357.39
  353.42
  378.40
  369.62
  344.79
  336.46
  356.54
  370.58
  398.02
  420.90
  357.87
  379.76
  517.35
  519.56
  349.74
  373.92
  472.21
  490.11
  534.85
  489.12
  264.25
  244.35
  212.21
  508.29
  551.56
  578.17
  449.30
  141.90
  195.64
  267.25
  287.78
  385.48
  260.54
  261.59
  273.43
  270.62
  272.01
  273.48
  277.48
  276.15
  271.42
  273.09
  251.82
  271.95
  255.81
  237.30
  332.69
  255.08
  264.48
  209.74
  236.87
  284.41
  274.36
  235.23
  443.30
  447.92
  340.91
  283.76
  313.84
  354.70
  371.29
  320.09
  394.82
  201.76
  315.68
  496.56
  779.25
  614.73
  667.80
  634.18
  361.66
  353.82
  361.80
  356.93
  359.77
  353.42
  339.01
  364.89
  353.96
  364.58
  368.20
  356.62
  350.99
  351.61
  354.56
  355.01
  356.88
  288.21
  289.99
  332.81
  348.13
  345.55
  340.26
  330.85
  324.54
  340.93
  341.05
  341.30
  342.04
  344.22
  451.65
  462.75
  855.06
  739.64
  440.19
  423.68
  406.71
  453.75
  364.64
  295.37
  443.22
  472.38
  611.13
  659.87
  967.87
  993.30
  893.09
  887.31
  932.22
  657.12
  679.83
  747.51
  638.23
  663.80
  697.42
  706.76
  509.31
  514.89
  502.68
  390.63
  448.54
  693.65
  507.64
 1047.10
 1212.84
 1007.43
 1146.35
 1375.09
 2132.09
 1713.51
 1939.34
 1662.68
 1528.37
 1669.45
 1729.93
 1904.65
 1480.18
  995.42
  603.60
 1269.25
 1551.25
 1468.26
 1292.07
 1337.09
  849.48
  822.29
 1022.69
  960.31
 1169.77
 1385.49
 1467.24
  644.86
  566.82
  780.33
  687.11
 1177.13
 1523.79
 2184.16
 2019.25
 1370.25
 1371.27
 1478.51
 1603.81
 1475.93
 2023.86
 1600.67
 1240.22
 1496.26
 1646.68
 1561.99
 1934.44
 2153.10
 2312.44
 2480.75
 1410.63
 1063.21
  893.93
  743.46
  547.14
  469.61
  439.36
  348.86
  348.75
  405.70
  730.77
 1624.25
 1611.06
 1435.83
 1213.38
 1309.31
 1178.01
 1295.27
 1260.10
  853.16
  904.10
  963.76
  626.48
  696.00
  551.39
  483.54
  334.45
  273.97
  494.98
  510.98
  533.83
  550.39
  799.21
  258.45
  258.22
  450.07
  664.26
  565.49
  265.64
  265.67
  267.37
  265.84
  600.74
  589.73
  626.48
  445.42
  249.19
  259.35
  266.18
  774.69
  794.06
  460.86
  514.29
  699.68
  270.85
  270.82
  280.14
  350.70
  350.96
  349.23
  354.22
  288.18
  279.83
  619.63
  668.50
  837.61
  734.00
  512.51
  255.08
  254.85
  508.17
  697.70
  815.30
  709.71
  672.78
  352.71
  384.80
  559.03
  394.96
  480.76
  486.74
  489.68
  358.43
  361.15
  519.87
  502.68
  499.76
  506.98
  500.27
  357.81
  276.80
  382.79
  379.59
  387.06
  516.53
  514.94
  476.71
  468.81
  517.24
  564.64
  555.41
  481.10
  472.98
  373.70
  372.42
  465.42
  527.29
  507.44
  484.22
  497.27
  257.82
  311.54
  464.65
  415.41
  377.18
  402.50
  369.53
  369.17
  373.61
  598.45
  550.25
  485.66
  475.21
  480.11
  378.82
  381.63
  580.35
  451.20
  475.33
  595.02
  710.89
  629.82
  585.76
  623.65
  812.67
 1287.17
 1549.16
  658.08
  383.30
  381.71
  382.45
  383.47
  417.82
  488.52
  487.76
  710.30
  708.80
  761.89
  750.54
  776.08
  896.88
  899.51
  540.48
  535.81
  740.54
 1534.40
 1319.65
 1115.60
 1220.46
  923.36
  738.67
  936.75
  584.91
  593.95
  513.70
  284.41
  282.72
  285.09
  285.80
  369.70
  369.28
  367.55
  367.07
  367.33
  370.24
  290.59
  284.58
  478.47
  360.62
  288.63
  290.05
  289.85
  367.01
  363.79
  367.78
  367.95
  369.05
  372.06
  373.33
  558.49
  527.17
  520.38
  524.85
  526.18
  383.86
  380.55
  723.58
  705.51
  368.26
  369.65
  495.86
  366.45
  360.16
  473.03
  372.93
  394.31
  397.51
  399.10
  399.27
  400.17
  400.94
  401.25
  398.70
  477.20
  545.86
  389.50
  361.97
  361.41
  360.95
  364.41
  361.21
  358.55
  355.91
  374.35
  364.72
  338.47
  337.65
  340.82
  341.08
  343.06
  341.61
  342.07
  340.17
  339.29
  339.77
  349.57
  339.97
  346.63
  341.93
  337.96
  342.12
  341.27
  345.55
  342.95
  342.89
  345.49
  343.99
  488.27
  344.50
  348.07
  353.08
  353.22
  349.85
  343.43
  340.34
  452.64
  752.12
  597.26
  578.23
  662.42
  518.93
  500.95
 2666.65
 3728.88
 4554.48
 3738.64
 3419.32
 3403.68
 2979.47
 2815.91
 2746.45
 2544.61
 2423.02
 3098.09
 3015.35
 3037.21
 2338.89
 1841.33
 1930.64
 1843.23
 2385.52
 2053.76
 2293.01
 2258.21
 2366.30
 1569.89
 1469.79
  882.38
 1712.86
 4070.38
 5409.25
 5718.53
 5821.80
 5494.32
 4894.37
 4067.97
 3392.53
 2353.61
 2743.11
 2109.52
 1496.40
 1756.92
 1747.09
 1485.70
 1567.05
 1241.92
 1270.89
 1210.04
 1270.92
 1633.40
 1514.13
 1228.21
 1168.72
  771.38
  729.30
 1000.66
  986.47
 1073.83
 1286.60
 1272.02
  869.13
  552.69
  756.34
  779.48
  884.19
  844.72
  887.73
  646.47
  653.18
  646.70
  835.32
  749.32
  751.13
  816.15
  979.22
 1034.24
 1146.04
 1101.72
  940.52
 1166.65
 1435.04
 1811.49
 1363.57
 1644.78
 1263.30
 1423.74
 1495.92
 1398.68
 1074.00
  738.56
  920.30
  850.47
  874.11
  863.72
  860.72
 1030.20
 1061.57
 1180.87
 1242.12
 1441.47
 1332.96
 1540.63
 1030.85
 1084.17
  972.68
 1052.17
 1396.76
 1778.01
 2076.62
 2648.87
 2469.68
 1825.42
 1520.53
 1126.67
 1128.62
 1426.29
 2275.63
 1946.84
 1484.34
 1499.18
 1090.99
 1017.76
  756.85
  747.11
 1725.66
 1872.71
 1144.65
 1147.54
 1414.62
 1378.15
 1062.48
 1290.63
 1289.49
 1369.06
 1370.39
 1134.32
  883.03
  513.67
  509.84
  838.94
  542.47
  425.52
  505.68
  998.79
 3130.46
 3251.09
 4688.96
 4430.85
 4368.02
 6678.84
 4664.86
 3653.92
 3031.69
 1997.53
 1448.60
 2125.35
 2008.34
 1875.88
 2267.13
 2771.60
 2245.33
 2029.50
 2122.86
 1872.22
 1580.73
  890.76
  966.03
  703.82
 1034.16
 1461.69
 1194.23
 1083.94
 1218.70
 1064.60
  978.52
 1057.78
 1201.99
 1215.25
  781.66
  868.25
 1073.72
 1340.21
  733.43
  776.11
  821.61
 1113.64
 1111.15
  976.73
  910.36
  945.33
 1038.32
  919.62
 1067.57
 1057.38
  763.14
  931.26
 1131.09
  929.59
 1059.22
  902.43
  712.76
  760.68
 1073.04
  434.49
  485.92
  491.69
  491.50
  495.52
  493.87
 1039.54
 1133.52
  507.01
  458.73
  583.67
  534.00
  531.31
  767.19
 1209.07
  801.71
  766.48
  858.93
  534.91
  474.00
  478.30
  474.82
  462.61
  460.32
  470.40
  490.56
  464.91
  458.76
  449.44
  797.88
  798.25
  887.82
  938.08
 1355.73
 1368.13
 1030.82
 1192.48
 1127.04
  874.68
  768.52
  815.33
  778.52
  819.89
  969.37
  896.00
  939.47
  936.49
  940.71
  741.25
  812.61
  803.26
  876.24
  761.13
  756.29
  757.11
  658.85
 1036.99
  943.66
  924.35
  933.04
  767.36
  731.34
  835.72
 1006.13
  909.79
  891.87
  853.47
  737.37
  759.46
  860.41
  701.04
  675.13
  680.03
  672.30
  444.57
  439.02
  492.20
 1212.61
  716.27
  838.49
  975.94
  954.16
 1259.59
 2380.57
 2988.93
 2454.39
 2974.43
 2594.53
 1628.28
 1399.53
 2585.10
 2396.62
 2321.75
 2608.80
 2636.55
 1226.23
  958.07
 1494.22
 1813.50
 2030.83
 1899.47
 2027.60
 2163.61
 2068.80
 2299.81
 2408.46
 2417.55
 2043.88
 1661.72
 2525.13
 2652.92
 1962.64
 2012.45
 2014.74
 2176.38
 2455.84
 1436.09
 1363.43
 1804.46
 1733.05
 1716.09
 1789.82
 1613.69
 1713.62
 2073.90
 2068.29
 2039.63
 1979.26
 2169.47
 2401.72
 1826.41
 1619.95
 1970.51
 2410.39
 2785.27
 3274.62
 3434.58
 3442.93
 3446.78
 3292.48
 2881.10
 2615.17
 2688.97
 2744.89
 2106.41
 2133.90
 2165.90
 2123.31
 1954.71
 1970.88
 1966.72
 1707.00
 1669.90
 1517.41
 1649.63
 1821.88
 1809.19
 2153.92
 2807.16
 2706.92
 2844.97
 3131.02
 3011.41
 4718.18
 5568.25
 5587.08
 5515.07
 5192.09
 4558.73
 4303.25
 4251.94
 3804.34
 3441.52
 3441.49
 3821.84
 4552.24
 4317.13
 3588.51
 2811.30
 3369.87
 3364.35
 3452.05
 3642.11
 3828.52
 3626.99
 3092.91
 2480.70
 2344.55
 2718.08
 2210.64
 2023.55
 1878.20
 1543.07
 1401.00
 1294.90
 1383.96
 1211.90
  994.97
  797.32
  725.79
  735.53
  810.12
 2108.33
 2155.17
 1802.37
 2680.33
 2866.49
 3361.21
 3729.61
 4618.51
 5085.99
 5297.66
 5544.10
 5198.97
 4779.49
 4725.49
 4730.64
 4625.61
 4162.86
 3836.71
 4046.34
 4332.45
 5161.65
 5924.54
 5821.66
 5348.23
 4869.00
 4363.14
 3743.26
 3736.44
 3702.82
 3048.03
 2937.14
 3007.25
 2371.65
 2115.33
 1595.80
 1808.00
 1855.26
 1652.97
 1645.75
 1656.73
 1363.71
 1560.12
 1520.59
 1444.67
 1315.66
 1272.90
 1185.14
  983.84
  886.94
  632.12
 1047.02
 1272.33
 1132.42
 1149.83
 1649.03
 1346.13
 1763.26
 1965.73
 1928.38
 1613.98
 1604.91
 1683.72
 1148.93
 1074.54
 1032.89
 1198.60
 1228.02
 1722.63
 1497.25
 1481.51
  648.65
  936.27
  795.65
  765.86
  717.49
  617.62
  647.72
  656.67
  530.40
  528.48
  611.28
  553.37
  527.97
  527.88
  528.51
  525.82
  526.47
  433.39
  376.56
  317.63
  322.39
  322.13
  319.64
  315.93
  316.10
  313.72
  391.28
  868.28
 1121.43
 1100.56
  993.41
 1173.62
 1172.57
 1070.07
  802.81
 2960.16
 4310.98
 3914.80
 2043.80
 1669.59
 1438.61
  711.23
  769.96
  608.59
  603.04
  785.42
  609.86
  531.90
  520.32
 1113.36
  859.59
  647.86
  647.75
  747.48
  852.54
  539.32
  952.98
  546.43
  566.82
  568.80
  543.15
  575.85
  251.31
  403.29
 1211.65
  871.96
  986.53
  544.87
  499.96
  859.78
  741.62
  728.31
  728.31
  693.28
  926.70
  903.65
  742.44
  662.90
  638.26
  667.14
  628.01
  382.65
  379.73
  383.33
  748.33
  876.09
  988.37
  541.30
  516.44
  384.32
  380.58
  378.26
  379.50
  379.39
  383.44
  383.92
  373.44
  373.13
  481.64
  498.04
  487.70
  492.18
  393.35
  409.91
  362.57
  384.29
  381.29
  379.64
  373.56
  372.14
  368.91
  368.74
  512.14
  389.41
  494.81
  492.37
  507.81
  508.71
  511.40
  515.65
  518.00
  549.04
  521.00
  621.87
  618.13
  616.66
  593.80
  612.61
  612.01
  614.73
  802.24
  610.37
  711.29
  658.79
  676.63
  856.58
  817.79
  723.67
  898.44
  890.65
 1074.00
  688.95
  690.34
  705.51
  694.61
  695.04
  769.91
  924.94
 1053.98
  825.80
  829.63
  786.59
  779.25
  755.38
  754.11
  792.84
  800.83
  745.38
  836.85
  718.48
  696.40
  770.73
  736.75
  711.06
  655.82
  638.97
  515.90
  510.27
  787.63
  783.10
  782.76
  823.26
  812.98
  509.90
  506.93
  538.67
  567.58
  563.22
  639.73
  745.44
  527.60
  513.07
  636.39
  572.76
  571.32
  605.24
  551.16
  406.63
  392.13
  799.95
  782.85
  659.78
  686.77
  697.39
  417.62
  383.35
  711.55
  702.46
  638.38
  613.23
  779.28
  397.54
  390.04
  580.98
  609.24
  632.82
  690.34
  775.37
  399.44
  400.12
  737.74
  888.70
  912.45
 1080.66
 1078.28
  703.82
  528.90
  912.91
  910.27
  904.24
  912.00
  813.32
  674.03
  714.41
  768.15
  874.54
  911.49
  821.25
  673.03
  535.95
  535.10
  763.76
 1159.74
 1244.89
 1279.89
 1462.68
  975.69
 1001.11
 1060.21
 1082.35
  964.44
  600.57
 1028.84
  880.71
  842.96
 1188.54
 1362.69
 2401.30
 2410.81
 2632.99
 2806.82
 2653.03
 2653.20
 2543.59
 2686.25
 2249.35
 1672.36
 1189.90
 1214.40
 2098.59
 1900.83
 1802.48
 1475.08
 1512.52
 1065.19
 1204.12
 1348.70
 1481.85
 1528.15
 1518.32
 1448.18
  991.63
  848.40
 1641.39
 1348.99
  971.04
  845.77
  765.21
  655.42
 1581.01
 2477.98
 2506.24
 2706.04
 2679.54
 2605.63
 1959.64
 1784.50
 1799.99
 1973.68
 2029.16
 1925.80
 1882.82
 1215.39
 1117.64
  914.61
 1051.66
 1257.15
 1045.40
 1001.06
  657.21
  662.39
 1149.69
  913.47
 1101.58
 1363.26
 1302.15
  859.87
  821.53
 1238.27
 1297.53
 1544.09
 1658.43
 1612.96
 1335.11
 1495.07
 1386.90
 1316.37
 1443.14
 1625.25
 1398.54
  733.83
  664.82
  662.76
  661.42
  631.21
  611.73
  610.91
  609.29
  605.98
  755.95
  745.50
  859.98
  868.00
  871.90
 1332.68
 1902.47
 1571.81
 1310.76
 2187.59
 2649.81
 2563.89
 3042.31
 3261.99
 3762.32
 4607.77
 5321.59
 6733.43
 6814.68
 5824.83
 4871.38
 4995.23
 4295.92
 3374.69
 3232.85
 3055.39
 2961.18
 2342.96
 2702.64
 2579.38
 2883.39
 2268.12
 1605.06
 1628.13
 2278.29
 2501.00
 3007.28
 3483.93
 3481.84
 2544.86
 1674.63
 1944.43
 2029.67
 2625.82
 2606.68
 2674.67
 3100.81
 2512.70
 2508.19
 2233.04
 1736.98
 1509.00
 1560.63
 1592.71
 3190.46
 4049.28
 4517.36
 4346.41
 4191.03
 4014.00
 3684.33
 3310.95
 3153.14
 1687.34
 2955.60
 2660.54
 3830.99
 4845.30
 4758.02
 3939.98
 3492.60
 1959.95
 1306.43
 1692.92
 1485.67
  949.29
  793.98
 1493.69
 1188.17
 1162.41
  962.49
  901.61
  605.78
  589.61
  629.43
  565.94
  653.52
  580.92
  473.23
  463.41
  430.27
  560.53
  541.62
  886.54
  534.79
  573.64
  575.51
  572.31
  569.82
  574.95
  531.79
  532.38
  521.91
  507.98
  506.31
  507.15
  506.81
  664.62
  510.47
  516.64
  510.98
  511.60
  509.79
  511.18
  512.93
  514.12
  518.62
  383.78
  373.75
  760.62
  894.36
  878.33
 1114.35
 1376.26
 1277.66
 1312.54
 1395.17
 1503.23
 1516.25
 1148.96
 1101.19
  744.17
  625.32
  624.08
  755.32
  689.26
  608.53
  530.26
  531.28
  523.35
  614.19
  751.19
  964.98
  907.05
  795.02
  699.88
  694.70
  693.11
  813.85
  795.11
 1170.99
 1004.79
 1026.29
  775.97
  689.77
  708.35
  991.77
  917.58
  813.97
  660.43
  661.99
  742.98
  743.66
  734.34
  727.66
  738.98
  736.61
  730.26
  932.13
  938.36
  985.17
  925.08
  685.18
  680.14
  685.01
  685.47
  679.75
  712.82
  698.75
  624.84
  660.60
  700.25
  721.54
  713.78
  710.41
  720.72
  727.40
  562.97
  562.66
  659.13
  738.59
  745.55
  697.25
  738.16
  934.00
  926.98
 1590.25
 3464.20
 4061.99
 2791.33
 2089.73
 1358.47
 1217.91
  985.40
 1042.57
  918.51
  690.14
  687.39
  772.74
  535.70
  840.10
  999.90
 1038.41
 1007.88
  834.95
  519.78
  603.40
  810.26
  853.10
  888.98
  896.91
 1017.88
  564.16
  614.70
  774.15
  758.61
  751.84
  759.71
  666.86
  574.29
  570.56
  747.73
  700.84
  737.12
  810.37
  904.78
  641.01
  557.67
  737.12
  756.82
  661.57
  753.43
  801.71
  926.75
  944.59
  939.04
  951.73
  993.78
  938.22
  863.18
  869.16
 1102.83
 1113.76
  844.49
 1133.24
 1232.52
 1086.04
  950.51
  945.78
  919.11
  887.96
  989.76
  972.09
 1046.56
  927.40
  866.16
 1235.95
 1313.42
 1274.31
 1185.65
 1623.07
 1271.03
 1300.14
 1491.56
 1789.96
 1695.22
 1963.77
 1790.02
 1738.60
 1764.88
 2281.35
 2929.38
 3735.16
 4307.93
 4612.25
 4576.63
 4498.22
 4220.40
 3906.82
 3809.95
 3555.35
 3377.38
 3399.66
 3433.19
 3448.54
 3450.92
 3441.60
 3476.01
 3079.12
 2660.85
 2673.05
 2613.56
 2571.03
 2564.46
 2590.11
 2836.13
 3076.51
 3065.10
 3041.46
 3026.96
 3016.42
 3061.65
 2883.62
 2743.59
 2727.28
 2708.70
 2703.27
 2495.48
 2210.04
 2054.73
 1530.84
 1178.94
 1734.78
 1733.90
 2126.09
 2240.83
 2247.00
 2245.24
 2409.34
 2774.57
 3152.94
 3432.06
 3132.15
 3072.77
 2740.87
 2816.96
 2768.20
 4138.68
 5094.43
 5060.96
 4791.41
 4644.10
 4592.51
 4277.83
 4036.88
 4082.24
 3903.45
 3726.61
 3682.35
 3666.61
 3272.15
 2513.43
 2153.75
 1826.38
 1804.04
 1664.80
 1715.41
 1867.13
 1531.38
 1219.01
 1456.51
 1452.03
 1819.75
 1219.75
 1638.98
 1796.73
 1799.20
 1767.91
 1725.23
 1456.02
 1162.32
 1643.65
 1421.70
 1570.17
 2058.61
 2072.28
 1931.75
 2083.19
 2219.22
 1684.65
 1647.08
 2065.91
 2374.40
 2709.38
 2668.72
 2768.03
 2783.80
 2606.08
 2147.29
 1661.35
 1770.91
 1847.22
 1840.79
 1824.06
 1367.51
 1465.51
 1732.42
 1153.01
  987.24
  991.26
 1196.73
 1024.62
  750.14
  545.07
  560.05
  373.05
  372.90
  372.82
  447.75
  384.34
  275.98
  274.81
  280.87
  283.54
  274.28
  297.24
  274.14
  285.92
  266.97
  271.73
  336.60
  332.81
  325.30
  332.41
  340.76
  253.61
  295.34
  272.15
  270.77
  391.59
  420.70
  329.78
  278.55
  242.31
  369.48
  280.03
  269.72
  273.14
  274.79
  273.85
  275.01
  275.04
  275.32
  244.37
  246.72
  245.96
  242.68
  248.51
  702.51
  545.86
  395.47
  392.05
  390.49
  258.73
  257.17
  279.77
  283.03
  280.54
  361.97
  384.77
  387.60
  388.28
  389.89
  386.78
  375.62
  385.00
  388.37
  386.78
  387.49
  502.74
  545.24
  541.45
  540.77
  541.56
  496.96
  499.91
  499.99
  690.85
  689.83
  614.02
  593.46
  390.40
  391.37
  509.70
  509.42
  511.77
  580.67
  504.07
  502.74
  504.95
  568.32
  603.01
  597.20
  686.63
  716.53
  618.10
  599.10
  601.90
  598.02
  598.42
  605.30
  608.30
  608.50
  610.45
  653.72
  622.69
  597.03
  520.24
  516.78
  577.58
  515.17
  514.06
  516.05
  394.51
  513.70
  508.63
  507.38
  511.29
  672.38
  762.29
  634.78
  632.99
  631.55
  392.70
  451.74
  761.69
  795.65
  774.04
  982.03
 1041.41
  760.85
  759.49
  748.84
  785.23
  896.60
  686.66
  813.80
  959.40
  887.96
 1125.76
 1138.31
 1145.08
 1089.83
 1282.44
 1019.10
  573.93
  830.96
  852.82
  883.03
  965.80
  839.42
  669.64
  585.28
  822.38
 1186.82
  869.30
  873.46
  877.94
  506.11
  346.80
  661.82
  881.98
  898.32
  877.96
  868.00
  607.06
  600.66
  694.53
  726.64
  660.72
  693.71
  566.93
  626.68
 1012.19
 1014.03
 2083.87
 1794.47
 1741.60
 1641.07
 1707.08
  879.63
 1013.40
  914.75
  975.74
  971.52
  817.85
  613.60
  632.26
  793.55
 1046.90
  898.30
  938.36
 1082.18
 1087.03
 1092.46
 1190.36
 1266.05
 1242.80
 1313.56
 1281.08
  582.02
  504.18
 1356.09
 1200.63
 1245.20
 1241.58
 1429.09
  872.22
  849.45
 1176.45
 1171.64
 1172.35
 1290.37
 1179.42
  494.58
  847.69
  977.47
  913.39
  835.35
  849.65
  700.50
  749.32
  737.51
 1008.93
 1068.71
  999.50
 1048.32
 1125.88
 1117.61
 1101.61
 1308.83
 1275.25
 1077.80
 1490.54
 1490.15
  955.52
  959.20
 1494.62
 1086.04
  906.88
  916.42
  653.50
  962.77
  977.70
 1114.32
 1085.41
 1125.31
 1117.86
 1050.78
  618.07
  603.91
  652.93
  725.45
  709.65
  876.58
  563.19
  566.51
  508.32
  770.19
 1128.65
 1259.87
  845.91
  794.66
  535.73
  537.06
 1216.66
 1589.20
 1779.01
 1530.47
 1965.22
 1969.24
 1970.46
 1964.54
 1972.38
 1961.85
 2261.38
 2512.13
 2534.92
 2551.46
 2733.62
 2611.78
 2657.03
 2649.75
 2943.37
 2901.32
 2318.67
 2184.50
 2001.58
 1862.80
 2125.35
 2079.99
 2049.18
 1975.58
 2689.25
 3925.68
 5456.32
 6479.83
 6666.32
 6324.60
 6075.46
 5667.28
 5482.82
 4906.60
 4296.80
 4140.09
 3989.28
 3986.47
 3975.66
 3799.07
 3509.31
 3989.25
 4678.17
 4700.06
 4710.20
 4724.86
 4266.73
 3726.70
 3703.50
 3674.34
 3682.44
 3700.76
 3846.56
 4009.72
 4009.55
 3646.62
 3332.35
 3319.47
 2783.29
 2837.04
 2765.17
 2713.21
 2614.24
 2611.04
 2621.86
 2723.85
 2925.87
 2917.99
 2760.55
 2345.46
 2142.48
 1901.22
 1841.33
 1898.53
 1584.92
 1574.53
 2019.59
 2052.38
 1919.68
 1914.87
 2253.31
 2244.93
 2331.16
 2169.50
 2371.99
 2370.60
 2286.05
 2474.47
 2365.70
 2336.39
 2396.74
 2047.65
 1906.04
 1786.28
 2329.68
 2027.91
 2237.80
 1313.87
 1642.55
 1941.26
 1676.73
 1071.85
 1247.36
 1303.14
 1507.08
 1238.64
  968.21
 1246.88
 1496.66
 1885.96
 1746.05
 1756.27
 1649.34
 1524.81
 1604.63
 1389.17
 1680.07
 1401.91
 1257.15
 1549.72
 2346.19
 2103.94
 2089.08
 2162.10
 1789.62
 1505.07
 1455.85
 1539.16
 1719.37
 3344.30
 3933.66
 4139.53
 4141.54
 4292.35
 4320.27
 4686.98
 5101.03
 6165.00
 6291.81
 5501.54
 5105.16
 4510.59
 3352.03
 3147.87
 2273.87
 1783.06
 1806.87
 1639.77
 1945.45
 1971.42
 1527.81
 2212.54
 2288.03
 2252.75
 1963.66
 1328.40
 1671.03
 1751.74
 1362.78
 1160.14
  856.19
  880.00
  875.78
 1011.96
 1504.47
 1403.86
 1608.31
 2320.93
 1747.40
 1384.41
 1300.17
 2116.71
 2413.59
 2088.48
 2053.11
 1631.31
 2031.17
 1563.03
 1957.26
 1846.88
 2192.29
 1542.14
 1730.47
 1563.06
 1503.74
 1727.04
 1597.69
 1604.60
 1438.58
 1407.38
 1261.03
 1292.47
 1075.45
 1063.78
 1728.69
 2229.70
 3448.34
 4232.60
 4794.41
 5067.13
 5352.88
 5409.14
 5919.55
 6229.22
 5084.23
 3122.24
 3059.83
 3039.25
 3042.93
 2444.23
 2254.93
 1574.87
 1620.88
 1910.03
 1312.57
 1851.50
 1642.86
 1281.03
 1269.87
 1085.95
 1029.54
  704.78
  820.03
 1184.47
 1356.91
 1009.61
 1286.86
 1001.09
 1016.63
 1088.24
 1547.09
 1911.59
 1412.33
 1039.54
 1607.43
 1890.01
 1336.22
 1176.25
 1126.67
 1208.31
 1021.73
 1048.80
 1082.07
 1089.09
 1349.78
 1467.01
 1124.07
  789.76
  959.29
  999.56
  988.31
 1049.17
 1059.13
  753.96
  805.50
  811.53
 1227.08
 1284.08
 1390.27
 1222.38
  820.62
  797.26
 1042.80
 1043.73
 1068.00
 1343.69
 1180.27
 1028.81
  886.23
  969.88
  998.71
 1032.32
 1121.97
 1067.80
 1092.72
 1533.41
 1589.51
 1456.17
 1224.42
 1282.24
 1309.23
  890.06
  911.60
 1021.70
 1113.47
 1118.03
 1029.83
 1080.43
 1217.34
 1166.09
 1351.17
 1417.99
 1128.40
  936.24
  941.03
  709.73
  626.96
 1084.22
 1079.35
 1100.05
  893.09
 1014.71
 1084.71
  706.22
 1152.75
 1100.31
 1100.42
 1176.06
 1294.25
  784.60
 1040.90
  984.80
 1024.14
 1058.48
  983.27
 1293.26
 1037.78
 1046.00
 1201.74
 1187.18
 1211.14
 1141.76
 1109.06
 1041.47
  881.08
  780.04
 1134.85
 1412.84
 1360.26
 1272.53
  540.34
  533.69
  709.42
 1022.61
 1053.78
  974.01
  669.50
  688.07
 1166.46
  943.60
 1813.89
 1515.21
 1331.83
 1510.00
 1403.38
 1509.20
 1377.13
 1527.92
 1668.99
 1474.63
 1358.08
 1922.26
 1860.30
 2353.84
 2867.65
 2229.67
 2557.01
 2935.58
 2772.67
 2779.19
 2747.47
 2667.70
 2765.54
 2947.56
 2673.37
 1917.25
 1755.11
 2615.57
 3174.35
 3428.75
 3061.48
 2766.56
 2755.40
 2745.15
 3021.52
 3021.52
