19850101
 1001.20
 1303.57
 1787.78
 1622.90
 1518.86
 1575.27
 1510.31
 1515.40
 1438.33
 1530.84
 1452.09
 1292.95
  968.41
  814.87
 1125.11
  885.33
  977.47
 1152.86
  575.88
  677.71
 1664.18
 1345.33
 1162.24
  828.49
  855.54
  449.95
  464.28
  754.70
  806.41
  763.88
  840.67
 2158.82
 3050.72
 3056.15
 3213.57
 4040.53
 3438.03
 2968.82
 2966.87
 2859.78
 2609.60
 2116.15
 2501.26
 2952.23
 2807.02
 2711.48
 2024.99
 1826.07
 1542.36
 1671.06
 1685.19
 1783.54
 1985.44
 1864.89
 1315.63
 1620.46
 1455.32
 1681.68
 1455.00
 1597.35
 1755.02
 1259.11
 1215.33
 1204.54
 1309.60
 1257.92
 1173.56
  901.52
  575.94
  796.27
  874.37
  985.77
 1271.37
 1090.79
  678.25
  462.13
  661.99
  636.96
  723.89
  698.38
  658.23
  427.81
  347.87
  512.03
  573.39
  660.97
  876.97
  866.75
  827.42
  650.69
  634.58
  436.45
  432.48
  452.36
  465.93
  246.92
  243.64
  557.90
  475.30
  432.26
  363.39
  350.99
  296.85
  384.15
  429.34
  440.33
  470.91
  513.72
  582.28
  297.04
  279.69
  575.74
  671.02
  471.50
  355.69
  383.47
  379.98
  336.52
  367.78
  331.17
  569.11
  919.67
 1280.71
  706.65
  409.97
  709.34
  412.80
  895.63
  879.18
  923.55
  433.02
  644.21
  846.73
 1236.60
 1146.52
  768.58
  664.94
  198.50
  185.48
  234.46
  457.20
  612.44
  469.78
  487.22
  336.18
   98.66
  280.76
  451.68
  352.40
  691.30
  785.37
  410.11
  154.75
  866.84
 1081.11
  965.41
  594.74
  694.81
   71.19
  151.75
  838.60
  664.94
  493.76
  316.38
  353.99
  347.82
  276.66
  629.37
  773.73
  441.32
  343.88
  425.86
  358.38
  320.97
  649.65
  833.53
  905.15
  840.39
  518.31
  416.94
  106.19
  495.26
  401.31
  798.79
  557.76
  724.01
  426.48
  239.28
  500.87
  576.08
  653.84
  737.71
  866.33
  418.89
  635.77
  475.95
  535.64
  490.45
  232.17
  571.75
  697.73
  437.07
  685.72
  761.52
  719.19
  737.31
 1233.82
  782.54
 1027.48
 1545.82
 1145.05
 1212.53
 1218.02
  995.42
  762.77
  408.58
  636.99
  618.52
  697.90
  939.64
 1167.73
  841.92
  616.06
 1163.54
 1006.32
  932.50
  832.40
  959.23
 1641.56
 1615.82
 1580.87
 1433.00
 1553.86
 1366.80
 1490.88
  821.30
  450.86
 1159.46
 1554.82
 1527.01
 1648.04
 1439.52
 1251.97
  923.04
  746.35
 1028.86
  901.98
  926.13
  686.40
  552.35
  461.37
  928.88
  983.42
 1017.57
  961.81
  765.72
  313.10
  216.37
  754.76
  743.01
  968.95
  875.76
  883.43
  253.75
  293.14
  559.23
  388.56
  478.95
  683.29
  697.39
  525.48
  292.74
  624.61
  757.31
  863.89
 1161.42
 1011.79
  826.74
  668.42
  668.28
  865.90
  829.06
  830.93
  708.20
  700.70
  355.72
  734.03
  448.45
  686.34
  838.35
  906.22
  873.49
  389.67
  568.52
  652.73
  893.11
 1172.83
 1078.02
  631.78
  606.18
 1127.04
 1066.50
  693.56
  676.97
  719.53
  514.74
  350.08
  757.96
  960.56
 1216.94
 1217.74
 1197.24
 1046.53
  790.89
 1039.82
  995.08
  857.77
  818.50
  771.29
  680.48
  576.64
  709.54
  696.40
  975.83
  948.53
  984.18
  721.91
  541.98
  711.77
  848.46
  793.10
  639.28
  862.11
 1193.36
  958.33
 1519.85
 1737.86
 1708.04
 1599.93
 1598.34
 1528.15
 1092.41
 1171.35
  768.58
 1104.95
 1186.08
 1213.49
 1363.29
  855.99
 1265.76
 1503.14
 1430.99
 1348.53
 1272.70
  900.65
  735.95
  577.04
  523.66
 1097.93
 1108.18
  892.69
  449.87
  348.18
  442.03
  549.40
  533.06
  499.74
  814.00
  609.97
  470.40
  896.91
  885.81
  975.15
  759.12
  580.50
  488.75
  367.55
  542.18
  678.41
  608.42
  615.61
  438.91
  172.90
  144.25
  517.38
  617.36
  503.62
  510.07
  417.62
  530.97
  337.17
  993.07
 1418.25
 1228.75
  770.78
  580.98
  355.04
  370.61
  491.75
  441.12
  473.17
  646.25
  963.62
  790.55
  714.75
  785.93
 1460.72
 1457.16
 1467.49
  826.99
 1153.88
 1034.05
 1201.51
 2297.37
 2480.56
 2463.51
 2594.28
 2865.81
 2420.18
 2313.43
 1596.93
 1546.81
 1359.32
 1166.65
 1398.17
  735.95
  548.75
 1117.04
 1231.73
 1247.19
 1151.22
  573.08
  397.40
  777.16
  771.69
  893.06
 1744.26
 1882.45
 1458.46
  750.93
 1248.66
 1181.41
 1205.22
 1450.70
 1809.30
 1826.80
 1290.74
  722.73
  573.47
  639.28
  583.41
  654.86
  349.63
  310.83
  349.34
  311.40
  366.14
  361.07
  338.75
  274.48
  225.09
  313.64
  339.97
  453.75
  308.26
  358.15
  230.53
  167.61
  327.80
  332.10
  375.06
  326.21
  304.63
  200.06
  235.77
  304.41
  306.13
  289.45
  257.49
  224.55
  209.12
  179.64
  276.37
  278.35
  246.47
  241.03
  282.89
  215.43
  205.89
  291.81
  238.14
  224.24
  220.25
  208.21
  235.71
  219.37
  248.17
  234.75
  251.62
  259.10
  221.30
  188.25
  208.55
  358.35
  269.83
  259.01
  239.31
  262.64
  262.64
  267.88
  271.47
  285.07
  466.04
 1099.32
 1207.66
  838.97
  412.80
  250.72
  294.30
  282.66
  367.61
  574.24
  546.15
  288.41
  639.62
  699.31
  673.83
  464.28
  642.59
  623.20
  690.02
  408.19
  459.92
  429.68
  270.48
  616.60
  404.39
  276.51
  400.57
  591.71
  404.22
  285.89
  363.22
  271.79
  252.16
  795.51
  565.57
  310.15
  447.58
  547.93
  703.45
  621.36
  470.88
  708.86
  603.49
  414.33
  574.38
  552.09
  429.85
  559.91
  467.20
  690.19
  805.70
  705.63
  661.68
  244.52
  430.93
  551.41
  527.68
  708.23
  614.14
  348.78
  414.76
  442.96
  404.90
  412.21
  493.56
  348.04
  422.97
  300.16
  486.99
  359.00
  359.26
  483.91
  178.06
  475.75
  360.70
  379.81
  341.98
  545.72
  535.02
  558.66
  642.08
  457.40
  462.61
  355.21
  505.63
  351.58
  357.39
  676.55
  539.66
  664.71
  363.33
  348.33
  471.42
  672.75
  702.12
  632.12
  399.32
  444.72
  527.88
  760.19
  818.41
  873.38
  824.30
  711.18
  545.50
  685.66
  852.31
  789.81
  769.20
  749.75
  417.42
  505.17
  601.20
  614.42
  696.62
  642.65
  272.63
  411.10
  604.93
  720.15
  829.29
  850.24
  447.09
  186.21
  326.72
  442.73
  511.88
  537.79
  586.36
  448.17
  673.35
  711.09
  623.03
  477.28
  408.84
  409.83
  341.73
  330.32
  366.90
  676.43
  793.81
  792.14
  645.91
  323.72
  225.88
  862.59
  763.76
  906.59
  960.28
  832.43
  994.57
 1160.71
 1258.46
 1274.14
 1360.51
 1397.72
 1442.71
  590.94
  560.39
  789.47
  899.23
 1020.26
  779.96
  797.94
  814.59
 1530.44
 1609.47
 1296.52
 1390.41
 1676.13
 1634.39
 1528.57
  982.54
 1238.38
 1358.39
 1220.68
 1449.77
 1284.93
 1410.09
 1285.13
 2233.52
 2793.71
 4673.84
 5073.36
 4614.91
 3794.03
 3014.70
 2862.01
 2695.42
 2486.19
 2020.86
 2136.34
 1882.73
 1688.85
 1711.39
 2585.24
 3440.33
 3320.60
 3000.20
 2942.01
 2946.03
 3000.65
 2989.69
 2504.46
 2327.02
 2481.75
 1878.77
 1886.69
 1821.62
 2057.45
 2021.91
 2290.46
 2384.82
 2177.37
 2112.47
 2167.03
 1888.88
 1981.13
 1804.77
 1900.26
 1835.38
 1520.70
 1488.67
 1394.77
 1405.22
 1439.12
 1496.69
 1139.72
  815.72
  978.57
 1047.81
 1053.39
  745.64
  934.88
  800.09
  744.34
 2256.31
 3016.08
 3024.92
 3028.20
 3039.70
 3028.77
 2748.57
 3052.10
 3060.88
 2752.68
 2876.79
 2720.60
 2122.01
 2127.90
 2009.96
 2174.65
 2307.96
 2227.69
 2137.33
 1673.95
 1657.70
 1843.77
 1902.30
 1614.99
 1557.85
 1512.83
 1337.83
  792.08
 1125.14
 1885.28
 1783.00
 1771.76
 1886.21
 1679.42
 1440.19
 1829.64
 2050.73
 2052.29
 2588.78
 5373.52
 6294.98
 6042.67
 5146.81
 4760.80
 4412.90
 3751.30
 3050.86
 2970.35
 2917.06
 2888.97
 2882.77
 2688.32
 2889.39
 2691.54
 1938.94
 1719.71
 2010.01
 1650.90
 1682.50
 1503.65
 1862.68
 1386.53
 1066.92
 1363.43
 1477.74
 1259.25
 1207.49
 1317.10
  802.24
  346.94
  830.39
 1179.06
 1398.94
 1219.61
 1140.18
 1004.48
  676.94
  521.77
  796.13
  781.35
  730.72
  529.58
  146.51
  223.73
  406.15
  497.61
  564.30
  682.72
  997.94
  766.96
  979.05
 1428.84
 1250.73
 1355.90
 1089.92
 1257.98
  830.08
  736.15
 1006.89
 1060.49
 1024.31
 1007.63
 1080.51
  905.12
  867.97
  837.47
  780.55
  970.25
  865.31
  656.13
  241.29
  325.50
 1112.60
  973.34
  960.82
  905.49
  718.65
  301.18
  278.30
  658.96
  840.53
  910.53
 1111.92
  992.19
  430.98
  313.72
  780.53
 1187.78
 1050.41
 1079.01
 1297.82
 1067.01
  715.40
  889.35
  885.86
  919.93
  770.87
  443.36
  277.99
  312.59
 1113.42
 1087.51
 1030.90
  716.56
  900.14
  674.45
  593.27
  866.64
 1071.06
  845.48
  786.30
 1096.37
  732.87
  725.65
  430.30
  841.58
  795.36
  861.85
  454.09
  429.48
  353.73
  912.57
  558.41
  130.82
  169.25
  194.37
  567.36
  499.40
 1059.70
  993.86
 1153.54
  749.46
 1105.57
  668.50
  700.36
 1152.44
 1204.74
  854.86
  782.54
 1065.65
  716.81
  536.46
 1005.67
 1058.71
  803.86
  565.20
  901.72
  708.43
  350.14
 1084.37
  976.34
  894.47
  827.76
  768.18
  970.93
  825.72
  998.45
 1120.61
  991.60
  993.92
 1211.03
 1040.42
  561.04
  938.05
 1065.87
  989.05
  851.88
 1099.66
  965.41
  691.04
  828.78
  945.61
  919.65
  967.22
  917.55
  712.68
  372.42
  879.32
  961.30
  906.48
  885.75
  634.92
  298.32
  238.06
  785.08
  535.50
  531.42
  497.39
  369.59
  159.34
  174.66
  474.22
  846.53
  901.64
  949.80
  670.06
  379.53
  627.53
  879.80
 1176.71
  953.00
  777.38
  653.55
  317.23
  254.34
  775.15
 1045.40
  934.20
  762.57
  389.84
  122.33
  115.48
  594.88
  617.42
  485.38
  867.60
  749.15
  614.96
  359.71
  806.80
  922.17
 1087.71
  867.80
  763.39
  543.32
  365.51
  695.46
  926.90
  721.51
  828.44
  797.29
  400.77
  127.91
  573.50
  548.58
  694.64
  857.04
  817.31
  267.51
  191.59
  453.58
  532.44
  585.37
  761.16
  566.93
  166.59
  190.80
  450.83
  420.99
  541.96
  571.12
  781.54
  373.44
  284.19
  538.02
  659.98
  852.59
 1304.36
  808.39
  501.86
  278.98
  541.19
  452.70
 1125.79
 1113.50
  981.38
  865.56
  225.20
  837.98
  662.42
  645.23
  364.86
  371.40
  336.97
  318.65
  758.55
  647.44
  623.96
  661.99
  602.50
  217.70
  250.18
  430.44
  395.02
  378.11
  516.36
  332.61
  288.75
  167.21
  348.67
  407.45
  674.71
  616.60
  515.23
  429.62
  266.86
  527.88
  483.51
  528.22
  527.88
  660.21
 1996.39
 1735.31
 1757.99
 1538.96
 1450.59
 1239.03
  383.61
  583.30
  521.79
 1011.99
 1433.48
 1386.62
 1171.41
 1170.87
  756.06
  501.77
 1054.38
 1030.20
  920.16
 1318.80
  991.51
  645.88
 1420.74
 1441.07
 1963.55
 3159.62
 3090.05
 3568.06
 3541.64
 3257.66
 2794.73
 2571.62
 2356.16
 1751.40
 1340.46
  702.03
  498.43
 1044.38
 1349.18
 1044.50
 1169.63
 1488.11
  940.12
  972.68
 1340.04
 1049.08
 1273.61
 1057.46
 1448.66
 1309.23
  896.91
  958.55
 1371.36
  997.21
 1220.09
 1395.37
  845.31
  617.42
  858.23
  762.63
 1060.55
 1038.95
 1068.48
  666.55
  372.68
  698.27
  767.05
  385.85
  310.81
  404.19
  322.33
  362.26
 1072.19
  715.65
  663.10
  459.64
  592.87
  479.09
  681.19
 1136.84
 1398.43
 1435.95
 1336.24
  898.80
  334.08
  183.21
  315.36
  299.39
  298.57
  270.77
  253.78
  290.53
  204.93
  315.42
  231.12
  263.60
  306.59
  314.12
  284.58
  337.34
  289.48
  307.58
  563.08
  299.82
  246.16
  225.88
  203.88
  373.36
 1040.64
 1607.72
 1117.21
  691.02
  530.88
  341.25
  740.68
 1027.05
 1077.34
  573.50
  454.46
  335.55
  239.42
  456.92
  499.82
  445.17
  510.27
  393.49
  202.95
  154.47
  277.45
  215.46
  298.46
  251.85
  315.05
  270.11
  269.80
  260.94
  187.17
  182.79
  235.74
  184.65
  242.02
  178.91
  271.25
  276.09
  306.27
  236.90
  323.94
  175.08
  152.20
  250.72
  241.85
  212.80
  214.75
  236.50
  215.15
  159.11
  194.03
  223.14
  221.83
  198.84
  165.03
  160.41
  179.67
  227.41
  261.02
  469.15
  269.04
  246.61
  136.15
  117.37
  276.37
  498.04
  289.48
  240.27
  285.89
  145.78
  157.98
  640.16
  487.70
  887.65
  359.68
  184.46
  150.76
  144.95
  448.79
  356.65
  494.67
  469.44
  314.83
  158.06
  194.17
  278.75
  414.64
  531.14
  495.83
  580.95
  182.28
  166.87
  299.45
  287.87
  273.00
  912.96
  780.38
  380.58
  248.20
  474.08
  294.86
  291.13
  275.47
  401.19
  474.19
  233.13
  404.00
  341.30
  490.16
  797.88
  717.86
  207.56
  206.29
  346.06
  629.74
  300.84
  383.21
  629.63
  139.01
  139.23
  694.50
  531.48
  729.02
  666.98
  530.40
  320.09
  131.19
  659.13
  758.27
  725.28
  676.06
  540.82
  189.50
  134.11
  444.63
  378.09
  389.70
  516.19
  598.84
  430.16
  156.08
  483.74
  315.42
  186.55
  531.05
  555.15
  114.12
  161.66
  256.32
  440.67
  527.51
  368.40
  225.91
  370.53
  234.24
  881.53
 1053.25
 1165.55
 1069.47
  747.85
  509.39
  425.38
  940.46
 1109.51
  783.98
  886.60
 1131.80
  171.49
  151.55
  376.10
  414.93
  398.73
  425.38
  422.63
  184.91
  210.48
  564.01
  668.48
  681.73
  842.77
  833.79
  224.33
  123.77
  438.03
  406.26
  547.28
  786.42
  644.86
  131.50
  168.34
  497.61
  503.19
  625.26
  878.67
  777.67
  201.98
  132.38
  776.42
  744.17
  734.82
  386.92
  397.96
  295.88
  288.83
  628.32
  761.86
  606.60
  339.29
  374.01
  442.93
  582.99
 1110.05
 1104.02
 1074.91
 1002.47
  854.46
  716.36
  501.89
 1146.80
  507.83
  592.84
 1159.43
 1109.62
  591.06
  924.35
 1852.52
 1840.17
 1768.36
 1690.54
 1896.80
 1488.53
 1527.38
 1481.31
 1729.22
 1781.50
 1637.68
 1973.94
  786.70
  293.42
 1305.86
  991.74
  861.94
  900.84
 1377.70
  776.05
  853.30
 1277.66
 1442.01
  762.15
  645.85
 1253.22
  731.76
  190.15
  759.40
  336.74
  319.87
  454.63
  650.04
  683.17
 1095.01
 1684.88
 1848.18
 1530.19
 1673.81
 1309.37
 1075.42
 1356.41
 2262.23
 2069.85
 2200.39
 2369.67
 2394.08
 2059.99
 1936.36
 2216.30
 2431.94
 2997.96
 4719.06
 7100.65
 6979.22
 6637.27
 5587.08
 4317.89
 4083.86
 3710.67
 2880.11
 2776.13
 2453.46
 2452.01
 1705.61
 1578.38
 1699.75
 1996.17
 1635.61
 1088.13
 1902.10
 1633.32
 1197.60
  965.83
 1513.42
 1220.94
  974.50
 1299.06
 1845.75
 1877.80
 2259.03
 2270.53
 1687.23
 1560.31
 2052.29
 2298.48
 2659.77
 2316.01
 2326.31
 1852.06
 2588.61
 2982.10
 4123.58
 4318.12
 4499.83
 4162.24
 3891.92
 3555.83
 3360.16
 4098.55
 4743.61
 4742.00
 4321.04
 4060.72
 5360.49
 5744.24
 5920.20
 5626.98
 5091.40
 3702.63
 2988.87
 2977.37
 2427.15
 2259.32
 1919.06
 2151.71
 2122.32
 1360.65
  539.12
 1183.76
 1475.25
 1984.05
 1589.14
 1466.33
 1259.08
  889.66
 1425.58
 1554.74
 1436.97
 1701.42
 2130.33
  872.61
  578.17
 1035.94
 1449.06
 3129.35
 2999.38
 2607.76
 2559.93
 2557.78
 2556.44
 2228.39
 2301.82
 1876.95
 1511.44
  945.81
  550.79
  890.54
 1026.20
  966.68
  618.33
  674.56
  348.64
  197.09
 1113.47
 1102.66
 1045.74
  465.56
  436.19
  151.41
  143.62
  307.58
  328.39
  703.50
 1037.90
 1546.69
  751.81
 1020.31
 1785.92
 2021.14
 1706.32
 1678.31
 1589.99
 1277.60
 1463.13
 1383.22
 1430.79
 1509.17
 1687.97
 1699.12
 1171.13
  749.83
 1387.33
 1298.16
 1368.72
 1420.23
 1544.29
 1024.33
  659.07
 1293.03
 1142.39
 1276.24
 1299.26
 1215.76
  685.81
  528.96
  785.57
 1373.08
 1474.20
  984.58
 1175.40
 1899.81
 1531.74
 1464.09
 1679.81
 3250.04
 3661.11
 5161.45
 4971.99
 4488.64
 5854.48
 5400.90
 5390.85
 6371.04
 6437.55
 5797.02
 4718.55
 3438.97
 3813.77
 3567.61
 2986.89
 2210.70
 2865.44
 3713.64
 3884.36
 4014.22
 3956.01
 3894.78
 3658.28
 3635.20
 3511.37
 3468.81
 2937.99
 3102.82
 3177.86
 2570.83
 2256.71
 1994.36
 2000.22
 2020.21
 2011.35
 2106.38
 1716.40
 1520.61
 1146.66
 1518.92
 1600.44
 1606.95
 1625.33
 1669.31
 1130.07
  930.46
 1517.22
 1442.60
 1493.86
 1601.49
 1578.49
 1453.82
 1316.93
 1436.68
  986.62
 1015.64
  943.55
  950.31
  841.83
  575.94
 1226.49
 1210.88
 1246.17
 1259.14
 1221.25
  942.58
  957.48
 1503.17
 1403.81
 1370.11
 1555.76
 1430.09
  961.81
  978.86
 1502.07
 1361.62
 1348.34
 1536.27
 1624.25
 1216.77
 1231.64
 1577.14
 1496.66
 1547.69
 1643.42
 1593.45
 1055.96
  949.89
 1530.55
 1497.11
 1251.60
 1209.33
 1508.01
 1461.09
 1461.57
 1625.05
 1648.47
 1715.43
 1737.61
 1850.93
 1752.95
 1724.27
 1786.26
 1785.18
 1797.21
 1920.65
 2067.27
 2325.75
 6397.71
 7830.66
 6235.96
 6008.98
 5366.27
 4407.12
 3222.26
 2978.48
 2971.74
 2054.27
 2329.85
 2226.72
 2261.92
 1805.88
 2083.78
 2029.72
 2154.69
 1978.38
 1905.02
 1897.26
 1754.23
 1669.87
 1749.47
 1619.84
 1731.80
 1749.50
 1704.67
 1658.49
 1698.93
 1710.79
 1736.11
 1717.30
 1723.42
 1630.06
 1634.45
 1488.22
 1556.32
 1510.56
 1833.80
 2065.74
 2109.10
 2058.72
 2234.74
 1828.62
 1845.49
 1747.72
 2775.84
 3074.78
 3063.68
 3083.53
 3096.39
 3098.43
 3094.18
 3085.94
 3086.17
 3081.47
 3087.75
 3085.97
 2946.23
 2783.01
 2685.46
 2714.57
 2051.78
 1947.72
 2323.54
 2109.92
 1902.67
 2029.24
 2439.35
 2253.20
 2214.41
 1990.48
 2034.40
 2171.39
 2184.47
 1974.19
 2264.16
 1951.46
 2116.94
 1810.78
 1947.41
 2273.64
 2238.28
 2339.85
 2158.59
 1986.17
 1484.91
 1084.48
 1014.14
 1112.26
  840.08
 1301.16
 1893.92
 2480.10
 2827.15
 2909.13
 2942.18
 3258.08
 3615.24
 3950.31
 4172.60
 4133.35
 4058.09
 3771.41
 3236.22
 3070.65
 2710.49
 2624.32
 2523.65
 2722.10
 2475.26
 2623.64
 2956.51
 3279.86
 3587.69
 4045.63
 4233.00
 3583.92
 3334.00
 2984.26
 3083.76
 4003.46
 4383.96
 4328.60
 4347.09
 4797.58
 5668.78
 5619.14
 5482.74
 5369.81
 5340.02
 5342.31
 5769.25
 5554.43
 5339.96
 5334.44
 5148.43
 5124.95
 6390.21
 7525.43
 8003.45
 7986.23
 7627.09
 7248.74
 6560.53
 5770.78
 4985.24
 4749.19
 4500.59
 3860.97
 3560.25
 3407.71
 3438.74
 3418.04
 3493.90
 3444.83
 3770.05
 3732.33
 3671.51
 3396.21
 3573.59
 3448.99
 2768.51
 2408.72
 2589.63
 3289.00
 4519.17
 5727.17
 5189.88
 4875.51
 5096.32
 4975.24
 4988.44
 3856.41
 2848.25
 2612.37
 2743.02
 2599.26
 1996.14
 1923.68
 2135.54
 1731.15
  839.45
 1235.15
 1379.82
 1352.47
  754.79
 1131.68
  267.48
  258.65
  876.15
  816.77
  804.62
  896.74
  809.24
  280.62
  285.24
  358.21
  345.27
  480.79
  568.97
  340.00
  721.23
 1977.51
 1415.22
  872.02
 1056.64
 1092.01
  865.99
  550.51
  474.22
  797.80
  876.86
 1312.34
 1447.25
 1507.56
 1303.45
 1560.77
 1593.76
 1417.00
 1392.08
 1684.77
 2291.71
 2068.09
 1518.86
 1330.27
 1610.41
 1471.26
 1327.69
  766.42
 1434.81
  949.80
 1830.43
 2185.04
 1872.68
 1376.71
 1390.44
 1194.06
  567.19
  872.70
 1270.66
 1399.16
 1377.05
 1480.12
  886.66
  982.17
 1585.91
 1411.45
 1433.14
 1442.01
 1469.90
  896.20
  699.68
 1130.64
 1039.20
 1106.28
 1180.08
 1020.91
 1186.48
  878.45
  727.43
  746.12
  883.15
  779.08
  707.98
  774.27
  495.35
  673.63
  402.61
  848.51
  955.44
  845.80
  712.68
  400.43
  511.52
  426.62
  464.08
  560.67
  461.56
  535.92
  538.33
 1154.19
  879.92
  718.54
  785.48
 1106.34
 1522.51
  449.61
  959.60
 1099.74
 1256.42
 1243.65
 1191.37
  788.71
  888.50
 1022.78
 1106.48
 1175.74
 1236.31
 1217.77
 1134.06
  496.56
 1100.45
 1164.62
 1116.93
 1007.82
 1039.17
  989.36
  738.19
 1224.11
 1073.49
 1210.23
 1316.20
 1143.26
 1011.82
  833.28
 1150.32
 1235.78
 1298.47
 1183.73
 1433.00
  876.69
  977.61
 1452.34
 1171.95
 1249.62
 1090.82
  998.45
 1268.28
 1216.77
 1474.23
 1324.07
 1290.82
  512.53
  822.58
  537.68
  806.15
  859.50
 1120.81
 1187.21
 1303.76
 1299.06
  784.38
  671.53
  883.85
  992.08
  814.36
  767.47
  791.97
  758.47
  581.29
  787.72
  854.97
  825.04
 1034.30
  799.33
  506.87
  467.62
  806.12
  703.99
  644.21
  695.74
  767.92
  482.92
  345.89
  620.99
  717.12
  754.64
  778.60
  710.95
  452.05
  464.54
  980.53
  916.16
  952.95
  927.01
  937.71
  464.28
  471.33
  924.80
  829.37
 1233.14
  905.74
  932.84
  726.50
  644.26
 1212.07
 1203.27
 1402.82
 1238.86
 1180.44
  891.24
  497.70
  976.22
 1087.23
 1061.63
  989.19
  649.70
  476.66
  501.77
 1082.44
  986.25
 1299.66
 1249.62
 1202.62
 1387.67
  990.10
 1291.70
 1218.16
 1309.60
 1283.86
 1148.87
 1126.81
 1048.03
 1255.06
 1218.47
 1029.18
  860.52
  604.14
  730.29
  707.72
 1035.01
  762.94
  758.33
 1221.31
 1249.59
 1060.58
  839.62
 1541.54
 1806.13
 1878.77
 1564.82
 1524.13
  914.78
  759.23
 1169.34
 1271.82
 1213.58
 1245.04
 1015.90
  744.17
  656.36
  831.61
 1203.66
 1964.06
 1990.50
 2622.71
 6413.60
11521.36
12058.19
11748.86
10258.23
 8393.68
 7395.88
 6291.04
 5739.12
 5927.14
 5257.65
 4814.94
 4797.89
 4237.30
 3386.27
 3018.07
 3033.64
 2971.74
 2972.93
 2956.99
 2951.83
 2984.96
 2977.71
 2977.94
 2777.74
 2584.82
 2299.36
 2161.00
 1975.30
 1763.15
 2432.42
 2457.56
 2183.51
 2038.42
 2001.29
 1081.93
  601.87
  973.11
  930.35
 1405.45
 1354.76
 1489.81
  969.20
  729.56
  908.66
  951.33
  959.26
 1198.79
 1158.30
  860.38
  685.98
  874.11
  978.38
 1005.87
 1201.03
 1860.13
 1966.69
 1784.41
 3618.02
 8556.59
10554.76
10418.14
 9175.25
 8353.47
 7895.53
 6920.61
 6405.75
 5705.39
 5362.02
 4655.18
 3648.80
 4025.01
 3909.96
 4283.69
 4315.74
 4440.59
 4214.31
 3695.35
 3270.88
 3346.32
 3114.57
 2456.06
 2565.68
 2394.13
 2439.84
 2465.52
 2008.32
 1958.14
 1756.83
 1774.39
 1821.88
 1667.47
 1154.82
 1762.58
 2017.09
 2020.41
 2188.69
 3760.42
 4930.25
 4836.91
 4511.64
 4193.73
 3947.20
 2355.76
 1825.47
 1362.97
 1143.01
 1669.90
 1398.26
 1899.01
 2015.79
 2417.75
 2212.37
 2641.31
 4002.27
 3814.08
 2655.21
 2489.76
 2189.06
 2075.71
 1955.53
 1458.49
 1394.69
 1179.62
 1103.51
 1002.84
  933.01
 1413.55
 2695.65
 2635.39
 2321.70
 2087.38
 1870.33
 1902.95
 2284.46
 3523.21
 2948.12
 2961.89
 2323.82
 2256.00
 2188.41
 1403.55
 2382.92
 2658.53
 2337.39
 2160.38
 1484.26
 1039.74
 1255.65
 1998.18
 1588.12
 1537.24
 1323.76
  999.73
 1017.85
 2589.32
 3014.61
 1880.04
 1826.41
 1815.76
 1564.22
  791.14
  829.74
 1233.68
 1362.27
 1141.14
 1144.99
 1098.78
  981.80
  519.59
  796.81
  602.87
  711.89
  675.50
  984.83
 1086.72
 1198.40
 1021.45
 1035.94
 1106.25
 1060.13
 1131.20
 1074.23
 1497.17
 1137.74
 1631.53
 1378.10
 1499.26
 1693.49
 1502.35
 1039.57
 1199.64
 1050.05
 1137.57
 1085.55
 1370.93
 1325.99
  934.77
 1068.90
 1017.85
 1088.61
 1210.80
 1382.00
  786.22
  655.00
  902.54
  894.08
  815.70
  883.57
  885.84
  846.11
 1019.92
  970.39
  923.53
  874.99
  926.53
  844.44
  913.73
 1008.62
  916.98
  921.57
 1049.45
 1215.61
 1286.80
 1070.09
 1039.96
 1075.79
 1055.31
 1006.61
 1023.34
  999.08
  899.99
 1081.56
 1172.37
 1110.87
 1216.52
 1437.31
 1594.01
  871.28
 1054.35
 1238.18
 1212.13
 1187.04
 1225.13
 1202.39
  732.95
  925.54
 1006.58
 1168.38
 1436.80
 1135.96
 1298.50
 1104.19
 1118.57
 1224.45
 1241.92
 1299.60
 1255.37
 1282.22
 1357.40
  665.45
 1096.80
 1165.38
 1093.99
 1121.21
 1230.59
 1071.82
  951.73
 1141.40
 1315.20
 1146.58
 1014.03
  990.75
  473.23
  475.78
  905.03
  777.78
 1062.76
  872.56
  748.30
  442.93
  470.94
 1197.09
  979.37
  905.32
  870.63
  860.58
  547.51
  540.34
  808.96
  796.84
  782.62
  771.63
  667.85
  661.14
  379.90
  779.05
  832.01
  872.61
  909.40
  948.10
  547.08
  542.72
  713.58
  674.96
  704.86
  604.71
  545.33
  540.65
  596.13
  821.75
  966.96
  980.84
  924.18
  750.79
  693.54
  477.25
 1520.84
 1420.94
 1298.30
  956.91
 1017.20
  783.16
  698.18
 1157.76
 1350.32
  929.16
  844.75
  810.00
  590.41
  435.91
  872.58
  932.11
  810.34
  904.72
 1087.48
 1515.32
 1348.67
 1524.55
 1440.17
 1237.02
  451.29
  385.90
  581.97
 4129.02
 6245.79
 8774.00
 8388.72
 8333.48
 7659.99
 6974.44
 6352.63
 4412.78
 3417.31
 3594.09
 3297.30
 3930.69
 3721.65
 3761.19
 3755.55
 3916.93
 3846.93
 3745.04
 3743.26
 3124.62
 2221.43
 2264.19
 2118.72
 2264.98
 2089.30
 2345.91
 2357.15
 2218.06
 2877.78
 2731.70
 2805.69
 2862.41
 2937.96
 3219.20
 3813.91
 3846.79
 4062.14
 4089.66
 3715.57
 2971.74
 2656.21
 2028.31
 1793.11
 1580.79
 2281.74
 2656.21
 1835.10
 1604.83
 1328.12
 1568.50
 1443.82
 1526.65
 1272.73
 1548.70
 1297.48
  918.74
 1543.81
 1614.34
 1620.57
 1761.96
 1789.96
 1666.11
 1309.48
  993.69
  747.05
  863.49
  964.13
 1128.51
  725.76
  584.35
  808.11
  530.60
  670.40
  612.58
  357.16
  503.02
  699.34
 1365.98
 1064.52
 1407.35
 1407.23
 1694.20
  753.48
  622.49
 1152.10
 1620.91
 1952.33
 2609.57
 2844.43
 2732.43
 2654.65
 2762.14
 2725.78
 2476.79
 2578.39
 2217.46
 1326.28
 1145.84
 1411.14
 2230.32
 2794.08
 2112.83
 2051.56
 1975.75
 1577.36
 1911.67
 1990.16
 1752.59
 1698.30
 1844.79
 1471.03
 1471.88
 1857.10
 1783.82
 1750.04
 1846.82
 1810.27
 1573.14
  862.90
  893.23
 1372.01
 1424.90
 1506.74
 1607.21
  435.46
  430.22
  584.43
  370.02
  433.02
  445.40
  436.67
  342.97
  360.22
  308.51
  442.03
  312.93
  270.99
  263.91
  264.56
  257.23
  316.47
  285.58
  444.86
  642.85
  519.93
  360.42
  303.58
  488.38
  420.51
  653.07
  340.11
  309.16
  241.40
  260.54
  241.77
  277.82
  293.45
  261.68
  299.31
  370.44
  508.94
  656.98
 1064.18
  897.50
  986.13
 1212.73
  914.32
  868.53
  717.75
  686.57
  579.22
  663.01
  617.51
  281.13
  277.62
  432.68
  455.82
  732.25
  696.62
  792.93
  608.39
  546.23
  492.09
  552.15
  664.37
  886.86
 1211.90
 1234.64
 1111.46
  754.62
 1272.08
 1423.91
 1805.31
 1969.80
 1998.52
 1457.07
 1468.26
 1574.95
 1599.11
 1516.93
 1615.36
 1205.14
 1258.74
 1105.52
 1202.31
 1047.58
 1004.57
 1006.27
 1017.82
  936.89
  775.15
  840.95
  949.10
 1589.68
 1254.21
 1226.86
 1233.77
 1622.10
 1721.18
 1371.84
 1636.40
 1675.76
 1009.64
  865.79
 1053.27
 1222.81
 1111.72
 1046.39
 1017.54
  811.96
  742.04
  861.12
  935.16
  938.76
  828.04
 1031.44
 1019.49
  781.71
  939.50
  839.74
  951.42
  868.70
  891.61
  705.15
  773.42
  882.49
  894.81
  931.96
  829.80
  933.44
  533.69
 1046.05
 1251.63
  974.72
 1035.41
 1101.61
 1201.43
  736.41
  622.91
 1058.00
 1043.62
  693.59
  871.20
  938.34
  641.40
  647.72
 1023.48
 1068.68
 1044.01
 1425.84
 1684.46
 1077.48
 1228.75
 1090.91
 1139.10
 1165.27
 1030.03
 1069.87
 1212.98
 1237.76
 1326.45
 1248.49
 1222.66
 1402.42
  736.44
 1235.12
 1027.79
 1063.30
 1180.27
 1315.26
 1272.62
 1241.75
  856.27
  753.06
 1199.98
 1243.31
 1290.77
 1421.42
 1224.17
  940.01
  972.66
 1404.18
 1221.53
 1213.66
 1170.08
 1286.92
  565.20
  605.67
 1099.85
 1120.95
 1232.26
 1430.62
 1181.95
  962.15
  600.52
 1257.64
 1078.36
 1157.34
 1116.76
 1097.59
  896.06
  896.91
 1203.58
 1365.69
 1060.10
 1043.25
  847.13
  535.08
  581.32
 1270.21
 1607.69
 1542.65
 1510.93
 1682.59
  874.65
  848.91
 1271.51
 1666.73
 2005.68
 2198.75
 2484.72
 2266.88
 2053.42
 1923.00
 1762.92
 1815.28
 1626.29
 1772.55
 1658.69
 1415.33
 1767.34
 1815.85
 1754.37
 1719.71
 1982.35
 1362.78
 1275.53
 2295.42
 2551.74
 2846.89
 2818.12
 2966.59
 2751.38
 2726.09
 2513.80
 2454.33
 2378.98
 2330.62
 1756.41
 1361.64
 1227.99
 2217.44
 2193.54
 2281.12
 1845.86
 2151.71
 1506.23
 1471.57
 1707.02
 1702.44
 1515.57
 1852.83
 2115.81
 2306.61
 2797.45
 3802.30
 3929.39
 4143.18
 4438.38
 4248.12
 4399.81
 4251.38
 4136.10
 4171.30
 4042.48
 4024.70
 3852.76
 3852.31
 3903.73
 3717.38
 3937.66
 3604.34
 3252.08
 3238.51
 3345.89
 2966.53
 2927.68
 2854.96
 2924.54
 3258.14
 3169.73
 3089.03
 2935.41
 2931.93
 2925.58
 2931.36
 2914.99
 2922.70
 2108.22
 1679.61
 1995.69
 2900.92
 2898.51
 2908.79
 2576.18
 2150.78
 2296.75
 2020.29
 2012.34
 2037.31
 1475.82
 1296.35
  993.95
  926.73
 1562.50
 1355.70
 1385.12
 1091.81
 1519.74
 1752.64
  677.20
 1775.75
 1721.66
 1850.56
 2163.55
 2142.42
 1181.35
  715.51
 1081.25
 1467.49
 1767.57
 1584.41
 1881.91
 1267.63
 1282.07
 1754.03
 1928.83
 1635.44
 1603.72
 2156.38
 1678.71
 1794.44
 2418.99
 2501.31
 2233.92
 1765.73
 1487.68
 1367.99
 1410.63
 2299.47
 2091.54
 2390.08
 2007.92
 1468.82
 1328.09
 1157.65
 1768.93
 2984.77
 4840.11
 5585.72
 6225.18
 5943.88
 4957.09
 4905.38
 4874.46
 4730.84
 4119.79
 2674.95
 2022.90
 1836.80
 1463.39
 1676.95
 1992.43
 1890.12
 1621.88
  970.59
  841.83
 1363.14
 1551.20
 1907.68
 1875.06
 1766.43
 1508.13
  946.86
 1417.26
 1212.58
 1214.76
 1415.47
 1368.30
  508.91
  497.70
 1585.94
 1814.37
 1566.54
 1404.97
 1562.30
 1065.82
  790.61
  861.17
 2341.94
 2749.62
 2371.65
 1823.24
 1618.82
 1044.13
 1547.63
 1048.43
  766.96
  945.84
  898.72
  661.71
  483.40
  951.79
 1063.50
 1223.77
 1197.04
 1366.20
  469.38
  343.03
  846.90
  623.71
  587.01
  787.10
  854.60
  437.21
  419.97
  541.93
  930.86
 1232.77
 1310.79
 1417.85
  335.72
  354.24
  929.27
 1038.44
 1110.22
  859.84
  686.03
  595.22
  430.64
  745.75
  949.89
  784.46
  793.10
  614.31
  543.99
  377.41
  606.66
  722.90
  779.34
  772.63
  823.74
  554.50
  432.06
  826.06
  609.24
  752.10
  651.43
  787.10
  323.15
  388.59
  270.68
  517.60
  537.99
  607.25
  535.44
  350.31
  327.03
  649.08
  661.88
  672.86
  528.65
  428.72
  550.73
  552.01
 1342.22
  987.35
  972.77
  847.64
  820.71
  445.00
  460.66
 1082.61
  905.20
  705.94
  708.74
  709.99
  678.25
  503.47
  666.07
  677.57
  747.85
  734.57
  918.15
  427.36
  446.64
 1027.19
 1010.88
 1031.61
  970.14
 1166.17
  322.95
  371.97
 1272.11
 1360.96
 1294.02
 1297.87
 1367.59
  764.78
  744.53
  993.44
  661.11
  966.40
 1240.56
 1220.74
  647.18
  516.16
  939.44
  968.18
  989.70
  969.46
  745.95
  435.31
  373.27
  419.83
 1310.28
 1196.13
 1321.21
  936.27
  479.97
  517.26
  871.08
  975.66
  889.26
  521.31
  611.33
  526.01
  288.61
  930.41
  925.22
 1058.71
 1158.64
  850.24
  760.28
  896.03
  866.35
  973.05
 1019.69
  952.89
  888.07
  253.35
  264.62
  775.63
  677.00
  890.06
  803.24
  758.61
  285.01
  250.43
  486.20
  529.16
  523.55
  467.91
  646.08
  341.95
  323.49
  646.08
  702.60
 1044.55
  627.70
  787.60
  376.70
  246.98
  723.67
  514.66
  537.14
  904.04
  636.65
  432.82
  305.54
  897.47
  920.18
  621.27
  571.60
  714.92
  419.77
  409.89
 1064.43
  926.36
  794.37
  682.41
  599.67
  341.59
  292.14
 1436.49
 1163.79
 1132.45
 1126.78
 1196.25
  606.07
  532.36
 1086.72
  952.98
  690.73
  348.75
  427.39
  362.12
  761.44
 1264.89
 1251.80
 1266.98
 1220.88
 1030.31
 1010.12
 1560.80
 2399.68
 2313.46
 2391.64
 2553.44
 2429.78
 2548.29
 2146.08
 1551.93
 1985.49
 1822.84
 1893.26
 1374.90
 1270.66
  997.01
 1514.78
 1727.44
 1706.23
 1682.53
 1585.86
 1352.87
  923.64
  680.34
 1076.13
 1553.58
 1925.40
 1889.44
 1216.32
 1093.43
 1984.19
 1863.08
 1827.26
 1828.73
 1884.40
 1132.59
 2193.17
 2219.19
 2587.03
 2947.78
 2955.94
 2970.78
 2954.92
 1988.30
 2951.95
 2895.99
 3176.05
 3309.67
 3123.29
 2952.74
 2465.92
 2524.87
 1951.37
 2138.57
 2668.98
 4353.32
 4345.42
 4240.42
 3735.30
 2958.20
 2952.26
 2950.39
 2808.69
 2621.66
 1943.95
 2551.94
 2317.56
 1910.25
 2348.03
 6326.41
 8303.07
 8158.40
 7472.67
 7091.98
 6784.55
 6184.71
 5671.98
 5304.74
 4712.69
 3804.34
 3311.63
 4692.98
 5413.27
 5440.66
 5526.49
 5494.83
 5547.16
 5704.43
 5274.18
 5287.04
 5223.98
 4699.89
 5000.67
 4878.54
 4266.61
 3750.31
 4560.91
 4436.32
 3084.07
 2262.57
 2962.88
 2959.22
 2317.37
 2165.19
 1710.22
 1171.78
 1167.02
  963.48
 1096.80
 1103.05
  930.21
 1611.17
  983.47
 3091.24
 9590.24
 9146.85
 8870.68
 8349.36
 7901.65
 7531.69
 6956.63
 6831.81
 6049.33
 6215.63
 6331.02
 5367.01
 4547.63
 4490.97
 4186.50
 3896.94
 4460.67
 5204.78
 4877.15
 5126.71
 5458.78
 5374.76
 5383.06
 5089.95
 3897.28
 2958.69
 2971.60
 2177.85
 1930.33
 1888.20
 1909.69
 1834.90
 2003.19
 1575.46
 1404.60
 1172.26
 1201.31
 1283.01
 1264.69
 1142.84
 1187.81
 1462.73
 1546.10
 1339.02
 1349.84
 1394.15
 1406.41
  620.85
  435.94
  837.98
 1047.41
  932.28
  853.72
  805.81
  474.48
  515.08
  653.89
  568.66
  692.12
  520.69
  708.03
  247.18
  237.04
  227.24
  870.46
  903.34
  957.53
  853.64
  311.91
  152.09
  836.45
  789.96
  992.90
 1876.10
 2201.13
  461.51
  337.40
 1265.65
 1383.73
 1388.01
 1364.65
 1482.70
  482.09
  478.78
 1080.29
 1101.47
 1165.61
 1030.56
 1002.08
  682.12
  592.67
 1218.50
 1709.80
 2092.56
 2810.84
 2301.93
 1087.37
  855.99
  763.59
 1290.77
 1150.46
 1046.93
  837.84
 1101.53
 1005.90
 1246.22
 1358.30
 1222.16
 1801.66
 1772.12
 1284.85
 1168.95
 1966.97
 1692.64
 1158.16
 1249.71
 1105.55
  974.75
  904.72
 1264.38
  939.69
 1413.12
 1836.35
 2243.63
 1902.55
 1976.91
 1417.14
 1511.84
 1380.13
 1449.51
 1630.88
 1380.56
 1391.91
 1308.46
 1268.71
 1520.27
 1324.41
 1256.45
 1381.15
 1157.45
 1357.91
 1118.74
 1265.11
 1230.42
 1467.41
 1041.35
 1184.35
 1392.62
 1335.90
 1337.89
 1300.62
 1581.92
 1215.39
 1150.26
 1416.64
 1273.41
 1189.79
 1332.39
 1247.10
 1339.25
 1428.84
 1492.89
 1564.51
 1377.19
 1549.53
 1580.67
 1699.61
  949.92
  799.27
 1302.35
 1350.94
 1341.51
 1257.38
 1034.98
  484.78
 1139.24
 1217.09
 1355.30
 1278.79
 1386.36
 1133.78
 1116.59
 1365.58
 1423.32
 1379.60
 1330.55
 1355.19
 1361.19
 1095.35
 1215.87
 1421.36
 1425.64
 1420.80
 1483.21
 1129.62
  501.32
 1298.55
 1094.67
 1368.24
 1528.06
 1677.18
 1506.34
 1649.20
 1691.82
 1679.76
 1645.55
 1544.54
 1713.08
 1313.22
 1434.98
 1546.10
 1502.92
 1620.80
 1471.29
 1541.80
 1289.95
 1055.60
 1433.40
 1403.10
 1526.53
 1626.26
 1570.03
  863.13
  939.81
 1521.75
 1571.95
 1611.79
 1516.25
 1781.75
 1448.75
  576.79
 1560.91
 1484.51
 1352.55
 1380.96
 1303.31
  980.67
  460.86
 1348.87
 1256.25
 1412.30
  741.17
  647.63
  420.62
  469.61
 1838.13
 2345.00
 2295.08
 2399.77
 2449.72
 2355.28
 2529.69
 3187.60
 3565.20
 2872.40
 2784.17
 2801.44
 2333.08
 2125.46
 2523.40
 2074.52
 2218.51
 2164.82
 2264.98
 1854.50
 1259.05
 1907.96
 1381.64
 1442.04
 1370.76
 1294.90
  457.43
  624.50
 1152.01
 1014.11
  941.76
  703.62
  609.80
  483.00
  400.85
  381.68
 1134.23
  977.36
 1122.88
  960.05
  392.98
  478.81
 1365.95
 1646.85
 1406.07
 1345.33
 2289.79
 2269.96
 2406.68
 3133.43
 3748.81
 4197.97
 4377.95
 3937.63
 3093.56
 2921.36
 2918.87
 2920.74
 2314.73
 2189.26
 2425.11
 2131.24
 1983.31
 2099.24
 2595.13
 2690.30
 1793.25
 1467.55
 1408.62
 1316.17
 1804.38
 1651.69
 1622.07
 1642.26
 1397.10
 1371.02
 1449.28
 1521.21
 1457.69
 1186.99
 2294.54
 4067.60
 4808.65
 4632.44
 4504.79
 4534.57
 4140.91
 3520.24
 2688.51
 2768.68
 2258.64
 2375.10
 2322.35
 2493.02
 2002.91
 1904.53
 1636.52
 1710.82
 2948.97
 4003.95
 4668.68
 4978.19
 4778.21
 4608.48
 4289.83
 4101.21
 3622.83
 3091.32
 2892.79
 2860.57
 1554.82
 1546.52
 1872.90
 1771.93
 1653.90
 1424.90
 1495.16
  668.65
  434.44
  805.39
  849.99
  741.76
  677.20
  457.12
  453.95
  445.99
  433.56
  434.72
  488.18
  404.36
  497.67
  327.80
  328.99
  616.20
  325.76
  391.37
  394.68
  385.85
  259.67
  265.41
  258.28
  258.16
  238.17
  301.63
 1422.75
  720.55
  654.91
  893.65
  690.39
  634.01
  709.28
  581.57
  169.31
  163.90
  865.56
  505.03
  425.55
  282.52
  351.13
  179.22
  155.37
  636.56
  796.41
 1287.85
  409.09
  418.38
  172.36
  170.84
 1031.64
 1365.55
  566.85
  756.88
  851.91
 1097.36
 1098.55
  696.82
  692.18
  639.03
  491.69
  402.75
  188.14
  192.58
  383.07
  750.11
  469.30
  769.96
  838.32
  182.36
  527.06
 1304.90
  447.35
  513.02
  608.70
  919.36
  154.92
  305.11
  185.59
  836.22
 1083.83
  731.00
  604.59
  113.98
  113.66
  329.47
  494.84
  676.32
  626.99
  702.20
  371.12
  408.84
  675.50
  865.31
  717.15
  957.17
  529.89
  346.68
  594.57
  780.70
 1170.22
 1123.33
  827.30
 1003.27
  534.08
  338.24
  795.39
  876.94
  872.41
  843.08
 1006.15
  434.86
  311.66
 1060.32
 1034.05
  866.04
  468.53
  437.92
  378.06
  601.31
  494.50
  528.62
  642.51
  599.38
  687.16
  410.82
  569.93
 1264.26
 1123.47
  671.14
  897.47
 1010.77
  458.79
  338.70
 1398.74
 1681.51
 1661.69
 1795.15
 1658.86
  630.42
  730.18
 1273.44
 1415.84
 1343.01
 1240.79
 1097.39
  471.11
  381.46
 1199.84
 1072.76
  876.26
  995.22
  915.68
  419.23
  336.77
 1285.41
  941.05
 1292.15
 1319.25
 1008.84
  626.91
  679.89
  438.68
 1095.66
  989.96
  817.54
 1019.89
  466.21
  416.63
  914.04
 1044.89
 1189.59
  983.56
 1017.48
  712.65
  774.92
 1346.81
 1364.70
 1421.56
 1421.22
 1360.17
 1289.83
 1220.12
 1439.06
 1360.06
 1361.62
 1347.32
 1351.36
  817.00
  731.40
 1200.07
 1234.93
 1263.50
 2587.85
 4558.79
 4302.32
 3585.59
 3043.95
 2431.34
 2286.73
 1780.56
 1602.62
 1451.41
 1411.96
 1445.01
 1481.71
 1639.40
 1580.70
 1641.67
  966.65
  694.07
 1453.08
 1339.64
 1357.79
 1236.37
 1330.92
 1121.89
  602.98
 1747.09
 1800.47
 1685.65
 1533.78
 1796.93
 1830.97
 1843.91
 1896.24
 2203.14
 2563.75
 3190.60
 3404.14
 3302.62
 3380.83
 3362.31
 3238.46
 3026.19
 2573.94
 2677.07
 2338.86
 2428.08
 1904.70
 1885.42
 1820.43
 1370.34
 1282.78
 1439.52
 1295.92
 1502.55
 1575.27
 1786.68
 1778.67
 2202.85
 1255.37
  822.01
 1866.34
 1955.45
 1755.30
 1880.78
 1740.72
 1766.69
 1732.28
 2020.52
 2100.29
 1758.08
 1613.38
 1741.60
 1705.81
 1407.49
 1814.37
 1935.12
 2004.15
 2228.08
 2189.12
 2182.24
 1742.19
 1646.43
 1948.37
 2005.97
 1865.37
 1641.56
 1210.04
 1092.44
  805.22
 1739.50
 2323.28
 2387.34
 2213.44
 2130.13
 3066.97
 4004.91
 4185.51
 4321.21
 3903.02
 3295.15
 2932.86
 2629.90
 2312.30
 2438.76
 2418.03
 2366.98
 2610.81
 2365.08
 2077.41
 2426.61
 2792.69
 2837.66
 2847.51
 2898.65
 4107.95
 5253.77
 5310.12
 5521.19
 5423.64
 5166.81
 4736.22
 4686.47
 4603.24
 4045.57
 3112.67
 2945.94
 2936.60
 2934.90
 2945.57
 2875.89
 3602.30
 4196.64
 4360.99
 3842.94
 3235.06
 2804.53
 2756.33
 2752.40
 2626.10
 2382.66
 2276.08
 2018.40
 1229.35
 1196.02
 1791.01
 2031.03
 1710.65
 1706.09
 1813.16
 1713.34
 1205.11
 1838.50
 1573.45
 2612.63
 4310.62
 5124.41
 4577.05
 4008.14
 3365.34
 3202.66
 2834.71
 2833.81
 2828.43
 1587.07
 1615.59
 2197.70
 2352.65
 2346.05
 2317.79
 2281.43
 1897.71
 1639.66
 2125.18
 1899.66
 1950.72
 2208.12
 1941.01
 1817.60
 2116.54
 2259.03
 1882.73
 1791.07
 1714.39
 1107.44
 1215.30
  757.67
  891.27
  960.59
  562.29
  909.65
  764.98
  300.87
  322.90
  323.32
  785.03
  900.62
  789.62
  539.52
  313.95
 2452.07
 3775.63
 4059.79
 3054.74
 1760.68
 1820.24
 1254.69
 1566.03
 1547.60
  871.34
 1418.99
 1137.77
 1270.15
  367.44
  377.75
  813.71
  958.81
 1451.18
 1235.29
 1264.09
  748.98
  913.64
  874.59
  852.00
 1077.40
 1024.02
 1103.88
  815.44
  912.91
  807.85
  568.66
  864.82
  937.51
 1049.00
 1273.21
  732.25
  777.81
  909.91
 1573.88
 1510.48
 1711.61
 1665.23
 1094.28
 1488.53
 1682.36
 1017.74
 1487.40
  772.65
  690.17
 1058.77
 1428.61
 1768.93
 1962.78
 1879.11
 2243.77
 1093.20
 1002.84
 1565.53
 1337.01
 1208.22
 1115.63
 1164.81
  579.84
  394.06
 1158.33
 1188.60
 1224.68
 1256.28
 1240.53
  328.02
  593.04
 1265.28
 1059.30
  330.88
  269.18
  297.38
  277.42
  348.84
  975.46
  789.22
  980.67
  881.33
  357.53
  300.56
  333.43
 1023.91
 1122.45
 1077.40
 1102.20
  584.80
  392.33
  345.32
 1071.68
 1243.48
 1309.63
 1053.10
  822.75
  574.41
  492.23
  960.39
  961.27
 1251.15
 1355.64
 1382.29
  875.22
  726.87
 1535.79
 1425.33
 1500.37
 1551.00
  961.64
  485.66
  327.63
 1337.74
 1790.47
 1295.52
 1390.95
 1108.29
  971.35
 1087.93
 1207.01
 1529.96
 1861.35
 1377.81
 1419.92
  459.55
  395.13
 1335.08
 1236.31
 1329.36
 1160.48
  870.60
  730.57
  993.36
 1188.09
 1190.36
 1410.46
 1827.82
 1884.85
  988.34
  993.16
 1140.32
 1344.06
 1360.20
 1432.15
 1392.57
  542.10
  430.36
 1046.79
 1097.93
 1286.24
 1160.14
 1360.68
  436.08
  568.46
 1268.59
 1573.23
 1629.66
 1581.72
 1736.33
  666.86
  875.61
 1623.49
 1723.05
 1732.93
 1681.31
 1670.75
  719.36
  753.40
 1552.44
 1543.55
 1673.38
 1662.77
 1606.78
  656.24
  570.87
 1436.09
 1422.58
 1476.81
 1547.32
 1349.58
  716.50
  750.51
 1251.18
 1506.29
 1222.98
 1201.00
 1414.54
  821.61
  831.33
 1569.32
 1611.03
 1711.73
 1646.82
 1313.59
 1333.30
 1442.04
 1632.89
 1418.76
 1370.05
 1441.13
 1361.84
 1616.33
 1486.29
 1824.23
 1819.36
 2154.91
 1796.48
 1461.09
 1327.92
 1180.81
 1561.90
 1731.46
 1846.60
 2027.03
 2006.05
 1721.64
 1702.49
 1867.18
 1769.80
 1768.50
 1429.75
 2092.53
 3433.11
 4161.33
 4379.68
 5310.48
 5342.28
 4768.39
 4064.63
 2729.80
 3066.88
 3064.87
 3063.85
 3036.98
 3012.54
 2206.22
 2748.60
 2820.16
 3095.48
 4183.30
 3684.45
 3070.99
 3029.42
 2646.15
 2547.84
 2301.40
 1950.12
 2191.13
 2382.21
 1576.88
 1189.59
 1594.69
 2142.14
 2278.77
 1812.45
 2735.55
 2656.43
 2320.25
 2180.91
 2482.99
 2487.13
 2553.64
 2996.89
 3286.65
 3501.46
 3375.00
 3485.44
 3354.22
 3273.99
 3026.87
 3021.92
 3023.36
 3007.90
 2132.91
 2421.32
 2269.31
 2209.28
 2420.38
 2633.52
 2930.79
 2907.72
 3882.64
 4301.81
 4440.87
 4081.99
 3916.08
 3366.50
 3620.05
 3462.58
 3247.43
 3008.16
 2613.64
 2105.02
 2019.78
 2230.04
 1851.67
 1968.67
 1933.28
 1737.80
 1965.22
 2037.82
 2213.05
 1564.82
 1939.73
 1838.95
 1766.46
 1514.47
 1632.41
 2186.54
 2182.04
 2640.40
 2435.76
 3041.85
 4222.32
 4860.16
 6257.40
 6288.66
 6194.34
 6173.41
 5504.65
 5027.66
 5326.46
 4516.42
 4162.66
 4279.04
 3670.66
 3363.08
 3048.00
 3035.08
 2941.70
 2896.56
 2894.77
 2893.59
 2845.25
 2861.45
 2875.75
 2881.89
 2801.19
 2815.06
 2234.60
 2081.57
 1679.08
 1893.49
 1577.93
 1637.82
 1480.60
 1356.09
 1507.39
 1037.64
  609.49
 1075.79
  744.96
  540.06
 1072.76
 1141.42
  252.78
  278.95
  498.46
  823.43
  437.75
  348.50
  254.94
  287.98
  258.08
  521.23
  543.83
  743.97
 1112.88
 1582.63
 1185.06
  887.42
  886.60
 1171.55
 1611.79
 1873.22
 2336.00
 3488.21
 4865.71
 4576.80
 3466.94
 3093.39
 2248.10
 2380.12
  976.31
 1119.31
 1510.90
 1132.25
 1014.39
  871.22
  853.21
  516.44
  526.55
  994.49
  975.63
  819.97
  628.07
  643.70
  343.94
  326.15
  285.15
 1208.22
 1575.38
 2109.69
 1497.00
 1643.62
 2989.35
 3661.59
 3358.63
 2904.80
 2096.01
 1642.38
 2060.05
 1913.34
 2106.09
 3407.34
 2809.82
 2420.33
 1896.95
 1809.45
 3448.94
 3567.04
 4067.12
 5504.37
 4750.38
 3348.98
 2632.96
 3339.43
 2863.63
 2220.95
 2622.22
 1899.21
 1764.45
 1402.87
 2441.20
 2120.79
 2215.79
 2340.61
 2816.70
 1505.04
 1477.32
 1189.11
 1523.59
 1588.97
 1252.99
 1444.36
 1414.74
  523.97
  669.72
 1548.76
 1290.54
 1246.14
 1007.97
 1110.28
  459.92
  400.03
 1254.07
 1223.34
 1507.11
 1142.90
  894.93
  517.77
  521.57
 1424.62
 1078.25
 1115.77
 1081.87
 1081.79
  478.21
  535.13
  990.04
 1053.39
  899.54
  946.26
  601.17
  582.85
  490.39
 1335.00
 1260.35
 1323.84
 1242.60
 1394.26
  694.64
  859.84
 1274.17
 1187.13
 1058.34
 1160.88
  423.42
  436.65
  426.96
 1222.55
 1121.72
 1160.96
 1431.30
 1066.04
  750.31
  678.92
  528.22
 1255.65
 1071.96
 1038.38
  756.00
  325.70
  247.91
 1117.47
 1059.53
  972.26
  909.51
  930.77
  345.49
  392.41
 1031.16
 1285.70
 1112.97
 1291.19
 1265.71
 1139.61
  535.64
  796.30
  721.40
  831.47
 1816.81
 2224.15
  929.87
  668.53
 1343.86
 1172.37
 1073.15
 1050.67
  972.26
  820.57
  678.58
 1179.65
 1284.62
 1223.34
 1208.68
 1170.39
  291.52
  218.12
 1134.63
 1068.22
 1175.52
 1065.31
 1204.49
  595.05
  548.47
 1174.61
 1068.68
 1194.46
 1592.74
 1304.36
  479.77
 1219.30
 2354.40
 2639.64
 2629.42
 2620.30
 2539.11
 1771.45
 1179.85
 1672.31
 2229.67
 1749.58
 1942.11
 1694.48
  996.98
  607.11
 1723.99
 1678.96
 1724.21
 1670.69
 1754.88
  693.14
  614.56
 1441.27
 1753.52
 1129.33
 1162.12
  818.44
  832.74
  860.89
 1190.10
 1059.93
 1051.04
  480.06
  918.83
  710.16
  780.84
  778.91
 1078.08
 1071.51
  904.86
 1179.65
  646.73
  631.58
 1243.02
 1252.31
 1000.38
 1033.62
  960.34
  725.42
  713.87
  849.19
  943.04
 1122.68
 1001.26
 1298.38
  155.03
  356.65
  678.27
 1017.71
  939.92
 1118.26
 1351.93
 1090.93
 1285.13
 1873.16
 1916.68
 1991.89
  942.02
  787.07
  343.65
  357.13
 1580.56
 1805.43
 2597.02
 4924.41
 6137.34
 6045.73
 5792.13
 4728.38
 3982.34
 3731.40
 3034.66
 2549.31
 2790.12
 2724.36
 2924.59
 2926.52
 2919.10
 2782.05
 2014.23
 2041.96
 2142.11
 1974.39
 2202.65
 1867.95
 1963.41
 2420.18
 2844.00
 2640.66
 2621.86
 3026.56
 4095.32
 4672.25
 4535.91
 4458.12
 4380.25
 4206.92
 3993.04
 3384.03
 3057.17
 3062.21
 2341.10
 2488.63
 2879.17
 2964.55
 2831.60
 2772.59
 2867.76
 2556.67
 2779.44
 2432.84
 2418.94
 2399.99
 2557.55
 2694.04
 2275.20
 2229.84
 2014.77
 2002.51
 2000.16
 2089.42
 2406.17
 2263.73
 2741.21
 2827.01
 2905.31
 2905.03
 2622.28
 2859.27
 2907.21
 2876.71
 2887.21
 1893.26
 1768.25
 1590.98
 1557.40
 2535.72
 2765.56
 2906.87
 2910.46
 2902.28
 2751.38
 2366.92
 1446.37
 1324.35
 1169.77
 1885.70
 1196.73
 1407.32
 1209.21
  684.53
  920.58
  997.29
 1101.87
 1319.14
 1285.87
 1302.29
 1071.31
  969.26
 1123.22
  956.37
 1394.26
 1497.37
 2968.85
 4314.10
 5999.32
 6709.99
 6157.39
 6659.07
 6770.27
 5657.28
 3690.62
 3458.90
 3378.11
 3551.75
 3489.54
 2908.17
 2885.60
 2846.18
 2700.35
 2353.10
 2276.70
 2067.64
 2358.03
 2816.82
 2877.73
 3349.29
 2831.12
 2036.43
 1899.18
 2031.85
 1934.72
 1344.91
 1293.12
 1479.92
 1479.78
 1566.94
 1551.99
 1507.25
  511.63
  482.80
  708.52
 1024.08
 1152.35
 1245.29
 1045.29
 1138.31
  622.77
  805.81
 1065.53
 1232.75
 1385.97
 1561.90
 2453.23
 2659.60
 2163.12
 1976.26
 1617.97
 2385.58
 2684.38
 2531.44
 2382.69
 2274.47
 1569.69
 1344.20
 1418.11
 1316.42
 1389.08
 1255.60
 1247.75
 1392.59
 1361.45
 1396.76
 1399.42
  591.68
  637.02
 1287.37
  647.35
  803.21
  631.49
  582.00
  552.97
  601.62
  663.41
  726.84
  811.05
  567.27
  585.93
  793.32
  646.87
  942.98
 1849.26
 1200.35
  516.84
  813.68
  881.90
  943.21
  814.19
  864.34
  829.12
  855.90
  666.64
 1022.32
 1077.12
 1313.02
 1162.12
 1220.03
 1063.33
 1090.06
  956.85
 1150.03
 1167.08
  919.73
 1029.86
  960.20
  880.12
  909.40
  886.86
 1017.65
  894.13
 1070.46
  992.82
  648.88
  681.53
  814.59
 1782.94
 1687.97
 1233.88
  987.04
  891.07
 1019.63
 1065.31
 1086.09
  874.42
 1116.73
 1058.97
 1102.06
  645.43
  483.40
  969.97
  987.41
  906.45
  892.46
  580.18
  503.11
  499.54
  399.35
  963.45
  782.03
  824.76
  685.58
  433.81
  386.07
  887.90
  985.57
  840.19
  832.80
  844.27
 1002.47
  766.17
  985.40
  966.45
  780.07
  726.41
  841.58
  764.64
  897.16
  761.24
  841.77
  622.77
  904.69
  991.15
  623.91
  919.42
 1034.05
  767.19
  975.32
  831.35
  719.42
  330.97
  295.63
  862.59
  712.68
  608.27
  635.49
  752.10
  420.02
  571.01
  710.61
  741.87
  842.99
  901.81
  841.18
  324.54
  223.93
  607.37
  646.08
  653.13
  583.84
  497.30
  375.48
  342.97
  745.98
  959.03
  711.38
 1102.32
  838.97
  809.52
  502.85
  845.68
  815.89
  720.24
  708.20
  905.29
  542.98
  448.60
 1026.43
  781.12
  757.87
  738.53
  837.98
  241.66
  465.05
  797.15
  578.32
  627.16
  653.72
  580.89
  390.26
  413.91
  442.22
  473.20
  365.06
  425.60
  396.04
  356.71
  419.15
  423.17
  789.90
  830.16
 1370.76
  873.94
 1126.39
 1554.26
 2489.84
 2591.78
 1839.80
 1723.82
 1599.34
 1570.34
  873.29
 1194.29
 1313.51
  868.25
  879.32
 1069.39
 1540.58
 1439.49
 2275.66
 2294.57
 1927.87
 1915.89
 2261.04
 1720.42
 1910.31
 1583.48
 1456.42
  828.35
 1017.51
  913.76
 1550.69
 2314.34
 2312.81
 2118.13
 1782.12
 2257.16
 2827.98
 2922.95
 3162.77
 3115.42
 3099.36
 3315.87
 3658.59
 3619.49
 5749.20
 6070.31
 6047.77
 5782.30
 4965.84
 4077.48
 3228.77
 3191.00
 2994.79
 3007.45
 2970.13
 2660.54
 2681.38
 2581.17
 2747.95
 2289.59
 2692.90
 1693.38
 1871.01
 1763.77
 1799.54
 1686.58
 1999.91
 1964.82
 1167.70
 1164.64
 1101.72
 1624.06
 1022.78
 1068.68
 1680.83
 1635.67
 1701.30
 1189.93
  605.47
  425.89
  416.85
 1940.55
 2003.93
 2110.99
 2597.76
 2266.31
 2136.79
 2391.81
 2382.04
 2501.93
 2349.22
 2686.36
 2526.17
 2421.29
 3419.06
 3267.08
 2083.04
 2107.25
 2051.81
 2218.03
 1913.68
 1565.81
 1524.47
 1539.84
 1581.72
 1497.82
 1642.97
  556.31
  574.58
  656.84
  474.17
  609.52
  626.43
  198.61
  596.61
  568.40
  460.83
  440.58
  643.08
  510.18
  510.81
  269.94
  188.90
  467.00
  361.75
  302.45
  317.18
  436.05
  214.70
  120.94
  437.67
  264.82
  387.01
  374.60
  406.04
  258.90
  201.19
  168.00
  353.14
  403.09
  410.88
  337.03
  278.84
  321.17
 1037.42
  873.23
 1170.08
 3171.68
 4437.39
 4520.61
 3544.70
 2174.59
 1706.63
 1600.84
 1138.68
 1047.27
  292.06
  163.47
  810.71
  887.08
  479.46
  483.11
  548.41
  448.40
  451.74
  736.27
  644.52
  533.15
  415.66
  352.69
  226.22
  265.13
  222.54
  432.20
  408.41
  602.92
  897.59
  183.63
  126.46
  880.63
  967.30
  933.10
  731.59
  621.13
  136.32
  117.66
  530.37
  390.66
  684.22
  597.77
  541.16
  257.32
  246.44
  193.69
  665.62
  656.84
  609.77
  669.30
  251.85
  305.51
 1895.39
 2494.83
 1689.75
 1520.50
 1809.56
 1438.30
 1301.22
 1120.87
 1154.87
 1003.18
  971.83
 1343.63
  413.60
  719.28
 1950.58
 2311.90
 2103.35
 2247.31
 2310.99
 1474.60
 1415.05
 1382.34
 1531.12
 1462.08
 1599.11
 1578.32
  600.29
 1160.51
 1118.09
 1653.56
 1430.68
 1472.90
 1474.06
  838.77
  624.22
  747.37
 1156.74
 1447.05
 1340.69
 1106.88
  824.95
  818.13
  841.80
  819.23
 1172.80
 1195.76
  956.71
  397.77
  434.92
  450.95
  950.85
  866.67
  762.77
  770.22
  540.06
  575.03
  503.81
  821.19
  899.43
  720.10
  849.00
  496.11
  558.07
  615.64
 1157.99
 1127.38
  951.45
  820.48
  213.37
  332.52
  593.89
 1292.32
 1075.79
  806.78
  197.93
  192.04
  145.21
  846.76
  565.43
  702.65
  443.16
  190.71
  224.07
  296.11
  633.50
  491.01
  422.32
  981.77
  806.12
  341.59
  483.82
 1111.78
 1004.63
  582.79
  671.93
  618.98
  373.33
  351.72
  686.03
  554.61
  322.25
  760.08
  682.01
  576.42
  411.05
  935.56
  992.14
 1095.89
  624.67
  547.28
  334.11
  338.75
  487.62
  547.90
  593.41
  723.24
 1019.89
  357.22
  217.22
  780.07
  884.31
  809.58
  734.09
  788.03
  259.64
  346.43
  804.48
 1232.24
 1830.46
 1052.79
  836.37
  514.12
  339.07
  877.17
  864.65
  694.36
  647.61
  620.42
  504.46
  465.13
 1029.52
 1000.58
 1226.86
  950.48
  562.32
  474.00
  366.00
  801.62
  914.55
  808.28
  317.35
  321.40
  330.54
  468.30
 1157.85
 1208.22
 1180.08
 1062.28
  323.52
  280.96
  358.24
  737.60
 1542.87
 1378.41
  427.16
  738.31
  283.62
  286.31
 1466.27
 1244.02
 1165.61
 1170.65
  952.38
  446.13
  445.51
  951.11
  881.50
 1170.22
  781.06
  808.50
  425.77
  242.19
  615.55
  567.38
  389.38
  470.99
  141.41
  187.29
  410.54
  370.24
  412.89
  654.66
  791.65
  806.12
  461.11
  344.81
  788.11
 1324.86
 1237.76
 1292.49
 1263.87
 1119.00
  653.38
  827.81
  895.01
 1396.13
 1434.39
 1344.99
  892.49
  244.88
 1054.75
 1275.22
 1424.45
 1445.32
 1234.42
  468.93
  446.61
  734.45
  764.58
  838.63
  850.04
  866.18
  338.56
  236.76
  501.32
  479.46
  476.71
  284.70
  305.82
  277.34
  230.87
  657.26
 1275.14
 1368.13
 1533.50
 1824.91
 1069.90
  890.28
 1830.88
 1204.88
  743.97
  888.81
 1060.41
  987.07
  339.69
  888.89
 1019.77
 1130.44
 1275.31
 1159.83
  950.60
  335.47
  727.69
  683.34
  594.97
  443.16
  554.95
  503.95
  638.54
 1054.18
 1278.39
 1247.84
 1385.32
 1134.63
 1041.21
  479.97
 1827.71
 2102.30
 2731.05
 2613.96
 1777.62
 1239.00
 1116.17
 1508.44
 1655.01
 1617.26
  627.73
  567.75
  171.69
  860.92
 3813.32
 6314.18
 6548.50
 6503.08
 3796.33
 2499.90
 2556.90
 2646.52
 2260.17
 1886.16
 1721.72
 1891.34
 1100.22
 1694.48
 1772.29
 1426.35
 1373.85
 1348.34
  534.79
  482.29
  378.40
 2076.05
 1703.60
 1289.83
 1468.60
 1053.30
  575.74
  499.93
  846.67
  934.31
  683.23
  711.06
 1062.42
  254.34
   86.93
  852.22
  694.13
  412.66
  616.80
 1047.75
  337.68
  173.81
  169.62
  153.42
  305.45
  160.22
  106.41
  135.92
  197.06
  271.28
  277.14
  565.71
  379.30
  363.28
  558.58
  245.28
  331.53
  223.42
  488.58
 1093.43
  478.36
  601.05
  250.83
  164.07
  230.27
  661.00
  517.63
  288.44
  656.78
  295.17
  543.68
  541.64
  605.95
  376.13
  232.31
  702.14
  266.55
  934.97
  223.62
  742.55
  690.82
  360.13
  333.03
  320.60
  695.07
  578.06
  398.45
  467.48
  404.42
  360.67
  268.78
  633.36
  207.82
  418.41
  744.31
  384.85
  280.96
  499.42
  688.44
 1190.36
  782.99
  423.54
  722.33
  224.47
  297.55
  709.45
  495.15
  618.52
  670.34
  536.80
  251.62
  226.25
  838.55
  210.42
  639.31
  589.70
  899.23
  826.00
  307.97
 1272.22
  863.64
  888.10
  911.18
  932.16
  929.67
  545.30
 1089.80
  888.30
 1472.39
  695.01
  745.24
  703.02
  387.40
 1338.34
 1190.24
 1337.40
  774.81
  643.70
 1029.40
  329.92
  833.79
 1119.03
 1025.95
 1003.52
  953.99
  689.94
  230.92
  665.11
 1156.06
  817.90
  810.48
  752.41
  762.06
  797.15
  154.69
  283.08
  772.54
  181.62
  123.26
  356.51
  463.97
  864.54
 1170.02
 1125.85
 1269.16
  677.34
  200.23
  191.08
  644.55
  607.31
  709.28
  664.34
  361.72
  390.52
  296.45
  700.16
  552.72
  266.77
  450.46
  259.84
  490.25
  503.67
 1133.10
 1417.71
 1754.65
 1442.63
  436.62
  208.64
  252.02
 1224.31
 1466.47
  563.87
  586.10
  802.61
  169.67
  231.83
 1502.21
 1197.69
 1187.10
  742.92
  976.62
  262.84
  246.16
 1162.32
  999.98
 1486.92
  867.29
 1195.11
  393.15
  252.90
  551.33
 1028.55
  624.39
  854.49
  817.68
  523.58
  398.19
  481.33
  681.33
  837.47
  822.83
 1631.02
 1511.24
  568.40
 1614.57
 1484.94
 1425.39
 1281.45
 1230.57
 1175.15
  542.61
 1520.13
 1580.22
  937.03
  382.02
  350.79
  274.48
  308.63
  800.89
  785.31
  395.64
 1459.14
 1184.86
  264.25
  289.91
 1186.65
  372.93
  511.71
  610.43
  301.09
  280.90
  346.54
  346.97
  433.42
  363.05
  396.01
  242.08
  602.47
  996.95
 1257.72
 2272.00
 2284.01
 2339.57
 2216.42
 1128.99
  455.99
  496.20
 1207.37
 1759.98
 1677.63
 1102.12
  313.86
  223.76
  225.15
 1206.55
  498.97
  242.90
  261.25
  181.77
  161.41
  156.14
  241.40
  873.18
  499.17
  264.28
  233.59
  180.77
  305.77
  293.73
  221.92
  361.89
 2038.84
 2784.23
 4364.99
 4055.85
 2825.68
 2968.68
 2702.11
 2538.44
 1557.82
 1165.01
 1468.91
 1661.18
 1620.46
  852.90
 1752.50
  964.39
  393.01
 1339.42
 1288.84
  943.29
  459.58
  787.26
  240.61
  485.89
 1755.47
  878.81
  765.94
 1312.88
 2066.79
 4576.46
 4163.43
 4628.30
 3407.17
 3455.14
 3576.98
 3521.09
 3506.70
 3527.20
 3635.18
 3549.18
 3325.11
 2940.11
 2633.86
 1016.07
 1351.65
 1829.81
 2024.34
 1997.33
 1590.93
 1103.28
  327.31
  319.78
  848.46
  614.99
 1311.78
 1751.31
 2104.51
 1276.01
 1363.17
 1827.34
 2203.90
 2826.02
 2768.09
 2783.74
 1628.02
 1636.86
 2110.99
 1980.17
 2189.09
 1330.04
 1471.97
  258.59
  189.33
 1175.40
  442.48
  191.45
  167.89
  243.98
  273.94
  382.08
  698.58
  591.62
  330.17
  316.38
  750.65
 1371.70
 1634.96
 1063.89
 1506.80
 1415.56
 1532.20
 1090.82
  245.82
   84.67
  935.79
  321.08
  235.17
  156.08
  107.52
  134.11
   54.68
  751.25
  884.76
  755.15
  367.24
  488.58
  107.38
  172.73
  413.88
  268.78
  586.61
  612.80
  748.78
  181.60
  121.79
  628.75
  480.76
 1193.72
  356.91
  237.89
  257.43
  171.97
  406.60
  200.88
  143.99
  258.67
  183.52
   75.63
   67.62
   78.49
 1272.47
 1615.70
 1235.66
  705.51
  263.77
 1011.25
 1531.43
 1033.65
  699.79
 1506.85
 2144.63
 1876.70
 1716.91
 1285.92
  998.74
  927.46
  896.79
  567.07
  400.77
  605.87
  530.29
  797.74
  691.36
  747.17
  491.52
  176.30
  193.49
  274.90
  671.56
  721.29
  630.19
 1179.26
  433.33
  490.73
 1099.03
  898.01
  551.36
  543.63
 2013.84
  989.42
  682.46
 1109.77
  701.80
  568.46
  789.11
  950.85
  282.57
  247.04
  669.58
  645.26
  606.07
  442.11
  424.84
  273.17
   99.00
  397.65
  688.61
  651.20
  549.97
  578.06
  292.23
  385.02
 1157.20
 1626.35
 1448.69
 1410.86
 1153.29
  575.79
  748.92
 1582.94
 1352.44
 1513.96
 1213.38
  696.20
 2054.81
 2091.60
 1808.12
 1919.09
 1693.21
 2144.80
 2252.29
  912.94
  806.95
  785.74
  770.78
 1426.15
 1322.28
 1794.52
  891.19
  836.62
 1114.92
 1190.55
 1491.34
 1205.16
  996.44
  529.55
  561.55
  747.96
 1872.03
 1787.30
 2081.03
 1115.29
 1220.82
 1136.47
  952.95
  939.27
 1128.28
 1221.65
  895.46
   32.56
  198.10
 1204.46
 1508.16
  784.55
  887.56
 1570.11
  965.77
  639.79
 1076.49
  884.62
 1162.77
  697.47
  952.98
  181.54
  193.74
  828.01
 1248.32
 1332.36
 1156.63
 1174.75
  231.60
  372.14
 1153.57
 1229.57
  674.05
  731.06
  310.01
  445.59
  916.08
 1033.65
  572.57
 1633.32
  915.91
 1406.27
  357.25
  713.41
 1253.22
 1010.01
 1012.64
 1165.46
 1390.78
  968.83
  702.57
 1343.66
  978.09
  981.07
 1243.00
 1350.86
  370.75
  445.57
 1318.52
 1214.76
 1412.16
 1006.47
  657.57
  249.24
  259.18
  749.89
 1037.36
  765.80
 1275.48
  928.65
  260.80
  245.37
  818.73
 1345.31
 1629.97
  333.49
  277.96
  298.63
  262.44
  793.81
  664.40
 1660.61
 1715.55
 2832.82
  375.62
  156.34
 1444.92
 1092.72
 1806.56
 1086.15
 1439.26
  245.71
  744.11
 1611.88
 1982.60
 1106.45
 2320.91
 3292.40
 3828.52
 3645.40
 3547.79
 3596.58
 3314.01
 2893.47
 2487.95
 1858.92
  778.46
 1119.62
 1637.87
 1877.75
 1851.55
 1420.57
 1579.17
 1539.62
 1377.84
  364.52
 1751.60
 1403.89
  887.53
  830.99
  258.31
 1436.00
 1047.36
  257.54
  339.26
  289.57
  272.46
  182.90
  419.12
 1119.14
  804.51
  583.44
  900.42
  550.48
 1163.51
 2835.99
 2939.43
 4764.68
 7139.33
 7495.92
 8206.11
 8078.37
 7461.15
 6765.04
 6105.40
 4101.41
 2723.46
 2293.24
 2395.52
 2361.65
 2424.71
 2443.46
 2414.58
 2333.85
  511.09
  780.61
 1403.07
 1785.12
 1602.34
 1868.86
 1158.90
  683.06
  926.64
 2083.64
 1090.37
  160.22
  333.35
  327.94
  266.66
  193.74
  248.03
  676.72
 1811.77
 1226.15
  931.17
  297.53
  487.73
 1266.39
 1427.93
  918.51
  530.66
  239.62
  246.44
  249.22
 1038.21
  355.74
  569.68
  230.36
  190.97
  282.74
  887.59
 3774.58
 4494.28
 5262.66
 5643.26
 5608.97
 4695.33
 2966.25
 2656.52
 2319.66
 1431.70
  871.99
  842.00
 1547.09
 4202.08
 4774.36
 3433.84
 2660.59
 2483.73
 2556.16
 1220.88
 1430.57
 1762.21
 1196.25
  746.66
  294.35
  378.82
  221.18
  206.29
  341.93
  759.15
 1215.30
 1008.14
  978.43
  526.86
  519.10
  581.51
  390.55
  210.79
  304.86
  472.83
  277.99
  231.55
  867.68
  251.45
  565.52
  478.50
 1743.38
 4256.45
 4411.76
 3823.00
 2702.50
 2160.69
 1962.33
 1402.56
  500.42
 1050.22
 1046.90
 1317.95
 1006.95
 1631.45
 1407.21
  586.98
  312.53
  399.47
  865.36
  326.01
  419.94
  929.76
  302.99
  242.08
  353.90
  422.91
  468.81
  441.40
  432.34
  281.19
  845.26
 1090.20
 1020.17
  877.77
  189.95
  462.56
  338.16
  186.15
  644.18
  278.41
  822.89
  741.48
  888.84
  187.00
  208.84
  445.71
  237.27
  251.57
  495.15
  649.31
  273.20
  220.33
  694.67
  764.84
  711.46
  117.77
  270.91
  258.79
  190.29
  691.75
  281.81
  497.87
  232.42
  109.22
  494.16
  428.66
  729.89
  715.09
  416.48
  530.83
  547.22
  485.41
  439.22
  836.00
  562.23
  323.63
 1191.71
  534.00
  196.63
  245.76
  741.56
  611.50
  628.12
  716.73
  902.15
  430.73
  265.05
 1087.28
 1123.90
  788.11
  531.76
 1225.58
  838.35
  592.45
 1002.47
 1048.94
  341.19
  285.66
  281.70
  806.12
  230.44
  799.33
  874.00
  712.31
  492.06
  831.47
  370.70
  456.86
 1151.99
 1010.80
  775.68
  907.07
  916.73
  791.71
  687.14
  620.37
  699.06
  748.56
  733.69
  676.06
  246.95
  349.97
  247.60
  788.94
  743.01
  751.10
  490.33
  581.20
  326.89
  757.62
 1113.25
  862.42
  326.63
  620.00
  205.01
  276.29
  773.13
  745.13
  649.70
  895.46
 1036.00
  879.15
  788.14
  967.62
  808.53
 1752.47
 2183.63
 1718.61
 1102.63
  783.92
  909.03
  950.57
  473.94
  933.86
  960.34
  669.61
  201.76
  934.46
 1231.67
  629.43
 1117.35
  979.03
  829.68
  134.67
  191.79
 1107.81
  754.25
 1697.43
  510.86
  276.54
  171.97
  453.52
 1352.10
 1597.35
 1480.23
 1044.21
   98.09
  248.03
 1245.29
 1385.40
 1493.26
 1259.25
 1224.36
  283.14
  472.30
 1571.87
 1740.30
 1437.16
 1008.25
 1624.59
 2338.94
 1895.90
 1942.54
 2482.57
 3078.15
 3172.65
 2953.73
 2214.29
 1981.67
 2027.91
 2002.60
 2093.55
 1970.51
 1977.54
 1540.52
 1872.85
 2234.71
 2075.26
 2131.49
 1599.68
 1292.55
 1072.56
  862.70
 2018.37
 1681.96
 1789.68
 1966.52
 2042.61
 2058.63
 1922.71
 2174.79
 2252.10
 2651.05
 3120.04
 3143.25
 3377.41
 3511.49
 3477.00
 3400.91
 3499.45
 3311.66
 3048.82
 2728.87
 2595.30
 3229.65
 2925.87
 3820.23
 3682.32
 3558.75
 3566.82
 3571.83
 3495.57
 3084.50
 2247.65
 2146.84
 2448.56
 1944.15
 1074.74
 1797.69
 1743.81
 1510.17
 1014.90
  978.49
 1107.56
 1204.49
 1467.27
 1545.31
 1489.44
 1426.06
 1456.14
 1145.27
  792.16
  644.52
 1021.28
  772.20
 2143.13
 2162.67
 1235.75
  258.82
 1874.38
  587.29
 1179.00
 1462.31
 1407.57
  711.38
  746.83
 1063.41
 1215.59
 1462.79
 2108.70
 1859.37
 1824.79
 1334.52
 1369.88
 1801.35
 2168.65
 2155.79
 3009.37
 4706.03
 5861.70
 6756.97
 7870.89
 8048.38
 6991.63
 5975.79
 6196.77
 6620.79
 6914.12
 6360.33
 6056.10
 6074.73
 5737.76
 5213.39
 5211.91
 5129.54
 5058.95
 4360.60
 3550.51
 3390.89
 3147.47
 3407.65
 3437.30
 2593.88
 2596.71
 2330.53
 1725.32
 1211.22
 1109.60
 1599.48
 1896.27
 1513.51
 1502.12
 1530.47
  182.45
  302.37
 1504.62
 1486.01
 1540.07
 1565.72
  529.58
  322.64
  656.21
 1810.01
  463.66
  299.73
  280.93
  533.04
  170.18
  309.64
  475.95
  361.10
  859.08
  878.93
 1691.85
 2153.75
 2389.12
 3069.09
 1679.84
 1391.89
 1599.62
 1581.58
 1246.76
 1138.20
 1515.32
 1328.00
 1509.49
 1551.14
 1341.85
 1036.20
  918.63
 1514.61
 1239.51
 1083.18
 1247.47
 1098.27
  863.92
  737.91
 1108.09
 6321.23
 9992.25
 9525.42
 9948.10
10219.52
 9512.08
 8997.17
 7774.39
 5203.76
 3268.42
 2923.71
 2930.88
 3094.92
 4016.52
 4477.20
 3826.09
 3344.36
 2549.62
 2737.73
 2625.20
 2540.96
 2162.73
 2099.69
 1426.12
 1155.16
 1214.48
 1329.36
 1021.87
 1707.25
 1723.99
 1229.74
 1340.12
 1318.89
  916.62
 1319.23
 1609.19
 1293.68
 1272.90
 1673.64
  962.26
  838.43
 1644.39
 1548.03
 1549.95
 1865.77
 1987.45
 1926.99
 2397.64
 1925.38
 1749.73
 1594.89
 1512.43
 1242.01
  669.27
  492.40
 1838.98
 1539.62
 2281.88
 2801.41
 2433.83
 2697.15
 1390.61
 2174.82
 2003.42
 1668.06
 1800.95
 1853.03
 1416.44
 1779.74
 1736.79
 1919.29
 1833.97
 1555.81
 1886.33
 1298.95
  837.19
 1842.66
 1336.67
 1004.34
 1517.78
 1439.86
 1342.47
 1432.44
 1564.14
 1319.93
 1198.48
 1114.47
  887.03
  963.54
  920.21
 1845.07
 2152.25
 1881.94
 1970.88
 2162.44
 1914.08
  793.49
 1469.70
 1570.82
 1305.97
 1402.67
 1525.51
 1286.29
 1369.43
 1332.19
 1538.62
 1535.31
 1572.92
 1407.86
  925.51
  807.00
 1613.52
 1675.93
 1546.27
 1484.06
 1389.79
  776.08
 1043.33
 1063.61
 1508.95
 1935.40
 1331.37
 1077.14
  661.31
 1065.65
 1413.75
 1316.11
 1493.12
 1262.39
  923.87
  419.91
  161.49
 1347.20
 1444.75
 1357.82
 1187.33
 1247.73
  343.94
  164.69
 1171.01
 1588.35
 2262.60
 1959.87
 1561.05
 1708.19
 2041.42
  826.17
 1177.78
 1022.52
  970.67
 1660.10
  471.93
  458.36
 1246.56
 1687.43
 1605.48
 1624.45
 1195.14
  859.30
  532.81
 1583.79
 1371.13
 1003.58
 1150.15
  969.23
  359.96
  437.18
 1823.07
 1042.97
 1449.20
  577.41
  862.73
  631.69
  742.04
  967.81
 1631.36
 1314.92
  858.45
  973.14
  740.20
  644.41
 1333.33
 1228.33
 1155.27
 1144.99
 1373.79
 1272.98
  522.08
 1312.71
 1304.84
 1169.15
  885.86
 1563.26
  986.02
  166.67
 1326.98
 1929.09
 1763.49
 1816.72
 1863.64
 1639.35
 1001.40
 2511.85
 2215.45
 2191.92
 1812.59
 2526.74
 2178.75
 1925.35
 2237.43
 2148.43
 2166.69
 2098.14
 2365.39
 2504.96
 2021.79
 2092.53
 1623.01
 2115.64
 2461.33
 2506.13
 2298.03
 1988.66
 2193.96
 2285.34
 2782.22
 2766.47
 2659.55
 2322.92
 1726.05
 2025.22
 1804.75
 1967.31
 1385.71
 1399.93
 1389.45
 1361.13
 1593.96
 1689.98
 2509.52
 1590.76
 1862.68
 1170.82
 1088.90
 1881.82
 2449.15
 2496.38
 2272.60
 2279.31
 2558.43
 1413.10
 1920.59
  890.71
 1515.06
 1911.98
 2095.28
 1511.02
 1492.55
 1959.27
 2083.64
 1920.68
 1682.16
 1882.84
  999.78
  612.97
 1423.66
 2247.59
 2305.10
 2412.77
 2238.05
 1769.94
  986.19
 1871.46
 1623.15
 1812.31
 2932.18
 5859.69
 6573.25
 7104.87
 6140.99
 4558.45
 4131.48
 3533.06
 3008.81
 2925.27
 2189.57
 2650.74
 2860.20
 2806.20
 2537.27
 2785.87
 2353.67
 2294.09
 1875.31
 1835.98
 1747.94
 1786.45
 1580.36
 1439.37
 1808.54
  445.65
  538.13
 1899.47
 1588.43
 2244.73
 4022.86
 4198.88
 4642.83
 4882.28
 4546.64
 3743.29
 2849.95
 2529.71
 2306.75
 2244.79
 1895.36
 2078.03
 1858.60
 2050.22
  259.72
  110.52
 1692.21
 2042.13
 1334.04
  623.14
  347.62
  254.17
  360.13
 1050.02
  260.94
 1773.91
  524.68
  163.56
  306.39
  332.33
  192.84
  496.25
  169.36
  117.15
   76.40
  150.14
   95.48
  210.31
  251.82
  179.42
  350.31
  257.71
  333.57
  452.87
  490.31
  670.88
  549.54
  498.49
  729.47
  451.85
  259.81
  344.67
  334.22
  370.89
  645.23
  632.57
  435.60
  247.63
  204.33
  415.69
  304.43
  735.25
  717.92
  279.49
  205.21
  500.08
  590.80
  737.60
  393.21
  298.74
  334.51
  294.21
  789.02
  317.38
  251.45
  345.78
  790.15
  198.53
  207.17
  377.55
   85.60
  329.83
  320.07
  139.15
  344.25
  287.59
  651.37
  870.37
  969.03
  873.12
  583.10
  270.14
  497.27
 1896.38
 1012.78
 1158.90
  285.41
 1460.16
  636.22
  413.06
  843.39
  589.56
  953.77
  842.06
  947.06
  812.92
  285.21
 1799.90
  755.38
  736.32
 1505.21
 2826.39
 2575.56
 3000.82
 2464.19
 1980.65
 2343.02
 1799.90
 1797.89
 2022.13
 1791.01
 2100.49
 1835.36
 1517.92
 1846.48
 1496.66
  897.11
 1027.87
  753.71
 1098.81
  819.83
  891.90
 1191.09
  245.62
  865.11
 1107.95
  709.65
  828.98
 1177.61
 1624.08
  492.91
  167.35
  321.85
  475.67
 1426.83
  703.96
  637.38
  669.33
 1445.32
 1085.92
  929.59
 1195.85
  706.59
 1356.29
  363.22
 1183.62
 1148.93
  814.70
 1073.32
  121.22
  899.68
  188.76
  203.12
 1604.35
  740.85
 1061.68
  727.29
 1482.56
  246.78
  951.30
 1928.72
 1048.40
  834.92
  835.32
 1334.40
  808.42
  804.06
  847.10
  788.65
 1235.27
 1048.01
 1257.27
 1150.83
 1323.16
 1165.61
 1267.63
  640.92
 1137.66
  992.93
 1176.00
  766.03
 1487.74
 1788.01
 2321.33
 3903.62
 3972.03
 5770.46
 5841.88
 5588.07
 4519.71
 3979.76
 2399.82
 2674.27
 1826.30
 1684.26
 1605.59
 1740.47
 1408.20
 1389.88
 1818.65
 1043.02
 1206.30
 1356.66
 1197.21
 1269.33
 1499.58
 1393.64
  337.45
  374.26
 1739.53
 1604.01
 1673.21
 1935.31
 1102.46
 1082.92
  248.79
 1310.65
 2534.84
 2013.07
 2320.51
 2083.13
 1841.30
 1888.62
 1924.02
 1264.86
 1459.37
 1429.69
 1823.55
 1549.61
 1391.38
 1701.47
 1549.53
 1590.64
 1913.88
 2562.62
 2105.02
 1863.50
 1953.72
 2195.63
 1952.22
 1354.71
 2000.59
 2006.14
 1999.99
 2379.18
 2194.84
 2263.42
 2303.80
 1947.49
 1484.99
 1936.56
 1933.42
 2325.15
 3197.00
 4149.72
 4618.45
 4189.34
 3474.85
 3178.48
 3555.46
 4623.66
 5000.08
 4718.92
 4867.75
 4661.80
 5778.76
 8653.12
 9631.21
10318.32
10375.72
 9660.83
 8458.98
 7630.68
 6896.17
 6454.37
 5676.08
 4264.89
 3012.40
 3600.77
 3179.70
 3109.36
 3401.67
 4046.70
 2406.05
 2208.88
 2137.16
 2712.78
 2303.80
 1782.74
 1879.70
 1924.19
 1662.45
 2148.97
 2050.20
 2139.90
 2091.31
 1500.68
 1864.52
 1684.14
 1850.68
 1940.24
 2183.20
 2351.83
 2142.28
 2509.16
 2766.05
 2495.93
 2572.64
 2544.50
 2482.74
 2216.76
 2533.31
 1807.69
 1974.42
 1413.52
 1355.30
 1275.22
 1545.45
 1597.07
 1475.45
 1512.26
 1468.23
 1421.76
 1450.56
 1750.69
 1401.03
 1490.77
 1401.26
 1232.97
 1374.16
 1285.84
 1317.75
 1593.87
  804.03
 1083.32
 1350.74
  977.21
 1254.58
 1640.82
 1907.76
 1898.70
 1739.02
 2318.19
 3282.94
 3728.11
 3768.12
 3416.71
 2753.08
 2844.48
 2863.60
 2809.06
 2849.44
 2784.57
 2640.38
 1830.23
 1732.45
 1504.64
 1746.05
 1920.19
 1790.47
 1570.28
 1529.19
 1638.21
 1612.53
 1754.74
 1792.20
 1435.95
 1017.28
  979.85
  678.30
  814.70
  658.85
  698.69
  829.43
  726.02
  387.60
  795.31
  740.46
 1095.38
 1198.06
 1160.34
 1763.86
 1591.89
 1182.62
 1535.91
 1548.22
 2423.50
 3282.21
 3552.57
 3568.35
 4091.39
 2595.86
 1587.61
 1692.16
 1378.95
 1512.91
 1880.07
  805.93
  720.07
  728.54
  767.30
  650.66
  448.34
  687.19
  707.69
  314.12
  533.97
  832.23
  442.65
  679.63
 1234.08
  522.25
  692.46
  735.28
  862.02
  849.76
  754.50
  205.67
  958.98
  965.86
  291.41
  329.21
  798.59
  264.37
  350.65
  341.39
  731.88
  651.17
  708.12
  722.56
  861.12
  745.36
  798.79
 1080.94
  935.25
  780.10
 1328.99
 1179.62
  480.40
  613.46
  462.81
  940.74
  471.93
  364.49
  887.25
  814.45
  552.89
 1260.41
  568.26
 1073.29
  967.16
 1486.35
 1420.12
  852.08
 1165.12
 1322.11
 1270.83
 1337.38
  928.06
  938.34
  612.63
  395.64
 1065.51
 1204.97
 1134.97
  704.69
  689.71
  581.37
 1042.77
  921.85
  951.81
  907.30
  666.78
  328.28
  571.01
  695.15
 1046.51
  650.92
 1305.35
 1719.54
 1971.99
 2093.75
 2602.88
 1238.13
 1434.64
 1708.95
 1207.94
  887.34
  995.88
  906.25
 1608.28
 1565.27
 1124.21
 1338.91
  951.11
  833.42
 1518.21
 1477.04
 1392.57
  901.13
  575.77
  759.20
  838.49
  764.72
 1116.79
  564.33
  834.53
  859.78
  530.26
  494.33
  660.60
 1155.24
 1178.80
 1356.52
  931.40
  766.76
  525.79
  712.17
  869.55
 1054.66
  749.35
  739.95
  821.25
  736.29
 1171.61
 1364.45
  894.27
  865.50
  558.29
  741.50
 1030.48
 1958.48
 1176.31
  462.27
  654.97
  631.86
  634.84
  574.61
  641.94
 1078.19
  985.96
  841.10
  820.48
  766.68
  856.33
 1287.96
 1093.12
 1250.92
 1119.59
  921.74
  781.40
  804.40
 1462.37
 1460.81
 1533.78
 1399.31
 1334.26
  780.19
  672.33
 1923.14
 1359.04
 1452.23
  409.18
  574.95
  633.99
 1067.49
 1480.91
 1584.81
 1304.27
 1201.00
  224.64
  280.56
  250.38
 1081.65
 1298.87
 1162.15
 1018.13
 1301.22
  297.33
  237.01
  260.23
 1132.79
 1170.96
 1275.56
 1120.44
  217.98
  274.65
  710.64
  923.78
  829.77
 1150.49
  512.05
  283.85
  185.93
  459.55
  847.24
 1429.83
 1626.86
  991.06
  542.75
  188.17
  924.60
  602.78
  735.59
  912.94
  923.64
  262.30
  212.89
  278.58
  252.08
 1147.14
 1838.33
 1579.80
  530.12
  220.59
  699.34
 1375.63
  706.45
  621.05
 1493.40
  231.69
  343.82
 1159.69
  469.75
  766.82
 1687.80
 1302.09
  201.70
  385.99
 1047.67
 1596.39
 1534.63
 1338.99
 1246.31
  806.58
  222.94
 1354.00
  896.43
 1360.43
  746.23
 1489.58
 1304.78
 1199.05
 1571.73
 2378.39
 1698.61
 1265.71
 1065.51
  326.10
  357.53
 1221.02
 1257.27
 1061.71
  756.43
  674.85
  413.31
  282.72
  279.91
  946.75
  316.41
 1559.15
 1948.74
 1448.97
  729.64
 1398.82
  916.30
 1257.47
  384.54
  968.97
  552.21
  863.04
 2009.05
 2294.83
 2649.04
 2861.67
 2633.04
 2927.65
 3692.63
 4597.55
 3720.98
 3641.35
 3003.82
 2763.27
 1313.59
 2412.74
 2330.50
 2183.82
 1846.68
 1833.20
 1335.22
 1023.80
 1439.40
 2041.22
 2188.07
 1913.74
 1426.94
 1558.13
 1333.44
 1482.44
 1928.83
 1843.96
  906.56
  648.97
  843.16
 1827.80
 1062.05
 1477.04
 1427.68
 1332.53
  650.32
 1161.50
  709.22
 1017.76
 2683.96
  993.30
 1257.52
  337.14
 1058.74
  503.84
  632.91
 1453.36
 1463.19
 1603.84
  837.95
  203.51
  276.88
  476.91
  920.50
  878.28
 1464.83
  580.78
  248.62
  221.15
  172.34
 1107.50
 1428.73
  934.06
 1502.72
  841.27
  333.37
  332.18
  330.97
  433.96
  145.52
  112.30
  229.06
  110.18
  200.94
  383.35
  471.53
  566.08
  638.46
 1040.02
  835.01
 1553.92
 1442.23
 1395.31
 1472.65
 1189.87
  747.82
  626.23
  396.92
 1319.00
 1394.66
  937.40
 1287.45
   10.25
  777.38
 1400.49
 1455.00
 1535.71
  726.58
  984.69
 1471.74
 1008.19
  293.22
  946.09
 1075.56
  776.31
 1147.82
 1138.65
  662.78
  720.64
 1104.39
 1267.12
 1353.12
 1800.75
 1575.32
  285.07
  227.81
  750.48
  127.62
  224.61
  208.47
  406.57
  505.40
  503.39
  960.05
  894.05
  833.65
  956.20
  831.35
  284.22
  422.26
  332.69
  657.40
  624.87
 1200.29
  489.60
  470.82
  392.22
  380.64
  398.42
  575.14
  731.59
  999.16
  380.81
  420.02
  801.48
  284.95
  497.67
  354.02
  424.27
  406.32
  378.51
  640.53
  203.00
  772.37
  603.29
  805.93
  327.99
  192.98
  294.98
  433.39
  379.16
  298.69
  836.71
  473.32
  462.61
  605.53
  320.29
  179.08
  372.31
  680.82
  315.05
  174.77
 1198.60
  386.84
  535.36
  688.33
  685.64
  605.27
  403.15
  765.43
  940.40
  797.66
  574.27
  616.88
  185.53
  229.20
  307.72
  358.32
  303.64
  536.69
  617.62
  362.37
  372.90
  771.72
  722.11
  737.57
  910.27
  654.88
  269.15
  287.44
 1217.91
  764.89
  628.10
  735.50
  999.67
  802.07
  644.52
  531.17
  752.12
  886.26
  693.48
  769.43
  479.91
  577.10
  612.75
  796.35
  691.44
  771.52
  561.52
  438.91
  475.04
 1256.93
  767.61
  647.55
  734.17
  754.33
  504.35
  396.69
  583.19
 1073.58
  491.86
  517.04
 1036.62
  767.19
  409.91
 1085.21
 1046.17
  840.76
  639.79
 1088.61
  738.14
  817.31
 1184.38
  840.19
  451.00
  136.35
  455.00
  761.55
  798.51
 1576.94
 1040.67
 1055.99
  814.65
  647.29
  804.34
  778.43
  998.68
 1035.07
  790.58
  815.84
  609.29
  727.26
  344.56
  810.14
 1020.40
  952.15
  911.09
 1118.15
  656.07
  241.20
  955.38
  806.78
 1086.40
 1089.92
 1211.14
  936.98
  959.91
 1086.43
 1039.60
 1099.43
 1090.37
  803.92
 1239.82
  916.25
 1378.97
 1127.38
 1230.76
 1525.71
 1524.49
 1321.49
  447.55
 1489.98
 1590.87
 1496.49
 1555.50
 1686.30
 1193.81
 1101.75
 1920.85
 1824.40
 1858.75
 2531.02
 2280.07
 2452.61
 1869.31
 2535.89
 2419.84
 2430.89
 1525.85
 1452.17
 1512.43
 1750.86
 1945.00
 1624.99
 1667.07
 1238.27
 1520.90
 1518.32
 1392.96
 1856.57
 1034.56
  998.28
 1133.58
 1389.37
  910.02
  749.35
 1094.02
 1016.04
  748.10
 1118.74
  929.73
  273.71
  343.77
  821.73
  468.50
 1052.74
  908.12
  192.67
  286.25
  373.07
  428.94
 1201.23
 1112.43
  818.44
  879.58
  631.89
  874.65
 1380.25
 1745.54
 2226.44
 2101.22
 2427.09
 2530.05
 2115.83
 2707.06
 2696.27
 2803.57
 2305.33
 2415.63
 2038.81
 2047.22
 2058.15
 2092.81
 1733.76
 1189.48
 1013.49
 1342.56
  822.24
 1412.90
 1657.87
 1473.10
 1346.44
 1247.41
 1029.74
  663.92
 1576.46
 1522.23
 1625.44
 1072.33
  942.75
  765.38
 1002.39
 1384.16
 1444.10
  855.40
  756.60
 1184.86
  990.44
  595.45
  523.07
  396.95
  736.78
 1034.47
  941.76
  469.97
  335.19
  632.65
  667.65
  377.94
  456.10
  538.44
  241.09
  348.24
  670.37
  762.09
  868.96
  585.85
  769.17
  630.42
  591.74
 1618.96
 1735.74
 1218.59
 1080.68
  909.48
  368.57
  176.50
  521.28
  520.86
  563.73
  239.84
  459.44
  471.02
  484.33
  474.05
  380.44
  369.82
  415.12
  440.07
  427.24
  291.21
  354.39
  447.38
  437.84
  379.56
  420.76
  268.81
  196.21
  143.20
  186.38
  184.54
  465.27
  328.08
  196.32
  134.50
  276.54
  153.56
  112.79
  191.62
  244.18
  338.84
  422.74
  216.31
  217.84
  411.25
  476.71
  670.60
  359.03
  275.41
  491.98
  361.69
  324.26
  369.85
  392.75
  353.37
  197.91
  374.86
  286.71
  369.79
  335.07
  359.28
  256.41
  317.74
  434.30
  342.12
  172.82
  216.31
  252.05
  253.80
  283.08
  265.75
  296.19
  145.66
  214.33
  178.82
  114.20
  146.77
  245.82
  233.67
  200.85
  184.88
  479.66
  517.94
  666.69
  236.30
  494.89
  412.77
  506.36
  281.58
  272.04
  454.71
  588.06
  368.57
  452.47
  834.38
  530.43
  397.88
  277.56
  380.21
  631.64
  763.82
  349.80
  582.59
  412.75
  556.94
  489.46
  429.96
  585.42
  589.73
  652.25
  352.66
  358.21
  514.32
  656.10
  599.92
  676.66
  557.39
  293.87
  278.75
  566.05
  532.67
  524.34
  481.61
  238.68
  306.93
  502.00
  560.59
  461.90
  417.82
  478.33
  477.39
  257.68
  369.03
  468.96
  657.35
  531.25
  346.77
  277.14
  263.40
  614.33
  418.38
  391.34
  378.28
  288.58
  449.02
  305.37
  336.15
  584.03
  585.76
  660.15
  631.78
  646.42
  499.23
  467.00
  778.15
  754.56
  821.22
  933.66
  845.14
  480.71
  654.71
  461.79
  563.17
 1114.47
 1628.25
  400.20
  347.25
  314.77
  509.59
  490.05
  527.46
  497.16
  776.87
  723.38
  725.17
  581.83
  713.58
  656.78
  620.48
  550.62
  481.19
  332.50
  410.71
  268.90
  346.40
  223.14
  362.37
  239.22
  264.22
  353.96
  362.51
  343.34
  390.49
  236.36
  208.98
  363.67
  271.95
  365.23
  300.50
  395.50
  298.86
  322.64
  336.57
  327.99
  306.11
  349.63
  376.78
  295.09
  334.65
  374.83
  411.93
  366.56
  317.09
  574.32
  429.11
  342.18
  344.73
  445.00
  460.52
  471.70
  502.99
  351.50
  208.78
   97.01
  484.56
  550.90
  522.02
  458.34
  186.55
  141.27
  157.47
  436.45
  490.76
  157.22
  276.54
  250.38
  229.93
  332.16
  216.03
  159.82
  312.33
  283.06
  254.94
  205.58
  255.96
  265.87
  142.26
  306.95
  254.48
  225.49
  183.86
  174.88
  295.46
  282.04
  271.67
  366.50
  415.95
  345.24
  247.72
  352.40
  293.90
  346.88
  382.14
  383.83
  192.53
  293.82
  588.74
  676.52
  635.15
  612.66
  577.27
  315.85
  327.23
  329.10
  281.13
  365.91
  524.46
  239.73
  430.56
  297.41
  369.08
  340.96
  267.00
  399.35
  405.36
  339.46
  328.31
  199.78
  332.67
  129.61
  309.59
  399.89
  384.57
  339.21
  292.29
  323.89
  294.41
  292.77
  395.76
  357.84
  333.15
  408.64
  591.71
  831.95
  931.99
  295.03
  541.96
  393.38
  349.43
  312.28
  398.79
  491.81
  401.42
  471.19
  670.77
 1066.87
  869.92
  851.37
  805.05
  949.18
  618.13
  705.49
  566.14
  581.57
  612.32
  761.04
  617.22
  394.23
  586.10
  472.98
  399.66
  451.63
  603.32
  602.70
 1050.30
 1396.11
  959.66
  933.69
 1683.21
 1994.38
 1723.62
 1870.19
 1661.75
 1553.18
 1638.64
 1613.30
 1985.44
 1355.16
 1010.54
  460.06
 1367.51
 1553.75
 1464.80
 1327.58
 1171.55
  832.52
  730.38
 1080.63
  941.31
 1132.42
 1247.22
 1394.38
  656.98
  637.53
  707.30
  807.82
 1464.24
 1408.90
 2164.96
 2151.40
 1251.29
 1460.81
 1471.97
 1648.86
 1352.36
 2069.93
 1677.86
 1341.45
 1629.83
 1697.96
 1647.76
 1887.49
 2199.57
 2301.06
 2402.74
 1443.34
  960.93
  915.65
  698.41
  385.39
  487.36
  402.67
  414.87
  472.24
  453.81
  820.48
 2138.80
 1646.88
 1440.42
 1228.53
 1265.71
 1398.82
 1265.14
 1162.18
  770.90
  912.60
 1038.29
  611.08
  650.01
  502.94
  594.31
  321.40
  343.43
  604.93
  424.67
  584.23
  558.04
  754.50
  300.36
  198.78
  435.74
  678.78
  650.89
  242.05
  232.00
  294.81
  313.07
  528.19
  565.77
  638.04
  440.16
  313.35
  356.54
  263.06
  839.57
  882.49
  533.86
  462.81
  673.20
  349.49
  281.81
  339.21
  290.13
  395.05
  330.97
  302.85
  306.76
  364.81
  493.11
  782.31
 1231.50
  852.76
  516.02
  341.47
  214.61
  638.46
  748.98
  695.86
  800.94
  581.49
  353.14
  462.50
  545.47
  330.23
  592.53
  360.59
  490.16
  507.61
  336.89
  547.19
  493.48
  413.14
  477.65
  524.48
  386.24
  285.92
  319.13
  355.12
  445.79
  454.26
  535.98
  318.73
  664.17
  419.63
  527.00
  507.38
  462.50
  462.81
  363.96
  362.80
  596.78
  423.42
  415.55
  551.07
  547.82
   84.02
  239.90
  596.78
  325.84
  350.48
  510.67
  339.77
  246.55
  362.43
  543.91
  464.06
  559.40
  492.94
  425.38
  323.10
  462.98
  475.04
  509.56
  570.10
  417.67
  720.38
  641.24
  529.19
  677.28
  701.89
 1382.20
 1471.34
  628.32
  483.96
  383.55
  262.95
  311.29
  482.94
  303.81
  637.87
  616.15
  797.29
  677.57
  768.21
  758.07
  900.56
  725.42
  646.25
  508.80
  586.98
 1406.10
 1277.32
 1200.29
 1074.74
  953.80
  726.30
  935.79
  581.26
  542.55
  553.79
  311.29
  334.59
  252.61
  249.56
  316.72
  322.56
  373.30
  347.87
  417.39
  391.82
  302.91
  205.58
  449.56
  481.67
  213.62
  229.39
  213.34
  325.13
  378.17
  431.61
  320.63
  292.51
  433.19
  368.69
  444.06
  669.78
  566.11
  409.43
  370.24
  327.91
  455.48
  632.82
  841.15
  333.03
  299.90
  442.88
  452.05
  322.76
  413.99
  422.77
  302.45
  443.61
  332.38
  402.95
  401.22
  415.80
  335.02
  345.52
  484.67
  584.74
  407.96
  288.21
  313.58
  355.43
  313.75
  380.81
  441.88
  190.20
  379.98
  346.65
  304.49
  369.42
  312.08
  346.09
  328.87
  324.28
  322.10
  262.89
  378.37
  313.18
  313.21
  516.13
  293.99
  278.61
  357.64
  282.91
  298.83
  410.99
  320.09
  311.15
  389.10
  352.60
  416.94
  430.10
  295.66
  329.49
  323.41
  373.27
  369.28
  367.41
  464.31
  689.03
  483.99
  702.31
  752.77
  567.50
  967.78
 2818.69
 4148.47
 4983.48
 3845.68
 3527.97
 3588.99
 3144.64
 2934.22
 2823.47
 2549.68
 2306.38
 3233.73
 3073.11
 2946.03
 2569.75
 1856.48
 1954.17
 1916.85
 2361.31
 2149.36
 2236.58
 2023.83
 2505.67
 1658.04
 1428.19
  860.80
 1840.06
 4134.06
 5750.56
 6016.57
 6097.32
 5814.41
 5098.56
 4288.67
 3659.41
 2553.64
 2693.39
 2205.32
 1411.85
 1577.98
 1667.78
 1532.39
 1501.19
 1258.57
 1162.07
 1259.28
 1270.94
 1620.52
 1512.69
 1222.52
 1248.29
  619.97
  744.65
 1026.88
  996.30
 1069.95
 1215.25
 1470.01
  939.84
  476.66
  772.46
  759.88
  917.61
  799.53
  908.40
  653.30
  608.73
  654.06
  843.11
  799.21
  696.93
  782.37
 1064.09
  905.15
 1170.39
 1099.88
  853.27
 1058.26
 1473.33
 1857.59
 1535.91
 1689.69
 1537.27
 1183.53
 1552.92
 1449.23
 1077.40
  910.41
  873.91
  931.31
  896.23
  829.80
  921.18
 1106.82
 1226.80
 1221.11
 1285.98
 1645.49
 1106.03
 1505.41
  994.43
 1190.02
  893.99
  937.97
 1423.46
 2016.33
 2330.90
 2873.42
 2554.38
 1837.06
 1640.31
 1025.66
 1101.53
 1535.57
 2385.01
 1977.42
 1391.52
 1520.95
 1188.80
 1012.81
  744.31
  829.80
 1792.88
 1817.12
 1159.69
 1163.40
 1433.77
 1348.93
 1044.86
 1273.86
 1400.38
 1402.51
 1394.69
 1073.10
  872.10
  611.36
  494.64
  855.14
  615.66
  495.37
  436.62
  851.49
 3448.99
 3610.00
 4983.71
 4638.53
 5045.21
 6857.38
 5016.10
 3692.43
 3060.63
 2031.08
 1465.88
 2095.50
 2138.66
 1721.15
 2288.85
 2900.83
 2190.79
 2027.34
 2073.33
 1740.27
 1545.85
  904.55
  811.25
  699.23
  955.52
 1414.23
 1268.09
 1050.47
 1230.42
 1046.36
  966.20
  993.78
 1210.60
 1195.93
  769.00
  847.72
 1058.68
 1348.70
  813.77
  724.51
  758.18
  983.08
 1140.40
  980.05
  933.52
  955.24
 1061.12
  920.78
 1097.99
  897.93
  753.43
  814.76
 1005.67
  875.16
 1021.87
 1017.71
  682.83
  683.85
 1063.47
  458.48
  521.00
  469.35
  478.81
  532.30
  650.44
 1178.89
 1199.08
  480.40
  474.31
  356.00
  584.01
  599.75
  680.82
 1179.14
  848.26
  777.81
  898.80
  576.25
  511.46
  477.03
  397.00
  466.83
  670.85
  450.69
  459.02
  529.69
  521.91
  458.87
  733.01
  700.02
  892.92
  982.37
 1410.26
 1287.74
 1010.63
 1140.04
 1041.61
  838.97
  746.52
  733.12
  755.07
  796.30
 1097.93
  870.83
  762.71
  813.88
 1017.17
  770.81
  740.00
  647.61
  791.37
  797.03
  823.03
  720.32
  570.90
  935.56
  901.66
  823.03
  986.84
  749.24
  707.98
  818.47
  996.81
  848.63
  843.33
  873.04
  703.79
  756.09
  784.01
  722.56
  712.68
  599.38
  674.14
  366.73
  467.57
  519.08
 1139.75
  757.36
 1263.58
 1164.45
 1030.87
 1284.82
 2764.09
 3358.21
 2649.75
 3189.67
 2705.05
 1720.67
 1627.14
 2504.46
 2355.57
 2361.31
 2366.30
 2685.43
 1098.64
  995.82
 1715.21
 1871.74
 2117.62
 2079.87
 2109.29
 2088.54
 2125.97
 2353.55
 2440.83
 2531.70
 2301.59
 1679.27
 2560.78
 2630.58
 2073.95
 1958.36
 1946.61
 2288.17
 2429.16
 1278.65
 1386.99
 1762.10
 1762.92
 1715.01
 1826.92
 1739.93
 2215.76
 2378.81
 2299.53
 1937.21
 1927.67
 2417.89
 2179.83
 1727.78
 1663.90
 2076.73
 2312.78
 2850.83
 3121.20
 3474.28
 3575.96
 3519.30
 3372.31
 2824.29
 2554.43
 2687.18
 2690.55
 2001.46
 2146.70
 2178.19
 2127.22
 1929.99
 1862.40
 1930.47
 1741.94
 1630.23
 1483.01
 1610.55
 1801.01
 1826.89
 2133.79
 2724.93
 2755.85
 2768.25
 3267.28
 3295.15
 4993.19
 5852.41
 5711.39
 5701.63
 5362.67
 4753.07
 4481.65
 4546.30
 4016.80
 3522.50
 3525.56
 3933.80
 4596.62
 4456.85
 3847.64
 2916.52
 3475.16
 3453.86
 3483.28
 3689.97
 3861.82
 3723.81
 3202.01
 2449.24
 2402.40
 2617.61
 2393.20
 1848.41
 1904.90
 1442.97
 1370.20
 1353.40
 1421.79
 1345.28
  859.73
  979.20
  761.47
  700.11
  848.20
 2299.47
 2198.77
 2107.11
 2592.52
 3027.35
 3491.95
 4017.11
 5131.18
 5554.18
 5486.19
 5743.53
 5578.48
 5375.16
 5307.91
 5227.63
 4986.74
 4552.84
 4183.53
 4648.07
 4926.48
 5575.56
 6259.38
 6267.93
 5793.66
 5290.04
 4651.78
 4026.85
 3986.13
 3885.18
 3296.62
 2809.06
 2982.78
 2428.28
 2334.78
 1426.29
 1889.72
 1795.63
 1677.35
 1653.39
 1644.53
 1394.49
 1480.94
 1588.94
 1522.31
 1259.14
 1270.75
 1144.82
  939.33
  867.26
  622.32
 1074.23
 1238.38
 1168.41
 1163.26
 1997.95
 1489.69
 1840.82
 1986.82
 1895.36
 1479.89
 1615.16
 1711.50
 1204.97
 1154.73
 1098.41
 1246.88
 1219.15
 1860.42
 1515.26
 1476.02
  734.23
 1059.50
  836.68
  798.99
  687.59
  636.19
  695.49
  655.34
  643.61
  613.12
  583.13
  515.17
  520.97
  563.39
  570.81
  550.62
  485.12
  392.78
  280.11
  259.38
  337.68
  370.33
  374.92
  348.81
  330.43
  309.90
  520.32
  842.68
 1094.13
 1186.99
  999.75
 1063.58
 1198.91
  984.52
 1646.34
 3898.10
 4516.08
 4279.19
 2172.64
 1544.91
 1438.10
  780.64
  782.00
  666.24
  621.92
  756.71
  578.94
  558.49
  544.45
 1106.25
  796.07
  631.04
  685.07
  968.78
  757.99
  460.63
  937.54
  565.03
  570.39
  607.91
  593.38
  501.94
  285.60
  374.01
 1174.81
  872.87
  938.28
  604.28
  522.16
  844.24
  714.35
  774.69
  614.59
  758.33
  848.60
  930.75
  759.51
  654.15
  694.44
  656.02
  684.36
  294.95
  390.60
  365.15
  947.28
  760.59
  875.36
  574.52
  495.40
  408.58
  388.03
  365.46
  371.04
  400.20
  373.07
  428.15
  328.70
  363.70
  374.86
  520.32
  527.32
  393.18
  402.52
  582.99
  287.73
  348.75
  462.39
  417.02
  282.66
  353.45
  327.80
  399.92
  543.23
  325.70
  411.53
  515.79
  629.77
  557.93
  197.34
  573.76
  480.59
  583.24
  486.91
  619.60
  692.15
  613.68
  466.07
  672.24
  526.83
  571.92
  923.58
  582.93
  611.70
  720.24
  555.77
  822.32
  934.34
  672.67
  720.44
  921.12
 1075.28
  674.17
  688.61
  775.12
  657.12
  596.32
  768.24
  862.47
 1115.57
  820.25
  849.28
  740.15
  606.94
  752.21
  825.55
  617.62
  794.91
  707.72
  850.75
  732.25
  704.10
  696.11
  692.60
  713.95
  534.08
  596.78
  582.42
  529.24
  777.04
  703.25
  759.43
  844.52
  624.92
  507.69
  436.31
  552.09
  548.98
  530.91
  742.01
  560.90
  462.07
  500.98
  625.46
  528.14
  577.64
  572.85
  498.80
  370.98
  374.49
  802.33
  687.19
  632.60
  609.72
  691.16
  442.48
  410.42
  654.63
  613.12
  675.58
  571.01
  753.17
  373.05
  361.89
  576.13
  619.66
  596.35
  669.75
  834.75
  361.69
  340.51
  772.74
  895.38
  959.83
 1057.66
  972.94
  702.37
  504.04
  886.32
  887.11
  932.30
  900.79
  779.28
  589.90
  719.11
  721.63
  843.13
  883.32
  809.92
  679.63
  490.56
  543.99
  724.97
 1087.45
 1214.03
 1310.42
 1350.97
  994.03
  974.98
 1030.14
 1152.47
  881.14
  606.46
  931.85
  875.92
  824.19
 1185.91
 1593.22
 2490.66
 2571.79
 2623.24
 2692.88
 2534.78
 2508.65
 2361.54
 2619.08
 2506.35
 1436.66
 1099.77
 1248.09
 2155.53
 1763.66
 1821.40
 1769.86
 1407.55
  929.95
 1051.32
 1375.52
 1419.13
 1608.37
 1467.78
 1308.21
  947.85
  773.98
 1530.02
 1161.25
  967.45
  777.69
  772.91
  821.78
 1765.61
 2629.25
 2649.35
 2496.19
 2555.20
 2516.86
 1998.66
 1932.48
 1700.94
 1883.98
 1979.72
 1885.48
 1853.88
 1188.23
 1113.28
  895.15
 1048.12
 1339.16
 1040.36
  960.39
  721.94
  586.39
 1099.03
 1003.32
 1172.80
 1383.08
 1331.54
  800.06
  801.93
 1205.93
 1275.08
 1557.34
 1777.45
 1670.50
 1340.46
 1417.14
 1395.54
 1312.17
 1400.52
 1541.74
 1397.18
  762.26
  644.21
  704.21
  714.49
  624.33
  589.10
  624.27
  723.69
  678.33
  843.02
  720.81
  549.35
  976.56
  828.01
 1438.86
 1886.50
 1589.88
 1302.46
 2332.54
 2752.82
 2287.69
 3019.71
 3319.90
 3854.43
 4601.49
 5495.42
 7142.47
 7094.05
 5967.83
 4974.93
 5099.89
 4381.38
 3497.87
 3401.22
 3089.59
 3043.72
 2544.13
 2799.35
 2443.35
 2838.20
 2275.15
 1495.87
 1551.54
 2415.37
 2690.30
 2912.05
 3498.15
 3534.23
 2677.19
 1599.56
 1940.72
 2054.87
 2670.59
 2851.73
 2878.07
 2851.05
 2600.08
 2324.11
 2469.97
 1709.69
 1478.20
 1585.09
 1804.46
 3315.70
 4121.55
 4558.08
 4358.78
 4114.07
 4100.28
 3835.74
 3303.98
 3063.34
 1736.11
 3050.80
 3390.32
 4890.15
 5274.64
 5279.59
 4209.53
 3580.78
 2144.77
 1620.54
 1666.93
 1408.62
 1029.77
  793.89
 1522.31
 1280.03
 1183.87
  969.12
  908.63
  633.96
  630.13
  600.26
  614.22
  635.35
  601.05
  501.15
  477.54
  352.94
  517.80
  616.40
  859.10
  493.00
  632.85
  570.56
  563.11
  452.22
  599.95
  542.07
  506.87
  490.25
  504.86
  475.67
  562.09
  496.14
  630.16
  522.16
  540.29
  461.20
  459.13
  618.72
  463.83
  487.79
  589.90
  561.07
  298.74
  422.35
  644.04
 1002.19
  756.34
 1064.80
 1351.08
 1238.52
 1310.98
 1252.00
 1718.27
 1821.17
  990.83
 1003.75
  781.66
  670.20
  477.05
  850.38
  647.38
  514.80
  585.05
  527.43
  645.26
  676.60
  577.86
  956.60
  841.18
  898.15
  737.51
  777.55
  689.26
  705.74
  803.92
 1057.35
  973.65
  953.85
  892.77
  514.35
  614.39
  912.99
  825.46
  770.95
  644.49
  548.33
  733.77
  809.27
  654.35
  661.79
  547.59
  620.73
  680.96
  877.03
  904.41
  974.95
  850.95
  676.52
  637.04
  585.00
  617.17
  611.16
  748.13
  689.94
  659.27
  509.84
  666.18
  793.89
  604.17
  665.79
  613.94
  629.06
  552.29
  556.96
  640.64
  661.09
  635.94
  609.97
  719.64
  988.80
  871.48
 1680.92
 3169.08
 4181.66
 2693.19
 1956.24
 1220.51
 1252.60
 1042.94
  848.32
  914.10
  675.67
  719.73
  690.05
  500.50
  813.88
  970.28
  990.33
  985.94
  733.43
  613.94
  608.19
  764.81
  886.06
  781.40
  788.60
 1025.75
  525.90
  553.23
  719.73
  695.15
  728.56
  703.08
  612.72
  509.70
  544.65
  698.21
  689.54
  687.33
  739.78
  861.03
  688.64
  537.45
  653.86
  666.61
  635.63
  686.94
  925.51
  839.62
  784.21
  936.04
  999.73
  886.66
  894.08
  898.30
  961.36
  909.37
  988.60
  855.34
  981.66
 1334.88
 1030.48
  796.64
  971.47
  889.49
  888.36
  918.60
  964.61
 1006.13
  848.20
  852.22
 1161.53
 1267.80
 1402.45
 1165.83
 1599.87
 1220.94
 1238.07
 1383.50
 1788.38
 1733.90
 1800.47
 1726.25
 1685.39
 1788.97
 2694.29
 2771.91
 3289.77
 4269.73
 4664.44
 4697.31
 4623.89
 4342.45
 3581.88
 3912.03
 3585.45
 3205.95
 3315.11
 3474.19
 3442.96
 3372.14
 3324.03
 3335.58
 3172.96
 2436.81
 2601.64
 2533.65
 2626.50
 2381.59
 2893.33
 2890.36
 3239.36
 3095.57
 2957.38
 3015.29
 3094.78
 3145.75
 2996.38
 2666.88
 2598.01
 2639.67
 2713.77
 2685.60
 1981.27
 1901.99
 1593.39
 1248.91
 1564.14
 2054.16
 2151.83
 2633.16
 2200.05
 2289.50
 2476.36
 2636.02
 3118.42
 3544.19
 3288.46
 2899.08
 2813.90
 2901.60
 2915.79
 4276.27
 5209.56
 5186.74
 4955.16
 4694.62
 4704.90
 4384.61
 4181.44
 4233.65
 4090.91
 3912.11
 3901.33
 3894.93
 3289.34
 2757.81
 2096.64
 1810.01
 1879.22
 1374.30
 1719.12
 1916.60
 1688.45
 1162.52
 1286.86
 1331.80
 1825.53
 1286.46
 1773.85
 1726.05
 1813.86
 1682.11
 1675.05
 1477.46
 1222.64
 1478.79
 1567.34
 1360.51
 2079.67
 2016.84
 2016.95
 2123.74
 2135.66
 1575.95
 1604.29
 1832.58
 2515.70
 2728.10
 2497.26
 2705.36
 2484.63
 2719.32
 2113.40
 1820.63
 1743.52
 1671.26
 1852.37
 1878.96
 1284.40
 1446.11
 1898.30
  975.29
 1110.25
  826.80
 1313.79
  864.49
  671.87
  503.13
  514.23
  495.49
  402.61
  308.03
  307.44
  385.39
  216.11
  398.30
  251.99
  208.38
  235.82
  271.73
  266.49
  256.52
  187.40
  180.07
  412.97
  307.18
  310.98
  321.96
  337.17
  318.76
  264.00
  213.42
  201.02
  440.41
  348.64
  390.18
  328.42
  179.95
  398.67
  303.98
  255.28
  249.84
  292.65
  243.50
  323.15
  246.05
  234.83
  258.11
  276.85
  154.30
  386.81
  286.34
  689.97
  419.94
  519.98
  419.85
  306.39
  254.12
  237.13
  246.75
  330.77
  254.88
  345.44
  470.54
  313.52
  319.53
  359.34
  513.95
  266.83
  374.55
  355.91
  380.81
  403.91
  532.64
  604.31
  472.13
  465.64
  488.32
  515.71
  477.08
  445.51
  682.69
  642.57
  580.04
  611.45
  411.13
  387.26
  474.99
  462.50
  484.44
  551.24
  585.82
  472.04
  437.72
  487.76
  498.49
  672.53
  623.48
  558.41
  691.98
  532.67
  539.58
  505.26
  514.66
  582.90
  585.68
  586.36
  568.38
  604.73
  591.65
  589.56
  610.17
  474.14
  543.32
  510.58
  551.16
  364.72
  388.11
  573.84
  554.25
  435.23
  451.26
  621.47
  785.08
  669.01
  564.35
  515.71
  341.93
  449.44
  843.22
  765.69
  626.93
  960.96
  981.66
  676.15
  741.96
  791.88
  733.29
  889.80
  762.83
  783.70
  821.53
  887.00
 1121.86
 1186.90
 1066.75
 1005.05
 1302.35
 1047.58
  586.47
  777.24
  903.62
  856.39
  911.69
  892.15
  547.19
  468.50
  921.18
 1084.79
  813.49
  760.85
  855.23
  502.09
  336.46
  634.92
  911.52
  915.97
  907.07
  879.63
  495.83
  619.88
  715.17
  671.53
  518.91
  713.53
  539.63
  577.61
  889.09
 1014.39
 2113.43
 1959.75
 1602.48
 1733.56
 1528.88
  789.90
  936.86
  827.33
  948.36
  997.35
  784.66
  574.24
  577.35
  918.60
 1035.26
  909.68
  987.07
  875.33
 1098.18
 1023.14
 1338.40
 1111.55
 1215.33
 1353.18
 1202.45
  597.49
  528.68
 1241.38
 1234.33
 1198.51
 1217.11
 1454.44
  851.01
  824.59
 1147.14
 1130.10
 1180.16
 1234.61
 1083.97
  594.94
  590.92
 1129.98
  794.54
  838.12
  792.28
  698.89
  711.09
  713.07
  958.75
  980.47
 1071.74
 1022.72
 1016.63
 1093.23
 1051.21
 1233.28
 1256.93
 1174.87
 1411.79
 1452.43
  953.82
  779.79
 1379.82
 1281.17
  863.66
  764.30
  720.04
  952.89
  784.77
 1276.83
 1005.47
 1032.18
 1136.61
 1074.31
  553.88
  530.23
  622.15
  725.25
  663.92
  852.73
  576.13
  537.57
  536.72
  849.28
 1234.19
 1270.69
 1061.17
  764.24
  538.67
  652.53
 1316.31
 1495.44
 1925.55
 1633.26
 1953.58
 1813.95
 2153.61
 1917.79
 2237.40
 2134.52
 2540.84
 2483.76
 2663.65
 2520.62
 2711.96
 2493.44
 2715.39
 2620.44
 2908.73
 2970.52
 2433.15
 2065.03
 1977.00
 1913.88
 2121.70
 2270.93
 2309.35
 2279.02
 2771.26
 4257.38
 5930.00
 6996.53
 6974.50
 6579.53
 6311.29
 5928.08
 5571.51
 5078.88
 4320.90
 4265.28
 3924.80
 3980.19
 3877.85
 3724.97
 3664.09
 4232.01
 4622.92
 4709.52
 4712.21
 4664.38
 4425.50
 3839.93
 3692.74
 3677.40
 3384.37
 3769.60
 3903.11
 4003.35
 4018.05
 3701.10
 3305.23
 3249.84
 2585.02
 2732.58
 2767.15
 2764.49
 2662.52
 2631.48
 2668.98
 2672.06
 2971.63
 3140.28
 2823.81
 2266.28
 2144.29
 1826.27
 1822.44
 1848.16
 1552.05
 1585.91
 2006.48
 1860.22
 1716.06
 1999.76
 2192.29
 2484.89
 2473.34
 1991.95
 2546.28
 2349.45
 2087.94
 2421.60
 2528.10
 2514.82
 2358.93
 2020.41
 1961.54
 1895.08
 2510.12
 2242.58
 2189.83
 1484.57
 1653.87
 1712.23
 1688.70
 1187.30
 1407.91
 1290.54
 1234.61
 1352.24
 1029.94
 1189.62
 1474.77
 1886.55
 1706.80
 1894.20
 1771.79
 1784.53
 1695.22
 1291.45
 1536.84
 1490.63
 1304.25
 1537.77
 2492.90
 2237.51
 1888.03
 2135.54
 1892.39
 1384.81
 1525.17
 1615.42
 1884.85
 3133.80
 3984.92
 4109.23
 4257.30
 4202.47
 4232.38
 4802.57
 5224.94
 6333.26
 6446.64
 5704.26
 5181.70
 4593.13
 3365.83
 3068.53
 2345.51
 1841.22
 1832.52
 1606.27
 2041.33
 1751.57
 1445.21
 2300.55
 2240.15
 2030.91
 1869.70
 1325.09
 1638.21
 1786.17
 1260.47
 1036.91
  903.79
  842.31
  852.28
 1005.81
 1385.23
 1484.17
 1437.28
 2213.75
 1795.03
 1308.12
 1381.21
 2083.81
 2488.80
 1933.84
 2034.00
 1544.88
 2063.31
 1365.89
 1826.15
 1906.63
 2162.44
 1589.99
 1424.62
 1603.67
 1570.68
 1544.06
 1457.33
 1789.68
 1284.40
 1282.67
 1271.94
 1208.62
  971.83
 1084.93
 1650.96
 2242.61
 3385.34
 4527.44
 4959.72
 5271.97
 5203.73
 5286.61
 5783.21
 5946.25
 5070.61
 3113.35
 3216.09
 3025.74
 2974.68
 2596.43
 2397.05
 1432.44
 1377.59
 2040.40
 1291.19
 1897.74
 1667.72
 1168.47
 1082.35
 1081.31
  919.22
  665.19
  850.35
 1163.91
 1461.23
  946.52
 1150.57
 1132.79
 1021.39
  970.73
 1498.19
 2072.79
 1301.58
 1262.85
 1555.61
 1713.31
 1276.81
 1238.55
 1095.24
 1075.25
 1025.13
  983.47
  999.27
 1123.98
 1310.33
 1565.72
  980.10
  732.42
 1013.60
 1057.89
  844.75
  998.65
 1007.20
  643.81
  806.92
  848.46
 1176.88
 1259.53
 1325.71
 1128.31
  794.15
  717.15
 1016.55
  963.23
 1051.55
 1355.10
 1089.97
 1008.50
  781.18
  948.44
  968.58
  976.56
 1158.47
  948.93
 1064.32
 1706.17
 1312.74
 1466.44
 1336.81
 1174.98
  978.74
  897.53
  882.86
 1014.96
  970.70
 1031.55
  993.75
 1069.24
 1159.94
 1060.83
 1409.24
 1255.99
 1112.23
  911.86
  835.97
  787.80
  484.87
 1030.14
 1073.55
 1099.17
  956.49
 1005.76
 1125.57
  615.69
 1019.10
 1101.19
 1132.53
 1040.81
 1364.45
  790.69
  904.10
  926.47
 1006.52
 1015.70
  941.90
 1357.79
  984.75
  903.19
 1244.10
 1164.28
 1226.88
 1187.24
 1155.41
 1006.52
  971.15
  758.64
 1135.68
 1419.16
 1285.10
 1271.65
  488.72
  530.43
  679.43
  975.94
 1038.04
 1093.23
  667.23
  642.68
  988.80
  967.25
 1845.27
 1534.38
 1217.14
 1437.48
 1387.78
 1499.24
 1397.12
 1419.04
 1806.53
 1456.08
 1461.86
 1879.16
 1852.12
 2635.25
 2588.95
 2345.68
 2558.71
 2725.33
 2724.96
 2736.88
 2727.59
 2720.65
 2729.15
 2737.98
 2557.10
 1807.21
 1812.08
 2558.31
 3337.54
 3608.10
 3102.25
 2750.76
 2733.23
 2727.22
 2763.30
 2763.30
