19850101
  543.57
  959.46
 1137.40
 1012.10
  872.16
 1110.39
 1045.37
 1036.76
 1063.64
 1222.35
  872.87
  650.95
  506.53
  861.91
  848.46
  748.27
  687.87
  546.03
  414.02
  544.28
 1234.84
  959.01
  616.60
  639.14
  485.29
  287.08
  408.95
  605.05
  644.92
  589.70
  522.56
 1279.58
 1985.49
 2003.19
 1852.40
 1603.92
 1299.40
 1240.16
 1241.58
 1242.51
 1119.82
 1070.60
 1172.80
 1236.14
 1239.34
 1089.01
 1069.56
 1010.32
  988.48
  868.14
 1059.53
 1196.87
 1119.34
  741.56
  540.14
  841.24
  737.77
  837.36
  834.87
  822.60
  925.25
  572.60
  750.51
  675.47
  721.97
  853.04
  849.39
  442.34
  301.94
  437.27
  506.76
  667.68
  807.74
  687.16
  449.19
  324.60
  582.14
  441.97
  547.45
  531.88
  446.92
  275.15
  274.56
  404.22
  355.04
  450.95
  679.49
  674.05
  414.62
  506.76
  432.65
  282.23
  235.14
  244.01
  260.03
  216.51
  223.59
  215.80
  243.41
  239.39
  241.51
  188.53
  185.36
  186.89
  190.54
  187.00
  174.74
  185.36
  175.79
  172.39
  173.78
  245.88
  341.81
  208.50
  179.47
  191.96
  185.59
  180.41
  195.50
  194.57
  184.43
  178.40
  185.96
  183.46
  180.52
  257.20
  181.45
  187.00
  187.12
  181.00
  183.58
  172.96
  399.27
  628.15
  666.86
  372.73
  342.75
  177.35
  176.75
  178.62
  228.43
  325.87
  419.57
  348.67
  237.86
  186.18
  174.86
  311.71
  389.13
  385.93
  652.82
  441.40
  168.12
  695.07
  683.51
  677.85
 1022.83
  525.28
  185.36
  199.41
  492.01
  515.59
  500.73
  426.28
  187.26
  200.34
  166.73
  496.37
  466.75
  207.31
  305.00
  281.64
  404.00
  324.82
  430.64
  607.88
  832.18
  787.58
  412.24
  198.70
  200.46
  397.74
  365.29
  510.18
  431.24
  395.25
  205.30
  206.60
  436.19
  483.85
  436.79
  528.59
  699.31
  362.68
  236.22
  586.05
  564.69
  603.74
  284.95
  497.07
  501.09
  486.94
  676.43
  761.02
  657.06
  709.00
  858.60
  607.76
  667.34
  613.17
  815.41
  854.57
  800.89
  785.08
  594.88
  518.20
  478.33
  442.45
  359.14
  319.64
  412.24
  561.98
  634.18
 1039.82
  794.66
  802.56
  881.36
  538.02
  551.36
  788.85
  730.09
 1022.01
  807.26
  695.29
  774.24
  477.25
  347.25
  903.90
 1097.05
 1104.58
 1111.92
 1130.21
  878.30
  444.69
  603.86
  736.35
  724.09
  816.94
  687.05
  499.08
  593.83
  758.89
  774.69
  781.77
  757.48
  783.07
  273.74
  229.03
  524.46
  536.83
  808.45
  822.01
  846.08
  382.76
  247.55
  447.52
  469.83
  509.48
  600.32
  477.25
  395.61
  194.45
  553.37
  692.72
  806.80
  694.47
  703.33
  550.65
  497.78
  672.19
  659.78
  772.71
  710.27
  624.50
  435.97
  311.60
  521.03
  467.60
  520.80
  700.73
  685.64
  589.10
  441.86
  426.17
  495.06
  681.84
  756.88
  673.46
  319.87
  303.36
  484.70
  507.10
  447.77
  455.56
  457.54
  328.25
  222.06
  480.90
  611.87
  785.68
  799.72
  785.91
  742.27
  603.52
  731.51
  752.29
  703.33
  664.74
  624.61
  483.99
  334.73
  481.98
  676.55
  670.51
  634.67
  644.92
  589.47
  430.90
  609.41
  726.70
  655.65
  439.73
  625.58
 1065.79
 1044.55
 1025.89
 1022.12
 1006.66
 1078.05
 1098.47
  870.26
  559.97
  606.80
  638.43
 1060.35
 1048.32
 1152.98
  893.40
  537.54
 1021.42
 1041.58
  780.02
  940.60
  929.50
  653.07
  571.66
  471.25
  524.68
  960.88
 1028.13
  642.31
  412.01
  375.91
  369.42
  456.13
  410.59
  472.07
  636.19
  396.44
  362.94
  718.31
  627.70
  674.76
  632.99
  587.23
  414.73
  239.05
  409.07
  582.73
  472.66
  457.09
  440.21
  252.95
  241.06
  438.09
  413.09
  421.21
  367.18
  384.17
  268.53
  176.50
  980.70
 1186.96
  856.10
  533.18
  443.75
  283.88
  286.59
  375.91
  304.41
  291.66
  463.35
  722.56
  461.45
  418.15
  483.99
  975.74
 1137.52
  978.46
  794.77
  424.04
  330.37
  529.30
  999.24
 1213.86
 1212.44
 1224.48
  915.12
  766.79
  814.70
  848.91
  799.84
  727.26
  702.37
  510.64
  362.12
  352.43
  901.41
  967.02
  890.93
  839.11
  373.56
  262.53
  637.95
  576.96
  459.44
  764.92
  658.96
  398.45
  289.31
  525.16
  542.04
  546.63
  994.52
 1201.57
 1025.18
  847.75
  477.96
  355.15
  347.11
  299.82
  349.94
  176.39
  178.06
  197.99
  184.65
  177.80
  176.27
  204.11
  183.12
  181.00
  188.53
  198.93
  195.16
  190.66
  173.33
  184.06
  188.53
  188.68
  185.70
  178.17
  178.88
  178.51
  172.14
  175.56
  190.20
  183.01
  178.62
  168.60
  178.99
  176.05
  180.75
  181.45
  173.92
  168.15
  192.07
  183.01
  165.31
  195.75
  177.91
  189.24
  194.57
  208.50
  228.32
  211.90
  211.07
  203.40
  220.64
  214.02
  219.57
  201.05
  212.97
  219.68
  210.73
  229.03
  203.77
  219.82
  215.69
  210.96
  227.95
  211.56
  208.95
  185.84
  181.71
  172.02
  176.50
  177.46
  178.06
  170.01
  166.36
  180.63
  175.22
  182.05
  176.87
  176.39
  180.04
  185.59
  184.06
  235.40
  244.94
  182.42
  378.51
  342.15
  356.79
  223.59
  440.81
  288.49
  344.64
  244.35
  555.24
  408.70
  385.11
  454.49
  365.66
  297.21
  393.26
  436.67
  247.77
  269.72
  283.65
  398.93
  392.67
  388.76
  498.15
  510.78
  358.32
  576.96
  477.03
  430.53
  466.63
  318.56
  499.57
  639.62
  717.24
  333.80
  288.24
  405.87
  447.18
  479.38
  555.60
  600.80
  484.33
  526.69
  367.07
  272.07
  289.31
  340.62
  485.29
  418.86
  474.79
  339.32
  315.14
  316.67
  327.88
  200.71
  405.16
  416.74
  247.29
  289.20
  368.23
  367.41
  502.28
  537.68
  384.77
  332.61
  287.78
  414.50
  249.90
  273.85
  426.54
  426.99
  517.01
  371.66
  382.28
  466.52
  547.22
  426.99
  448.34
  352.77
  397.37
  577.32
  597.00
  676.06
  573.64
  454.37
  386.89
  418.75
  588.40
  586.75
  475.61
  368.94
  386.64
  344.76
  533.18
  473.37
  514.18
  544.76
  295.57
  348.52
  265.24
  440.21
  586.64
  668.50
  713.95
  325.30
  256.27
  384.88
  403.40
  531.54
  577.32
  534.59
  445.65
  514.43
  485.41
  435.37
  421.81
  324.11
  319.50
  250.60
  248.14
  265.24
  404.11
  548.16
  605.64
  552.77
  176.64
  201.28
  713.58
  675.72
  703.19
  709.22
  687.16
  753.94
  766.68
  693.99
  674.17
  686.09
  658.37
  676.89
  361.15
  352.91
  641.49
  521.26
  766.08
  713.10
  565.86
  530.71
  669.58
  601.39
  601.39
  646.56
  849.62
  843.36
  833.22
  842.54
  846.19
  857.18
  878.56
  899.43
  531.54
  542.38
  546.88
  932.56
 1141.99
 1033.23
 1109.31
 1263.87
 1263.30
 1253.13
 1236.03
 1236.74
 1136.44
 1034.27
 1044.41
 1234.39
 1142.58
  983.67
 1207.83
 1212.44
 1241.21
 1240.28
 1242.29
 1241.21
 1233.09
 1230.25
 1224.36
 1237.22
 1239.34
 1243.00
 1240.87
 1230.96
 1241.10
 1240.50
 1163.34
 1089.97
 1148.47
 1175.74
 1193.33
 1195.57
 1196.27
 1185.88
 1191.43
 1194.15
  991.46
  946.72
  965.12
 1032.97
  999.58
  959.12
  694.70
  761.38
  679.83
  670.88
  747.45
  589.59
  649.05
  504.86
  499.91
  995.11
 1183.05
 1169.15
 1218.81
 1244.41
 1234.39
 1234.73
 1234.50
 1245.12
 1248.07
 1243.93
 1238.52
 1237.45
 1236.03
 1235.55
 1236.96
 1223.88
 1228.95
 1230.74
 1234.13
 1228.13
 1222.24
 1231.19
 1073.10
 1044.18
 1046.42
  648.94
  455.42
  778.71
  947.09
  992.28
 1140.12
 1174.55
 1244.41
  592.19
 1112.26
 1253.39
 1259.05
 1636.12
 2542.03
 2740.59
 2240.94
 2038.59
 2131.55
 2123.17
 1982.18
 1683.55
 1531.83
 1527.35
 1526.16
 1536.90
 1531.01
 1532.31
 1360.03
 1260.47
 1257.86
 1261.40
 1249.00
 1029.20
  899.99
  884.19
  715.23
  647.27
  787.92
  831.81
  767.87
  662.13
  770.33
  477.03
  337.68
  433.73
  648.68
  868.99
  734.11
  682.32
  483.88
  337.20
  314.43
  523.97
  495.66
  416.63
  279.15
  184.65
  173.67
  203.06
  448.34
  542.04
  601.03
  726.55
  806.10
  910.98
  913.22
  900.25
  887.96
  693.17
  883.15
  887.96
  899.06
  826.14
  899.29
  901.30
  901.66
  901.30
  587.23
  647.15
  797.23
  672.30
  847.38
  780.84
  710.64
  350.08
  230.30
  754.64
  768.92
  736.24
  781.66
  670.77
  263.01
  259.47
  640.90
  660.15
  697.19
  873.57
  869.44
  874.99
  322.70
  541.93
  887.03
  885.13
  886.09
  823.31
  500.87
  458.85
  797.60
  813.63
  806.55
  625.80
  480.79
  227.02
  367.07
  745.92
  830.16
  756.17
  675.95
  687.99
  413.79
  409.07
  613.54
  727.03
  815.64
  671.11
  535.78
  449.64
  429.00
  508.29
  760.08
  673.60
  682.80
  396.55
  262.41
  252.84
  697.42
  836.17
  733.07
  673.60
  557.50
  242.70
  418.61
  904.95
 1002.08
 1201.46
  956.63
  808.56
  481.27
  608.10
  960.88
  998.54
  890.08
  965.97
 1003.61
  658.37
  479.04
  891.75
  897.42
  793.24
  875.36
  883.00
  655.65
  512.31
  856.58
  864.49
  906.96
  868.99
  932.22
  931.28
  910.39
  879.01
  911.46
  851.15
  873.94
  931.74
  847.61
  486.94
  845.14
  934.23
  928.31
  838.55
  960.42
  742.72
  677.37
  722.90
  560.90
  882.66
  931.28
  896.60
  472.41
  295.43
  743.91
  783.90
  809.98
  737.43
  717.83
  510.41
  169.90
  655.42
  420.17
  442.22
  414.62
  265.13
  278.58
  262.04
  555.72
  624.16
  642.79
  670.40
  722.19
  364.58
  206.71
  608.59
  727.63
  803.72
  689.03
  477.37
  454.60
  291.66
  680.79
  674.65
  743.69
  763.03
  603.63
  170.01
  200.94
  646.56
  594.06
  493.19
  869.55
  840.19
  610.71
  422.86
  742.84
  754.42
  910.61
  932.56
  808.45
  563.28
  415.92
  723.38
  961.24
  908.26
  859.53
  744.14
  412.38
  205.07
  564.81
  517.15
  598.19
  927.86
 1009.50
  187.26
  183.24
  400.80
  389.84
  405.30
  424.16
  424.64
  285.89
  321.88
  404.59
  379.67
  402.69
  420.73
  674.51
  607.40
  309.02
  451.06
  455.79
  562.68
  696.71
  514.89
  501.69
  317.52
  486.46
  456.84
  604.79
  634.41
  846.90
  765.86
  407.76
  729.05
  686.68
  563.73
  275.98
  310.18
  249.78
  238.94
  605.39
  432.65
  433.02
  449.19
  451.06
  226.53
  194.90
  394.20
  281.53
  280.56
  242.70
  242.34
  266.29
  290.36
  255.08
  270.79
  391.96
  575.06
  685.86
  498.74
  232.57
  336.86
  342.15
  333.09
  315.02
  309.25
  668.76
  294.72
  685.38
  759.00
  705.80
  515.96
  204.11
  197.51
  200.23
  601.96
  923.95
 1000.29
  762.20
  771.52
  412.38
  388.88
  805.27
  802.07
  590.41
  856.95
  769.28
  399.04
  591.71
  529.04
  998.40
 1509.17
 1843.31
 1526.76
 1246.88
 1234.50
 1082.07
  778.60
  924.66
  710.64
  480.45
  349.49
  257.34
  687.05
  846.90
  689.52
  708.03
  982.48
  802.90
  803.97
  891.05
  807.03
  836.05
  798.76
  954.50
  736.12
  539.66
  569.65
  632.29
  615.55
  561.75
  985.79
  341.22
  444.46
  589.92
  531.54
  795.82
  866.27
  764.67
  505.23
  228.32
  395.73
  288.49
  229.25
  200.23
  232.57
  239.28
  196.32
  542.75
  391.14
  305.23
  248.59
  530.46
  487.53
  409.77
  849.73
 1046.53
 1160.88
 1044.18
  605.98
  179.47
  187.37
  180.29
  187.26
  172.14
  189.01
  173.10
  180.04
  180.41
  169.90
  180.89
  166.02
  178.62
  176.87
  166.25
  178.85
  168.37
  158.09
  189.13
  184.88
  181.11
  181.23
  180.41
  178.99
  187.49
  179.10
  164.12
  166.73
  172.14
  181.60
  180.52
  170.98
  176.98
  184.29
  184.65
  178.06
  172.85
  185.36
  184.06
  168.71
  185.48
  183.24
  176.05
  180.29
  183.46
  177.57
  176.98
  161.77
  180.04
  183.72
  175.93
  191.25
  197.28
  185.96
  182.76
  181.82
  183.12
  188.79
  187.12
  185.96
  182.30
  173.10
  185.36
  181.94
  174.52
  183.58
  179.81
  176.98
  183.95
  186.66
  186.18
  184.77
  182.16
  194.68
  180.63
  177.35
  183.83
  176.75
  183.72
  216.14
  223.11
  273.14
  251.54
  263.23
  279.52
  272.07
  284.58
  539.21
  294.98
  278.81
  244.46
  245.88
  245.42
  431.95
  428.18
  488.69
  529.64
  549.83
  384.29
  254.85
  392.90
  364.95
  379.93
  355.97
  390.66
  271.95
  249.78
  287.64
  460.97
  485.29
  484.22
  448.11
  297.92
  281.41
  372.96
  338.50
  376.61
  374.15
  543.80
  532.58
  338.05
  309.84
  325.87
  352.54
  327.43
  324.34
  339.58
  322.70
  354.19
  350.08
  302.88
  346.88
  442.11
  288.61
  316.81
  313.27
  345.95
  328.25
  321.17
  354.19
  285.66
  278.92
  353.73
  448.34
  619.54
  630.53
  657.32
  370.02
  367.89
  675.13
  401.28
  465.70
  403.03
  383.35
  388.17
  321.62
  417.45
  415.44
  413.91
  340.17
  349.49
  339.92
  244.46
  267.37
  281.04
  355.15
  518.91
  437.72
  346.77
  221.69
  356.20
  411.53
  485.41
  381.94
  405.30
  316.55
  330.83
  339.32
  471.36
  636.90
  613.29
  529.04
  267.00
  231.15
  324.45
  657.77
  324.82
  323.04
  363.53
  181.45
  198.44
  224.89
  237.86
  233.84
  215.92
  223.36
  183.24
  191.85
  406.35
  366.93
  393.49
  562.09
  563.51
  292.60
  216.51
  390.77
  350.90
  460.74
  599.27
  520.55
  255.93
  257.09
  269.94
  353.25
  485.52
  521.40
  452.02
  401.16
  329.07
  496.48
  584.15
  664.96
  449.64
  411.19
  357.87
  233.95
  531.05
  610.34
  490.36
  302.40
  290.02
  200.23
  365.29
  747.08
  589.22
  623.91
  562.91
  606.80
  426.17
  225.23
  632.17
  267.48
  474.19
  854.35
  858.11
  447.41
  401.87
  833.59
  877.82
  918.99
  915.82
  910.75
  786.39
  770.22
  701.66
  908.63
  904.24
  953.80
  961.24
  225.23
  232.68
  713.81
  656.61
  564.44
  616.83
 1072.50
  585.11
  641.26
 1078.87
 1063.41
  497.07
  318.93
  842.31
  631.24
  280.11
  647.41
  198.93
  194.57
  192.55
  314.69
  185.70
  289.65
  823.31
 1091.61
 1028.27
  819.29
  470.06
  361.04
  373.19
  973.87
  822.83
  969.63
 1031.21
  975.52
 1098.92
 1027.08
  946.15
 1205.25
 1229.18
 1413.95
 2154.80
 2331.67
 2206.82
 2202.12
 2193.03
 2203.42
 2198.58
 1752.81
 1235.21
 1230.96
 1064.60
 1161.70
 1229.89
 1234.84
 1079.47
  742.01
  427.95
 1145.30
  835.72
  617.53
  423.00
  826.37
  729.16
  383.81
  858.82
 1026.49
 1118.88
  972.09
 1155.92
 1217.14
 1219.86
 1226.60
 1231.90
 1233.68
 1225.18
 1238.64
 1236.74
 1238.64
 1487.94
 1835.64
 1839.41
 1837.28
 1773.34
 1709.63
 1700.79
 1702.92
 1707.87
 1720.96
 1726.03
 1721.78
 1716.37
 1901.59
 2124.58
 2142.17
 2151.15
 2140.81
 1743.50
 1236.40
 1239.23
 1070.38
 1044.89
 1039.34
 1070.60
 1110.02
  869.92
  359.62
  579.08
  742.38
 1129.50
 1058.00
  797.71
 1220.57
 1232.01
 1036.17
  705.46
  682.80
  825.92
 1115.57
  315.96
  208.95
  395.84
  404.59
  185.96
  184.43
  171.69
  644.69
  830.39
  932.45
  937.66
  938.70
  930.92
  684.56
  326.13
  356.45
  441.03
  468.42
  475.50
  435.03
  562.46
  217.33
  217.93
  441.86
  441.86
  753.45
  345.95
  372.96
  186.18
  186.07
  238.34
  237.63
  469.13
  739.78
  851.40
  676.66
  919.36
  980.84
 1478.14
 1934.04
 1544.80
 1242.40
 1224.22
 1208.90
 1213.74
 1127.38
 1105.18
 1146.35
 1102.01
  606.46
  594.88
 1017.88
  982.48
 1010.32
  987.44
 1134.57
  683.26
  424.16
  801.96
  869.33
  874.17
  761.61
  760.53
  569.99
  468.05
  685.75
  683.03
  841.94
  880.77
  897.53
  837.70
  892.58
 1003.95
 1411.48
 1669.05
 1678.14
 2218.03
 3136.09
 2968.68
 2965.26
 3149.06
 4685.96
 4198.09
 3397.54
 3007.62
 2778.82
 2546.99
 2328.35
 2059.23
 2021.48
 1785.49
 1478.25
 1569.35
 1607.09
 1451.61
 1607.46
 2047.68
 2345.82
 2340.76
 2101.82
 1687.91
 1537.97
 1537.72
 1525.09
 1459.51
 1380.81
 1367.70
 1274.03
 1158.87
 1156.86
 1189.90
 1222.95
  903.08
  568.35
 1125.59
 1184.83
 1134.32
 1029.43
 1054.69
 1159.35
 1174.92
 1069.90
 1080.06
 1163.34
 1161.10
 1151.67
 1194.38
 1193.56
 1205.82
  933.04
  450.95
  457.91
  654.12
  870.15
  569.28
 1154.73
 1211.48
 1220.46
 1142.47
 1144.94
  775.66
  759.37
 1171.13
 1201.46
 1217.03
 1141.40
 1121.94
  803.86
  875.22
 1196.39
 1216.80
 1182.82
 1188.97
 1201.57
 1035.46
 1015.75
 1043.25
 1205.96
 1171.01
 1212.56
 1175.74
  742.13
  840.30
 1185.65
 1184.83
 1193.56
 1194.63
  966.43
 1075.22
 1213.49
 1209.95
 1212.07
 1222.58
 1240.87
 1249.71
 1253.95
 1255.74
 1267.89
 1258.91
 1266.58
 1268.82
 1487.12
 2333.31
 3409.94
 3631.41
 3101.88
 2421.57
 2228.90
 2216.73
 2016.16
 1760.49
 1750.46
 1622.67
 1477.20
 1469.05
 1469.53
 1466.33
 1460.92
 1459.39
 1419.98
 1317.81
 1313.19
 1431.64
 1555.19
 1550.46
 1516.14
 1469.05
 1469.42
 1470.72
 1398.74
 1318.52
 1374.90
 1362.75
 1407.72
 1383.50
 1361.22
 1360.85
 1367.70
 1364.53
 1364.65
 1365.10
 1425.53
 1494.53
 1491.70
 1491.11
 1491.36
 1497.37
 1496.55
 1541.14
 1870.33
 2215.79
 2213.78
 2197.16
 2011.32
 1744.91
 1711.87
 1761.79
 1963.07
 2155.85
 2140.05
 1809.22
 1929.31
 1925.32
 1760.01
 1633.66
 1474.01
 1467.75
 1557.65
 1667.52
 1668.94
 1672.59
 1730.16
 1784.56
 1777.96
 1656.31
 1524.04
 1610.41
 1705.50
 1629.52
 1551.88
 1551.28
 1563.32
 1577.25
 1618.53
 1678.96
 1865.15
 2031.73
 2034.23
 1625.61
  780.72
  831.81
  793.10
  820.96
  679.12
  677.25
 1073.43
 1201.00
 1407.94
 1660.78
 1650.28
 1642.15
 1645.80
 1814.88
 2135.91
 2273.25
 2273.13
 2048.95
 1807.32
 1792.82
 1671.88
 1564.02
 1663.13
 1791.52
 1506.94
 1187.18
 1179.06
 1554.26
 1787.87
 1996.11
 2223.47
 1992.80
 1665.74
 1651.47
 1649.68
 2083.41
 2809.74
 2807.28
 2419.56
 2124.47
 2379.80
 2758.77
 2772.22
 2745.80
 2701.65
 2428.06
 2161.65
 2456.49
 2963.36
 3111.79
 3114.26
 3115.56
 3461.14
 3645.68
 3909.62
 4284.71
 4309.12
 4116.67
 3989.36
 3614.76
 3179.27
 3144.59
 2867.90
 2568.22
 2558.80
 2443.15
 2147.83
 2128.61
 2376.01
 2376.86
 2365.53
 2128.72
 1655.35
 1417.26
 1317.67
 1348.70
 1334.20
 1341.62
 1443.22
 1622.33
 1859.11
 3117.46
 3196.75
 3096.93
 3081.58
 3070.74
 2739.65
 2126.11
 1539.50
 1380.45
 1390.73
 1284.76
 1163.71
 1196.98
 1204.77
 1070.86
  699.31
  799.36
  851.40
  851.52
  707.58
  876.29
  376.50
  373.56
  604.79
  522.67
  556.79
  615.78
  562.80
  192.44
  190.43
  176.05
  178.06
  404.45
  553.82
  179.47
  185.59
  221.24
  185.70
  180.04
  415.66
  628.41
  451.54
  248.14
  256.38
  303.58
  453.55
  726.55
  873.69
 1070.26
  480.20
  763.73
  873.94
  995.34
  955.92
 1025.44
 1172.69
 1087.25
  669.21
  779.90
  850.21
 1162.89
 1036.62
 1047.13
  765.38
  541.45
  794.29
  901.55
  895.29
 1100.93
  791.23
  956.06
  395.84
  578.74
 1039.94
 1075.93
 1059.16
  898.24
 1060.24
 1102.01
  973.17
  844.92
  947.09
  995.34
  948.98
  861.20
  959.46
  791.12
  792.65
  931.51
  898.58
  770.33
  981.07
  643.02
  686.68
  718.20
  785.57
  712.17
  632.77
  517.01
  564.33
  595.48
  400.68
  706.99
  741.90
  602.10
  661.57
  458.96
  468.76
  405.16
  490.11
  673.46
  658.37
  449.05
  448.82
  797.71
  709.45
  688.92
  527.17
  979.54
  809.64
 1143.29
  713.10
  921.83
  781.54
  791.23
  989.19
  993.81
  795.00
  927.74
  768.80
 1029.54
 1025.30
 1041.72
  942.84
  862.02
  947.09
  975.74
  926.19
  880.54
 1065.19
  972.80
  985.65
 1114.27
 1101.75
 1105.43
 1145.08
  852.11
 1075.33
 1156.97
 1013.86
 1022.72
 1050.92
 1039.71
 1104.02
 1061.29
  854.94
 1025.18
 1086.06
 1051.72
  995.79
  954.62
 1151.31
 1094.67
  955.10
  939.27
  961.36
  949.55
  763.25
  648.94
  643.16
  691.16
  873.35
 1067.43
 1066.36
 1151.19
  621.67
  661.09
 1081.48
  942.84
  841.94
  737.31
  785.08
  881.84
  648.34
  631.24
  644.92
  662.61
  678.56
  855.28
  834.87
  591.48
  539.55
  613.06
  586.39
  628.04
  547.82
  483.03
  434.89
  534.85
  485.41
  514.55
  798.54
  359.28
  455.31
  422.03
  641.15
  529.19
  904.61
  795.82
  818.95
  531.05
  449.90
  731.99
  939.64
  844.55
  856.24
  949.21
  958.41
  647.15
  847.04
  956.29
  959.46
  963.96
  969.85
  966.43
  395.25
  826.26
  827.45
  830.50
  674.42
  637.84
  424.04
  476.66
  937.06
  956.40
  958.75
 1070.86
 1029.80
  950.62
  955.21
  951.33
  944.85
  936.58
  937.17
  969.14
  937.17
  954.05
  961.84
  856.70
  720.18
  521.26
  492.94
  767.87
  465.47
  939.41
  451.77
  744.51
  922.42
  842.31
  630.64
  629.82
  617.68
  840.90
  951.11
  907.55
  902.26
  583.92
  571.66
  666.52
  728.82
  682.10
  731.17
  747.56
  702.48
  595.59
  779.90
  929.98
  927.49
  929.16
 1036.51
 1242.18
 2363.41
 4171.89
 3562.85
 2713.35
 2512.30
 2759.48
 3215.97
 3194.62
 3207.25
 3203.23
 3033.92
 2799.49
 2305.36
 1732.06
 1723.79
 1713.76
 1713.06
 1721.55
 1725.09
 1743.13
 1750.35
 1755.05
 1762.50
 1763.54
 1761.90
 1594.01
 1403.58
 1400.64
 1396.73
 1390.95
 1394.12
 1323.47
 1240.39
 1065.19
  602.44
  598.31
  718.54
  592.30
  602.81
  860.61
  763.14
  589.10
  579.79
  603.15
  608.70
  587.94
  717.72
  665.45
  575.65
  568.12
  595.96
  581.43
  575.43
  638.43
 1126.90
 1146.95
  984.72
 1572.89
 2906.50
 3986.30
 4095.92
 3785.37
 3500.56
 3412.18
 3338.44
 3271.30
 3020.47
 2823.78
 2389.72
 1915.29
 1927.67
 2218.74
 2580.85
 2596.65
 2499.90
 2174.25
 2004.49
 1991.16
 1829.86
 1621.14
 1540.80
 1553.07
 1565.10
 1564.39
 1567.93
 1332.68
 1242.40
 1240.50
 1255.37
 1260.69
  908.38
 1010.80
 1408.54
 1588.24
 1591.89
 1590.36
 1587.53
 1695.70
 1885.19
 2001.66
 2151.37
 1831.99
 1279.58
 1202.42
  734.82
  557.36
  770.22
  901.89
  939.41
  933.86
  910.05
  923.24
  660.49
  581.80
  656.61
  889.52
  801.96
  899.17
  686.57
  666.52
  567.41
  460.97
  738.96
  857.18
  872.27
  548.04
  472.18
  691.04
  739.66
  815.53
  912.03
  909.20
  913.93
  588.28
  486.94
  893.88
  813.29
  968.21
  897.53
  533.29
  428.77
  736.61
  879.61
  875.22
  883.15
  872.53
  867.80
  853.53
  872.27
  615.78
  868.39
  739.30
  551.24
  631.95
  650.47
  381.23
  787.10
  888.55
  944.48
 1005.13
  563.02
  636.08
  903.79
  966.31
  980.58
  736.35
  740.37
  189.61
  196.80
  558.92
  474.68
  614.48
  714.89
 1037.70
  440.10
  587.23
  696.71
  799.95
 1047.61
 1109.91
 1089.26
  639.03
  665.93
  977.04
 1182.23
 1198.74
 1215.87
 1209.50
  888.92
  564.33
  936.69
  985.91
 1013.26
 1094.45
  898.24
  705.91
  709.45
  942.24
 1012.92
  990.75
 1011.99
 1001.71
  841.72
  453.66
  733.89
  817.42
  913.70
  805.84
  993.69
  629.94
  490.70
  862.84
  968.10
  984.01
 1057.15
 1057.04
  514.06
  515.85
  806.80
  902.12
  944.48
 1095.86
 1060.69
  724.68
  631.13
  969.74
 1003.24
 1027.67
  997.23
  925.96
  785.68
  945.78
 1098.35
 1159.80
 1179.51
 1202.53
 1203.69
  648.82
  683.51
 1111.92
 1120.04
 1080.88
 1092.92
 1100.82
  609.18
  619.09
  999.81
 1064.12
 1173.62
 1173.85
 1177.98
  678.56
  690.34
 1089.01
 1113.67
 1076.63
 1174.44
 1158.53
 1035.58
  366.93
 1051.86
 1038.75
 1020.11
 1134.68
 1177.98
  853.64
  773.53
 1071.79
 1052.68
  867.68
  830.62
  937.40
  523.38
  507.58
  754.42
  790.27
  767.61
  950.85
  908.86
  622.26
  473.37
  895.04
  875.36
  909.68
  797.60
  695.66
  480.45
  317.86
  748.16
  769.99
  776.70
  726.10
  663.10
  419.46
  300.98
  863.78
  878.30
  873.94
  880.17
  874.06
  428.07
  420.87
  575.91
  604.56
  648.68
  574.72
  611.30
  593.12
  429.00
  619.09
  763.62
  776.11
  783.67
  769.28
  606.80
  586.75
 1157.56
 1169.49
 1095.98
  868.39
  934.46
  750.06
  739.55
 1133.27
 1158.05
  824.25
  743.91
  781.32
  467.34
  385.34
  842.54
  863.66
  738.96
  727.15
  873.94
 1246.05
 1246.88
 1243.59
 1125.11
 1110.13
  608.10
  666.04
  664.14
 1163.71
 2711.00
 3726.61
 4085.41
 4017.82
 3701.95
 3243.92
 2689.76
 2051.33
 1932.40
 2365.16
 2348.77
 2327.76
 2314.68
 2320.08
 2308.53
 2364.23
 2411.77
 2399.85
 2152.90
 1847.67
 1845.32
 1759.78
 1699.49
 1764.14
 1771.33
 1707.17
 1628.33
 1798.60
 1992.57
 1833.29
 1633.77
 1628.22
 1825.73
 2283.64
 2450.71
 2557.83
 2710.04
 2523.14
 2188.67
 1703.48
 1235.69
 1235.55
 1230.96
 1229.43
 1231.67
 1236.40
 1244.75
 1186.36
  721.37
 1090.31
  875.36
 1158.98
 1193.78
 1022.46
  620.85
  604.79
 1053.98
 1073.80
 1159.69
 1171.98
 1178.09
 1189.68
  803.26
  780.02
  610.23
  595.48
  698.72
  776.11
  587.94
  588.99
  496.62
  328.14
  327.29
  327.06
  396.21
  434.44
  517.15
  637.13
  657.77
  632.29
  594.31
  621.55
  601.03
  273.26
  413.20
  656.24
 1003.12
 1379.03
 1569.83
 1573.00
 1574.78
 1564.51
 1558.96
 1548.93
 1439.43
 1228.36
  699.31
  591.11
 1071.08
 1177.05
 1066.72
 1096.34
 1165.95
  977.41
  860.95
 1085.72
 1217.62
  993.58
  660.15
 1094.81
 1114.98
  675.58
  868.85
  972.20
 1117.10
 1233.57
 1206.78
  770.33
  413.43
  475.95
  953.68
 1188.97
 1013.04
 1042.43
  180.52
  212.15
  279.40
  252.50
  253.21
  292.14
  257.34
  176.05
  178.40
  214.16
  222.29
  209.20
  197.99
  233.02
  177.91
  181.11
  176.98
  153.51
  154.55
  127.91
  121.99
  128.95
  125.53
  122.36
  124.82
  132.86
  219.23
  190.20
  187.97
  197.62
  196.58
  194.45
  200.57
  218.15
  212.26
  393.12
  457.69
  583.92
  779.65
  774.58
  810.68
  912.62
  598.08
  647.86
  602.33
  712.28
  567.75
  607.51
  705.09
  362.94
  282.12
  335.44
  322.70
  610.00
  575.91
  632.29
  493.08
  394.43
  418.75
  437.98
  621.33
  770.11
  804.79
  789.56
  704.98
  615.89
  747.79
  999.10
 1132.33
 1160.28
 1078.05
 1163.71
 1167.73
 1161.59
 1153.91
 1135.02
 1143.77
 1147.06
  461.79
  996.53
  921.23
  861.20
  818.47
  837.58
  967.13
  272.78
  679.60
  698.94
  818.73
 1062.11
  952.75
 1133.04
 1170.42
 1183.42
 1136.44
 1018.93
 1085.72
 1085.02
 1096.57
 1132.90
  942.02
  938.70
  879.46
  841.61
  831.58
  748.16
  652.48
  684.45
  689.29
  812.10
  645.85
  603.38
  870.74
  593.01
  545.81
  742.50
  798.54
  919.11
 1087.59
  518.79
  326.72
  788.03
  820.14
  790.97
  812.81
  933.63
  528.34
  779.42
 1137.63
  862.25
  859.19
  935.05
  787.58
  489.77
  473.83
  881.36
  951.22
  713.81
  732.59
  765.63
  543.91
  514.43
  964.08
  933.27
  915.23
 1040.05
 1099.88
  782.62
  867.57
 1019.89
  965.97
  944.03
  751.59
  755.47
  770.81
  630.42
  653.64
  978.94
  957.00
  902.00
  809.98
  998.06
  944.96
  985.31
  976.11
  979.99
  935.65
 1089.38
  638.21
  623.91
 1026.60
 1136.69
  902.00
 1097.16
 1052.57
  562.57
  544.16
  818.58
  891.27
  909.91
  905.32
  731.40
  309.47
  519.84
  892.80
  910.39
  903.68
  908.15
  881.96
  896.45
  891.27
  893.28
  897.64
  890.56
  899.99
  902.12
  900.14
  913.22
  906.03
  910.27
  903.53
  901.18
  864.03
  933.63
  976.93
  923.50
 1024.25
 1124.66
 1132.33
 1049.25
  959.60
  960.05
  890.23
  925.73
  997.83
 1050.92
 1144.82
 1248.29
 1248.43
 1261.18
 1280.15
 1266.58
 1250.08
 1275.45
 1279.10
 1261.40
 1225.78
 1229.89
 1230.96
 1241.92
 1239.94
 1241.69
 1255.37
 1246.76
 1260.47
 1440.85
 1699.95
 1702.55
 1689.47
 1684.74
 1678.00
 1660.90
 1653.70
 1649.46
 1539.73
 1372.18
 1373.03
 1371.13
 1373.48
 1358.16
 1354.62
 1299.52
 1244.41
 1245.71
 1239.09
 1235.10
 1233.68
 1460.33
 1722.49
 1736.53
 1917.16
 2381.56
 2617.07
 2617.07
 2779.41
 2945.89
 2947.67
 2929.38
 2937.53
 2932.69
 2910.63
 2828.03
 2719.01
 2659.77
 2599.49
 2482.45
 2413.30
 2153.98
 1734.29
 1865.49
 2060.73
 2051.44
 2038.22
 2043.17
 2048.38
 2065.94
 1953.75
 1817.94
 1820.07
 1824.43
 1811.57
 1804.01
 1644.61
 1359.58
 1217.14
 1203.58
 1426.83
 1676.36
 1668.34
 1560.26
 1328.65
 1231.67
 1240.99
 1227.65
 1228.24
 1232.97
 1231.78
 1216.80
  672.30
  585.82
 1162.77
 1165.12
 1083.01
  971.64
  890.68
  646.22
  707.92
  917.69
  765.74
  847.38
 1074.28
 1205.82
  580.61
  578.85
  786.39
 1162.29
 1097.50
 1227.76
 1371.95
  895.29
  779.42
 1150.26
 1199.93
 1198.03
 1196.27
 1357.20
 1569.69
 1564.02
 1619.72
 1685.22
 1671.88
 1503.28
 1244.75
 1247.24
 1267.66
 1275.45
 1267.66
 1271.91
 1273.07
 1280.29
 1094.22
  762.80
 1050.92
 1687.91
 2885.85
 2937.99
 2515.13
 2249.77
 2370.12
 2708.99
 3128.90
 2761.26
 1827.26
 1201.34
 1180.59
 1106.48
 1150.37
  945.30
 1176.08
 1216.32
 1037.93
  427.10
  672.30
 1123.58
 1139.41
 1134.57
 1136.33
 1124.77
  910.39
  644.69
  953.68
  922.42
  975.88
 1052.08
 1050.44
  380.75
  292.37
  707.92
  768.21
  865.19
  867.68
  854.46
  531.17
  413.54
  420.51
  650.58
  454.37
  551.70
  598.67
  513.61
  376.39
  756.88
  864.85
  410.71
  400.68
  562.32
  574.95
  344.76
  562.46
  639.96
  721.03
 1052.20
  780.72
  376.61
  266.66
  727.63
  608.33
  624.50
  691.64
  699.31
  220.53
  214.73
  243.30
  750.99
  840.78
  905.09
  925.85
  474.31
  332.01
  763.85
  931.74
  942.36
  758.07
  572.23
  562.80
  461.08
  712.17
  687.50
  599.98
  699.43
  711.12
  437.38
  307.61
  718.31
  760.90
  825.55
  519.61
  567.53
  511.71
  362.46
  529.75
  462.05
  542.04
  532.13
  751.93
  252.02
  212.49
  442.22
  505.34
  529.64
  584.74
  746.38
  251.79
  217.56
  576.73
  551.24
  601.03
  586.39
  693.28
  491.78
  453.55
  486.71
  778.12
  820.59
  840.53
  836.88
  397.96
  405.87
  934.12
  919.70
  715.37
  792.65
  787.43
  650.95
  640.56
  808.22
  769.74
  822.38
  795.00
  763.03
  351.36
  369.53
 1006.66
 1018.93
  982.25
  916.28
 1059.16
  614.96
  572.60
  998.40
 1026.97
  971.15
  977.30
  881.36
  702.14
  621.78
 1015.05
  805.73
  795.36
  923.50
 1058.71
  744.62
  345.35
  915.46
 1006.55
  992.51
  891.98
  892.21
  398.22
  512.53
  504.04
 1064.01
 1069.78
 1002.19
  727.63
  355.26
  363.28
  836.65
  892.58
  959.71
  484.22
  418.61
  453.89
  635.83
  799.61
  922.65
 1058.23
 1064.37
  978.72
  462.05
  506.64
  828.27
  938.59
  747.93
  702.03
  767.05
  719.73
  283.39
  695.77
  658.73
  659.67
  739.44
  734.60
  344.05
  330.00
  514.77
  519.98
  494.36
  492.71
  658.25
  345.83
  304.77
  498.97
  546.29
  731.76
  542.04
  521.96
  436.90
  429.93
  605.27
  378.74
  403.88
  545.81
  575.54
  449.90
  278.21
  787.32
  765.26
  533.06
  557.36
  613.17
  325.53
  332.24
  770.44
  769.28
  654.71
  645.03
  607.40
  269.94
  267.96
  756.65
  865.79
  734.23
  787.92
  787.69
  451.77
  431.35
  745.44
  583.44
  478.92
  270.31
  267.00
  299.11
  285.52
 1119.34
 1018.22
 1110.50
 1109.79
 1079.10
  729.87
 1233.20
 1560.14
 1959.64
 1963.29
 1942.31
 1943.02
 1844.25
 1564.87
 1357.20
 1248.43
 1226.60
 1226.94
 1235.21
 1028.84
  755.47
  965.72
 1041.35
 1226.23
 1221.99
 1095.52
 1043.84
  577.89
  613.77
  761.61
 1016.57
 1168.55
 1260.58
 1217.85
 1236.85
 1248.07
 1241.92
 1206.30
 1247.36
 1263.30
 1353.66
 1517.08
 1532.76
 1531.12
 1814.52
 2116.34
 2127.30
 2114.45
 2096.98
 2070.78
 2079.65
 2073.02
 2050.85
 1894.62
 1704.67
 1577.96
 1205.96
 1107.56
 1196.98
 1434.25
 1749.05
 1988.78
 1981.70
 1966.61
 1949.73
 1774.42
 1559.55
 1475.19
 1393.42
 1387.41
 1378.55
 1372.18
 1199.70
 1415.50
 3071.44
 4328.71
 4306.77
 3844.13
 3592.36
 3610.40
 3325.81
 3254.91
 2939.66
 2656.83
 2070.33
 2003.90
 2745.43
 3405.58
 3495.01
 3631.04
 3539.27
 3325.22
 2937.65
 3179.98
 3451.94
 3318.14
 3202.64
 2847.26
 2621.91
 2652.69
 2570.69
 2343.93
 1901.84
 1770.99
 1767.57
 1598.60
 1261.40
 1121.12
 1103.88
  954.05
  862.13
  755.83
  726.81
  819.89
  821.42
  912.28
  484.81
  367.41
 1753.75
 4521.38
 4577.79
 4739.19
 4658.72
 4605.03
 4685.50
 4316.05
 4404.91
 3350.25
 2961.01
 3686.74
 3405.21
 2721.14
 2523.97
 3509.17
 4176.73
 3971.81
 3669.86
 3144.22
 3866.55
 4162.94
 4148.42
 3531.82
 2763.38
 2548.52
 2229.47
 1784.78
 1774.16
 1689.92
 1594.83
 1418.08
 1282.05
 1089.01
  886.32
  886.91
  814.93
  809.52
  810.80
  884.67
  946.15
  796.52
  935.53
  943.32
  819.66
  772.00
  745.92
  741.42
  554.30
  612.83
  544.16
  624.87
  626.17
  651.66
  769.03
  515.11
  436.56
  461.45
  660.72
  496.85
  413.20
  315.14
  218.52
  205.78
  201.53
  537.09
  491.67
  666.64
  753.82
  366.22
  227.72
  522.81
  550.65
  683.14
  844.66
  837.47
  859.53
  863.55
  853.27
  852.34
  914.63
 1042.17
  967.39
  865.08
  868.62
  996.87
 1169.97
 1055.51
  893.76
  892.69
  551.81
  693.65
  987.66
 1281.82
 1478.51
 1516.96
 1271.91
  856.36
  847.04
  842.20
  835.46
  830.16
  840.90
  847.61
  846.19
  847.61
  843.36
  912.62
  855.06
  925.37
  984.83
  970.08
  739.30
 1083.12
 1036.40
 1078.76
 1089.49
 1018.59
  891.05
  892.80
  894.47
  875.22
 1135.62
 1298.33
 1453.59
 1521.10
 1380.33
 1281.45
 1160.40
 1150.60
 1142.95
 1134.80
 1141.28
 1143.18
 1154.28
 1147.54
 1157.34
 1170.08
 1183.16
  982.82
  685.86
  972.34
 1077.12
 1130.78
 1117.47
 1147.54
 1126.30
 1181.75
 1192.62
 1179.99
 1196.27
 1210.91
 1212.78
 1223.15
 1223.77
 1205.00
 1197.69
 1196.98
 1199.44
 1194.74
 1153.68
 1180.70
 1189.42
 1172.32
 1190.24
 1187.67
 1170.56
 1185.43
 1131.85
  996.16
 1084.65
 1113.79
 1117.58
 1126.30
 1075.70
 1046.79
 1190.58
 1131.85
 1129.36
 1081.70
 1167.02
  930.69
  931.51
 1039.34
 1156.52
 1165.72
 1194.74
 1197.58
 1215.02
 1177.87
 1169.15
 1106.96
 1127.83
 1179.51
  988.85
  926.90
  668.28
 1122.06
 1081.59
 1092.69
 1210.91
 1217.40
 1235.21
 1240.16
 1111.55
 1159.32
 1114.98
 1195.08
 1202.05
 1182.94
 1137.40
 1058.12
 1254.55
 1261.74
 1150.97
 1251.26
 1241.47
 1297.99
 1247.02
 1180.59
 1145.19
 1190.24
 1242.63
 1104.02
 1049.85
 1219.63
 1196.39
 1232.26
 1234.73
 1267.18
 1089.38
  666.15
  995.00
 1153.57
 1092.21
 1146.72
 1212.78
  638.06
  345.69
 1112.97
 1058.12
 1159.09
  708.15
  653.89
  653.07
  648.82
 1191.66
 1100.22
 1124.29
 1256.93
 1167.96
 1235.69
 1256.22
  765.74
  946.15
 1014.82
 1065.90
 1268.11
 1096.09
 1215.02
 1291.96
 1291.13
 1293.37
 1292.89
 1286.52
 1290.77
 1121.12
 1066.36
  876.29
  921.01
  900.25
 1148.62
  523.27
  407.76
  810.09
  805.27
  703.56
  382.28
  404.70
  341.93
  319.64
  356.54
  904.61
  744.25
  849.17
  811.28
  348.41
  298.03
  848.91
  825.80
  958.64
  951.93
 1217.40
 1265.42
 1725.80
 2590.17
 2855.75
 2836.16
 2603.73
 2343.70
 2262.97
 2258.38
 2051.07
 1824.31
 1680.38
 1501.13
 1553.41
 1640.25
 1639.55
 1634.82
 1567.34
 1492.89
 1383.99
 1262.70
 1246.17
 1243.45
 1251.12
 1259.17
 1259.99
 1270.72
 1244.53
  811.08
  810.94
 1216.10
  955.69
  795.70
 1008.08
 1863.14
 2429.10
 2406.34
 2355.37
 2289.19
 2122.46
 1980.06
 1801.55
 1607.58
 1607.69
 1601.32
 1430.60
 1218.81
 1216.80
 1212.67
 1219.86
 1234.98
 1384.81
 1550.23
 1738.88
 2191.24
 2493.78
 2521.39
 2466.28
 2417.66
 2157.40
 1832.69
 1564.73
 1156.63
 1129.02
 1133.38
 1145.08
 1100.48
 1164.90
  940.71
  896.00
  452.59
  305.23
  598.19
  634.78
  662.02
  681.25
  337.79
  489.77
  418.38
  396.10
  392.67
  314.32
  309.84
  309.25
  378.85
  274.79
  267.25
  273.03
  271.50
  240.10
  241.06
  240.81
  242.70
  241.29
  242.70
  242.48
  243.30
  243.19
  240.69
  240.69
  239.87
  242.48
  240.47
  242.22
  243.41
  243.19
  242.82
  201.16
  183.35
  172.14
  162.00
  120.57
  122.47
  124.37
  240.21
  242.34
  241.63
  239.39
  498.74
  246.58
  242.00
  649.87
  823.31
  767.98
  578.48
  754.42
  749.46
  806.32
  766.68
  350.79
  371.06
  441.63
  213.08
  188.08
  183.12
  331.53
  425.23
  462.64
  543.09
  537.54
  289.91
  480.90
  775.66
  487.05
  428.18
  442.68
  642.08
  688.92
  267.96
  192.33
  620.37
  656.72
  720.32
  282.57
  196.46
  177.91
  423.70
  529.04
  644.10
  538.39
  742.13
  304.18
  257.57
  598.56
  667.57
  826.85
  833.70
  832.29
  261.11
  361.15
  775.40
  837.13
  850.44
  933.86
  801.96
  270.09
  273.14
  829.57
  844.92
  753.34
  960.65
  902.49
  386.75
  254.26
  625.58
  804.31
 1043.84
  549.57
  590.52
  205.52
  210.48
  509.48
  590.89
  475.13
  481.50
  444.94
  429.71
  571.66
  743.69
  876.29
  636.90
  868.02
  888.21
  538.73
  455.79
  883.37
 1039.23
 1159.94
 1032.38
  844.78
  687.50
  778.60
 1091.73
 1041.24
  999.70
  875.59
  759.97
  815.64
  852.71
  888.55
  910.39
  691.53
  694.36
  704.75
  670.29
  483.17
 1074.28
 1041.72
 1042.99
  975.29
 1004.77
  521.62
  551.95
  543.91
 1079.95
  993.44
  952.15
  911.46
  504.97
  541.79
  912.74
  944.74
  950.62
  951.45
  703.08
  671.22
  840.19
 1088.56
 1064.49
 1045.37
 1037.10
  816.35
  888.92
 1152.72
 1113.45
 1039.00
 1044.30
 1025.55
  912.99
 1125.71
 1139.41
  591.48
  784.26
 1075.11
 1390.47
 1754.34
 1568.41
 1213.60
 1219.27
 1218.33
 1104.84
 1110.62
 1120.64
  783.07
  770.81
 1092.80
 1121.83
 1043.84
 1094.67
 1138.56
 1046.42
  978.94
 1059.05
 1043.59
 1110.13
 1115.80
 1117.47
 1180.93
 1222.35
  893.17
  948.61
  926.19
  925.73
  974.81
 1122.99
 1141.06
 1171.01
 1184.35
 1235.55
 1246.54
 1246.17
 1326.05
 1551.88
 1539.84
 1535.59
 1536.19
 1542.45
 1547.40
 1538.20
 1544.80
 1526.76
 1369.35
 1202.87
 1209.95
 1205.82
 1066.50
 1025.07
 1169.15
 1224.48
 1217.28
 1222.35
 1227.42
 1012.21
 1158.05
 1139.64
 1127.72
 1177.16
 1165.95
 1189.42
 1196.27
  921.71
 1137.40
 1184.01
  922.53
 1194.04
  985.09
  892.21
  870.15
 1190.38
  906.96
 1147.54
 1251.72
 1255.26
 1016.80
  953.80
  830.99
 1116.76
 1099.29
 1098.69
 1220.46
  453.07
  443.98
  656.13
  896.00
 1063.78
 1083.60
 1234.50
 1230.25
 1522.40
 1968.25
 1975.21
 1968.25
 1933.93
 1634.59
 1241.81
 1247.13
 1240.50
 1242.77
 1243.59
 1255.37
 1118.52
 1415.96
 1577.96
 1746.92
 1895.22
 1895.33
 1908.44
 1977.11
 2681.61
 3687.67
 3755.41
 3755.64
 3630.93
 3510.58
 3240.04
 2822.26
 2775.28
 2606.23
 2485.88
 2499.78
 2509.69
 2475.60
 2445.27
 2440.32
 2635.11
 3083.36
 2894.69
 2504.51
 2176.86
 2025.73
 2011.43
 1873.53
 1755.53
 1670.81
 1568.75
 1384.58
 1224.48
 1227.31
 1184.72
 1191.80
 1228.36
  994.15
  986.13
 1054.21
 1114.98
 1127.83
 1069.07
 1167.73
 1246.65
 1445.58
 1674.23
 1657.84
 1654.30
 1466.33
 1258.09
 1250.30
 1248.18
 1236.51
 1241.92
 1254.66
  928.91
  929.61
 1115.68
 1146.35
 1168.18
  726.33
  797.83
  903.08
 1084.05
  899.29
 1158.27
  704.61
  937.06
  648.23
  614.25
  563.39
  748.27
  657.55
  628.86
  322.33
  344.98
  346.88
  359.85
  344.64
  529.89
  345.58
  346.65
  346.65
  353.62
  304.63
  237.38
  212.74
  238.68
  459.21
  864.49
  874.28
  881.25
  511.12
  511.01
  643.39
  804.68
  772.00
  245.31
  656.36
  654.94
  820.71
  366.70
  225.01
  513.72
  551.70
  857.29
  859.64
  868.14
  774.47
  809.38
  707.58
  672.89
  716.78
  782.03
  853.41
  853.87
  750.06
  736.35
  434.07
  641.26
  789.56
  687.50
  450.61
  834.30
  865.90
 1106.71
 1376.31
 1270.24
 1194.97
 1109.68
 1113.93
 1114.04
 1108.12
 1098.58
 1099.06
  993.44
  856.47
 1059.05
 1461.74
 1659.85
 1661.15
 1655.71
 1647.22
  982.59
 1217.51
 1022.95
  863.32
  857.52
  835.57
  827.45
  811.16
  832.40
  853.98
  854.46
  848.20
  819.06
  836.99
  655.42
  751.81
 1012.81
  744.96
  636.90
  346.88
  517.01
  435.03
  417.08
  685.98
  564.69
  596.55
  738.02
  687.76
  491.52
  588.76
  693.54
  657.32
  800.55
  812.35
  879.46
  593.24
  769.99
  718.91
  781.54
  933.97
  766.34
  820.25
  609.75
  631.35
  703.45
  679.72
  816.94
  876.89
 1127.72
 1066.13
  683.85
  991.80
  993.69
  933.27
  958.75
  963.48
  770.93
  742.61
  924.77
 1104.84
 1118.18
 1102.94
 1090.09
  725.51
  944.96
 1086.43
 1108.83
 1113.45
 1136.10
 1143.52
  499.31
  602.55
 1117.81
 1091.98
 1085.61
 1133.98
 1145.19
  639.37
  613.54
  692.72
 1119.11
 1138.71
 1126.78
 1178.09
 1179.62
 1127.61
  721.74
  892.46
  891.75
  893.62
  881.02
  602.21
  692.57
  820.96
  808.11
  892.35
  870.26
  870.26
  602.10
  773.05
  841.12
 1087.25
  741.90
 1092.66
  978.72
  916.16
  899.88
  850.10
  892.80
  891.02
  895.63
  895.75
  905.66
 1160.99
 1222.69
 1102.37
 1229.06
 1244.53
 1128.65
  671.93
  673.35
 1093.85
 1230.37
 1179.28
 1208.65
 1228.47
  645.26
  653.64
 1108.72
 1063.30
 1052.91
 1047.84
 1004.20
  816.94
  906.88
 1128.54
 1140.23
 1142.24
 1146.49
 1175.15
  870.63
 1153.43
 1244.89
 1189.90
 1084.76
  961.02
 1042.65
 1238.27
 1224.82
 1230.59
 1212.41
 1097.16
 1072.39
 1074.99
 1197.46
 1211.96
 1205.45
 1207.37
 1205.96
 1188.01
 1227.90
 1230.59
 1217.74
 1400.38
 1717.19
 1736.53
 1728.52
 1710.56
 1702.07
 1953.64
 2655.53
 3092.20
 2743.31
 2272.43
 2250.96
 2206.48
 2127.42
 1857.59
 1665.63
 1373.85
 1619.84
 2153.50
 2098.65
 2017.35
 2005.77
 2015.82
 1995.86
 1848.04
 1701.13
 1706.68
 1705.38
 1703.37
 1706.80
 1722.26
 1538.06
 1216.21
 1146.61
 1211.85
 1204.40
 1215.39
 1224.70
 1390.58
 1602.03
 1604.97
 1597.18
 1605.68
 1612.16
 1607.46
 1870.55
 2207.30
 2199.74
 2211.21
 2190.08
 2170.37
 2138.52
 1803.90
 1499.24
 1515.32
 1510.22
 1503.03
 1484.51
 1489.35
 1495.84
 1494.42
 1505.97
 1530.64
 1532.05
 2086.61
 2096.27
 2081.29
 2053.45
 2001.41
 2049.80
 2026.55
 2017.35
 1849.32
 1708.27
 1627.51
 1551.28
 1507.39
 1368.41
 1366.06
 1297.51
 1221.05
 1218.56
 1220.57
 1217.74
 1220.46
  895.04
  878.90
  928.65
  974.33
  601.39
 1074.14
 1217.03
 1214.31
 1212.33
 1210.32
 1211.96
 1918.83
 3616.17
 3606.86
 3646.28
 3068.36
 2886.56
 3440.02
 3339.86
 3257.74
 2817.64
 2461.44
 2439.38
 2441.73
 2465.35
 2444.45
 2402.80
 2087.32
 1772.15
 1954.57
 2137.58
 1729.31
 1229.18
 1228.95
 1227.76
 1239.46
 1236.62
 1237.22
 1240.76
 1243.34
 1231.56
 1229.89
 1237.67
 1238.15
 1042.88
  964.42
  422.15
  291.55
  557.25
  519.02
  523.64
  536.97
  562.91
  229.03
  233.61
  379.22
  573.78
  283.88
  281.04
  284.70
  274.19
  257.80
  567.27
  562.32
  787.80
  913.22
  913.93
  700.96
  898.24
  908.63
  909.08
 1065.65
 1209.95
 1239.94
 1641.78
 1848.16
 1846.63
 1830.68
 1800.13
 1554.00
 1044.52
  796.30
  801.37
  813.06
  746.63
  714.29
  665.67
  598.90
  459.21
  525.50
  656.72
  608.47
  573.08
  549.01
  568.57
  246.47
  251.43
  244.94
  794.17
 1072.87
 1290.91
 1295.01
 1296.43
 1634.82
 2221.23
 1729.22
 1390.24
 1246.65
 1243.48
 1247.73
 1248.29
 1106.48
  930.69
  932.11
  932.56
  923.13
 1291.02
 2443.26
 2736.34
 2978.11
 2100.63
 1401.57
 1347.88
 1281.82
 1278.99
 1264.23
 1279.81
 1227.76
 1181.18
 1109.31
  836.54
  998.99
 1103.65
 1213.74
 1280.74
 1342.70
 1345.28
 1281.45
 1254.21
 1144.34
  913.33
  910.87
  727.40
  894.10
  826.03
  847.16
  913.22
  915.94
  846.56
  808.93
  810.94
  791.68
  858.48
  845.03
  842.31
  803.60
  860.61
  907.55
  841.24
  874.40
  870.63
  859.90
  889.74
  898.72
  721.48
  728.45
  686.57
  683.51
  973.28
  740.37
  842.79
  780.72
  608.93
  801.48
  962.18
  993.69
  937.88
  984.83
  935.76
  742.72
  729.05
  996.16
  939.41
  919.96
  995.56
  679.97
  466.41
  777.78
 1063.89
  947.91
  923.72
  977.16
  803.86
  801.11
  724.43
  692.72
  881.48
  868.85
  779.53
  686.57
  522.22
  455.90
  809.04
  863.89
  917.95
  984.49
 1150.49
  523.86
  520.80
  782.25
 1001.11
 1008.42
 1055.88
 1067.77
  868.62
  378.85
  772.00
  819.18
  863.44
 1124.55
  842.09
  740.71
  547.34
  622.63
  876.63
  874.17
  902.00
  882.78
  894.81
  915.34
  771.63
  924.21
  944.96
  885.61
  790.52
  340.99
  332.61
  864.60
  910.16
  879.95
  923.72
  930.43
  581.09
  588.06
 1013.15
  969.23
 1028.01
  878.64
  421.10
  266.89
  623.42
 1287.82
 1294.45
 1275.79
 1285.95
 1290.99
  891.98
  528.00
 1090.43
 1071.20
 1217.40
 1279.10
 1155.44
 1034.98
  995.22
 1115.46
 1119.45
 1120.16
 1167.14
 1165.35
  732.10
  724.32
 1049.96
 1060.13
  909.57
  779.90
  730.35
  468.42
  702.14
  866.75
  754.64
  877.11
  430.53
  534.25
  463.35
  475.95
  628.15
  893.40
  834.87
  522.45
  524.57
  371.32
  447.07
 1016.80
  889.15
  558.44
  661.57
  606.35
  314.69
  313.72
  546.40
  628.41
  675.02
  584.40
  487.87
  259.69
  183.72
  380.64
  384.88
  629.57
  278.10
  268.90
  350.90
  564.69
 1199.33
 1271.31
  925.62
  531.65
  532.84
  262.87
  250.72
  907.07
  904.02
 1066.24
 1489.95
 1849.32
 1846.63
 1834.34
 1697.48
 1548.70
 1545.62
 1542.22
 1536.67
 1415.59
 1276.86
 1274.85
 1280.52
 1280.52
 1262.34
 1230.85
 1231.78
 1234.02
 1340.58
 1478.96
 1520.84
 1751.62
 2089.67
 2070.90
 2039.41
 1910.57
 1847.67
 2136.02
 2506.41
 2524.93
 2538.12
 2523.40
 2501.79
 2445.87
 2223.95
 1977.71
 1979.83
 1984.90
 1970.85
 1957.52
 1834.59
 1675.05
 1690.40
 1483.32
 1260.21
 1253.95
 1263.87
 1374.19
 1542.93
 1549.41
 1432.61
 1275.33
 1186.96
 1009.72
  990.50
 1034.87
 1053.27
  963.59
  817.88
 1089.15
 1185.43
 1538.79
 1846.85
 1818.88
 1568.87
 1270.61
 1016.69
 1076.52
 1083.49
  878.76
  825.44
 1259.99
 1478.03
 1493.01
 1561.79
 1630.57
 1630.23
 1608.88
 1434.36
  773.05
  503.22
  986.36
 1052.20
  824.25
  807.03
  787.32
  236.93
  275.92
  247.66
  407.54
  450.46
  591.54
  815.89
  679.72
  654.83
  622.04
  833.00
  874.88
  884.42
 2298.62
 3755.18
 4546.27
 5105.75
 5021.88
 4167.98
 3166.53
 2997.82
 2825.31
 2921.00
 2915.81
 2590.99
 2398.66
 2135.32
 2130.96
 2115.75
 2112.66
 1889.67
 1631.64
 1629.41
 1616.18
 1799.05
 2006.84
 1996.45
 1988.07
 1842.95
 1562.50
 1382.80
 1307.76
 1204.54
 1200.75
 1208.08
 1306.00
  865.45
 1152.61
 1128.91
  500.02
  584.26
  781.54
  864.60
  807.03
  815.41
  852.22
  820.96
  774.13
  866.86
  801.59
 1238.98
  873.35
 1189.31
 1919.77
 2021.82
 1560.85
 1245.23
 1557.31
 2107.59
 2142.06
 1973.09
 1786.68
 1494.90
 1391.89
 1303.99
 1250.56
  809.98
  976.45
 1128.91
  987.07
  909.20
 1101.41
  975.88
  996.75
  703.19
  819.29
  967.13
  814.34
  971.98
  602.81
  533.89
  507.47
  536.01
  716.53
  820.71
  773.53
  620.73
  484.93
  721.48
  598.08
  792.28
  356.68
  517.38
  587.09
  626.88
  595.96
  659.56
  807.62
  871.82
  876.29
  913.81
  692.12
  594.17
  598.56
 1047.95
 1188.94
 1151.08
 1082.27
 1146.58
  716.76
  646.11
 1051.63
 1100.82
 1075.79
  980.22
  937.51
  552.18
  590.89
  963.14
  876.77
  933.27
 1000.18
  692.57
  699.43
  707.58
 1158.53
 1045.97
 1071.20
  965.38
  988.54
  767.39
  722.45
  836.76
  910.98
  959.01
 1049.96
  702.26
  848.20
  772.71
  823.31
  854.12
  830.62
  580.50
  628.15
  632.17
  619.54
  551.58
  598.67
  517.26
  542.49
  567.16
  607.62
  626.51
  840.76
  892.35
  906.71
  841.61
  797.12
  856.81
  789.33
  833.11
  827.67
  657.77
  637.24
  706.02
  816.23
  784.04
  788.85
  824.50
  772.71
  925.25
 1100.59
  729.53
  739.78
  916.16
  804.68
  738.84
  696.71
  576.25
  441.52
  307.12
  823.79
  570.36
  598.42
  675.84
  746.97
  451.54
  567.41
  713.47
  647.41
  700.25
  806.44
  830.50
  297.69
  303.92
  595.25
  557.73
  534.71
  624.39
  413.43
  323.75
  340.28
  811.05
  904.72
  857.41
  893.28
  948.02
  746.86
  506.53
  571.07
  619.66
  640.07
  853.53
  761.02
  459.21
  423.11
  689.74
  668.05
  599.13
  705.09
  599.38
  313.84
  531.42
  704.04
  677.71
  700.84
  405.87
  508.06
  254.74
  282.35
  357.50
  397.85
  315.96
  372.59
  340.28
  312.19
  370.47
  341.59
  538.61
  701.44
  989.19
  759.49
  667.46
  997.35
 1198.99
 1607.80
 1483.80
 1333.50
 1248.77
  629.34
  673.01
  890.56
  932.11
  593.95
  665.22
 1181.29
 1153.57
  842.31
 1154.62
 1035.80
 1135.73
  927.15
  944.37
  792.05
  605.98
  784.04
 1136.10
  710.27
  513.84
  463.69
 1011.14
 1117.58
 1323.33
 1057.52
  652.36
 1292.78
 1427.99
 1607.80
 1589.40
 1578.07
 1698.78
 1857.70
 1853.00
 1850.99
 2014.26
 2280.44
 1911.05
 1978.05
 1950.92
 1939.48
 1883.30
 1700.65
 1489.58
 1341.40
 1187.89
 1178.92
 1162.52
 1329.36
 1530.75
 1491.36
 1213.97
  881.14
 1009.16
  876.29
  786.39
  913.11
  932.81
  994.29
  725.85
  660.15
  461.22
  833.00
  526.47
  638.66
 1083.01
 1113.45
  727.52
  471.59
  225.01
  218.52
  455.90
 1186.70
  994.29
 1031.55
 1215.27
 1269.30
 1323.22
 1323.59
 1505.75
 1703.37
 1519.20
 1321.58
 1216.10
 1106.85
 1320.39
 1318.63
  903.08
  941.42
 1056.70
 1119.22
  699.91
  659.56
  753.00
  918.17
  815.64
  879.95
 1144.60
  380.97
  344.16
  277.73
  283.99
  279.49
  152.91
  106.90
  284.10
  185.48
  205.07
  187.37
  218.75
  208.70
  212.38
  132.04
  114.91
  136.52
  133.46
  131.45
  129.07
  128.62
  116.92
  124.82
  122.24
  135.58
  107.49
  121.28
  170.01
   95.34
   83.76
   90.27
   94.38
  107.01
   87.56
   91.10
   83.19
   71.27
  456.27
  503.70
  601.85
 1053.16
 1745.25
 1743.27
 1523.56
 1208.65
  712.65
  650.81
  753.45
  413.31
  251.54
  188.19
  382.87
  389.24
  374.38
  374.72
  426.76
  351.70
  347.25
  454.00
  446.47
  431.95
  359.14
  352.43
  152.20
  154.81
  170.61
  442.22
  244.71
  371.77
  392.90
  123.77
   80.59
  275.61
  701.07
  740.97
  735.05
  618.02
  248.48
  230.67
  173.10
  407.76
  504.63
  453.15
  479.21
  200.99
  268.76
  204.48
  603.52
  514.04
  579.02
  537.28
  252.10
  243.35
  571.55
  911.89
 1311.64
 1171.33
 1238.41
  734.23
  685.83
  566.56
  960.42
  981.86
  994.03
 1120.10
  422.54
  499.85
 1460.04
 2150.72
 2148.06
 1998.77
 1542.45
 1329.48
 1213.60
 1177.75
 1157.34
 1192.39
 1170.70
 1187.98
  555.29
 1018.33
 1304.64
 1139.72
  976.90
 1232.01
 1319.76
  779.82
  834.89
  865.70
  948.98
 1023.63
 1095.89
 1143.92
  752.35
  785.71
  955.44
  972.43
  870.63
  918.00
  957.79
  526.16
  555.24
  755.64
  868.25
  870.32
  840.50
  803.60
  578.46
  551.56
  751.22
  733.07
  705.91
  673.26
  804.26
  547.42
  637.53
 1131.51
 1090.79
 1044.61
  935.19
  786.90
  362.94
  284.39
  211.41
  859.93
 1025.69
  874.99
  360.62
  355.12
  319.50
  707.72
  700.13
  447.83
  859.02
  260.54
  270.11
  269.43
  754.08
  619.74
  449.98
  814.96
  799.47
  399.58
  480.08
  907.05
  887.56
  649.33
  451.17
  594.97
  438.77
  236.96
  536.26
  583.92
  602.87
  706.28
  542.58
  547.48
  553.93
  822.38
  942.61
  896.79
  623.11
  633.05
  521.48
  393.12
  597.12
  581.91
  604.17
  644.69
  957.65
  450.89
  287.93
  699.62
  729.24
  751.10
  710.13
  703.33
  378.68
  389.53
  751.50
  829.03
  841.49
  757.25
  727.80
  461.68
  444.12
  778.03
  796.44
  697.30
  638.63
  637.16
  513.70
  515.73
  685.44
  997.74
  958.41
  656.61
  454.71
  514.83
  503.98
  873.66
  804.96
  698.21
  278.58
  414.36
  391.62
  580.07
  935.53
 1049.00
 1085.67
  829.94
  709.73
  491.07
  425.32
  999.41
  791.20
  757.53
  380.15
  658.20
  325.50
  320.74
  855.68
  752.55
  738.39
  874.99
  808.73
  503.11
  365.85
  708.63
 1033.62
 1016.91
  954.70
  413.31
  254.48
  267.31
  449.93
  458.45
  373.36
  375.03
  167.61
  146.77
  187.54
  393.89
  341.93
  308.48
  460.21
  499.34
  223.87
  168.34
  251.26
  798.00
  807.28
  711.57
  911.58
  718.54
  516.67
  558.15
  807.54
  980.64
  811.96
 1108.18
  458.11
  192.98
  665.39
  859.22
  957.93
  955.75
  729.10
  367.61
  194.85
  366.22
  653.41
  301.06
  351.50
  266.40
  210.62
  195.98
  354.73
  330.80
  331.36
  215.86
  170.78
  148.41
  196.80
  505.03
  988.14
 1149.13
 1233.77
 1071.14
  647.35
  286.91
  953.65
  734.65
  705.97
  396.04
  447.80
  197.51
  365.60
  544.16
  507.58
  550.59
  515.54
  359.96
  329.98
  319.24
  688.61
  551.50
  278.52
  262.04
  227.13
  123.86
  144.64
  673.49
  894.67
  876.94
  988.46
  581.34
  298.03
  232.65
  796.98
  764.58
  544.67
  751.19
  709.90
  371.69
  245.25
  409.21
  573.42
  536.35
  256.66
  297.04
   73.68
  165.14
  718.20
 1770.65
 1955.33
 1365.58
 1354.08
 1185.14
  930.18
  825.32
 1036.76
 1067.57
  761.24
  821.25
  439.11
  672.61
  718.57
  898.38
  715.06
  837.44
  256.13
  237.78
  261.02
  937.40
  883.34
  726.47
  834.04
  968.75
  218.92
  238.20
  452.87
  399.78
  403.66
  382.59
  574.38
  183.07
  148.86
  537.65
  452.50
  389.55
  438.57
  495.40
  275.07
  257.94
  200.06
  140.71
  129.44
  279.37
  142.41
  198.36
  170.04
  212.55
  204.22
  297.67
  651.34
  817.00
  642.88
  263.09
  326.75
  127.96
  157.41
  745.70
  659.70
  457.77
  281.81
  147.19
  229.71
  424.13
  306.19
  420.51
  560.02
  537.31
  554.70
  428.69
  386.98
  227.50
  435.17
  387.69
  404.02
  524.26
  283.96
  319.39
  180.41
  499.68
  267.34
  578.06
  372.42
  297.27
  399.64
  259.55
  479.77
  351.92
  345.61
  449.53
  313.27
  412.97
  280.73
  618.07
  330.23
  450.92
  596.61
  468.84
  591.51
  655.56
  646.67
  582.39
  495.32
  804.82
  559.34
  375.71
  301.97
  640.50
  440.55
  439.76
  426.93
  446.90
  427.92
  653.16
  701.52
  819.18
  835.15
  751.61
  762.77
  714.46
  919.28
  745.92
  875.90
 1077.03
 1079.41
  920.24
  981.66
  926.05
  945.70
 1003.61
  949.86
  848.54
  905.18
  945.78
  964.16
 1030.79
  734.71
  714.94
  934.17
  719.39
  739.10
  746.86
  984.07
  936.44
  994.06
  994.83
  603.77
  452.59
  951.39
  882.47
  846.22
  785.93
  293.33
  484.98
  385.19
  156.62
  324.85
  401.73
  414.67
  681.81
  824.22
  872.07
  777.44
  532.02
  564.89
  389.58
  564.95
  563.99
  565.35
  637.04
  460.77
  506.42
  378.45
  727.77
  598.45
  840.64
  563.25
  758.30
 1187.35
  164.92
  630.84
  891.95
  793.32
  589.64
  615.64
  801.34
  866.21
  967.30
  759.77
  693.82
  668.33
  700.81
  487.47
  618.33
  725.31
  895.46
  842.45
  807.00
  877.17
  811.82
  564.81
  852.68
  876.09
  986.96
  873.01
  857.69
  458.56
  591.28
  606.77
  674.54
  805.56
  737.34
  600.32
  330.46
  194.00
  592.64
  605.30
  545.50
  671.05
  636.93
  503.93
  400.51
  901.50
  965.38
  777.33
  908.63
  880.00
  587.63
  583.78
  796.16
  850.52
  798.73
  136.77
  367.81
  109.61
   91.15
  426.20
  385.87
  677.79
  607.08
  694.75
  125.27
  176.73
  633.87
  406.12
  442.25
  421.69
  304.97
  102.88
  263.01
   82.94
  588.65
  457.86
  264.42
  207.85
  241.26
  180.86
  668.59
  892.15
  887.87
  916.79
  981.29
  843.87
  396.44
  389.16
  773.45
  825.95
  987.49
  293.45
  220.62
  218.01
  221.49
  396.27
  473.26
  250.46
  210.11
  147.39
  146.00
  142.83
  247.80
  383.04
  238.03
  153.68
  170.69
  217.84
  133.51
  134.53
  191.25
  205.61
  879.61
 1295.84
 1301.58
  942.41
 1038.27
 1087.00
 1100.31
 1004.82
 1099.51
  968.78
  734.23
  888.78
  181.74
  404.05
  867.29
  356.42
  290.02
  644.26
  630.45
  437.95
  290.67
  366.39
  196.55
  429.28
  608.50
  352.83
  317.52
  660.86
 1012.70
 1273.86
 1602.65
 2073.59
 2065.43
 2021.14
 1973.83
 1835.13
 1692.58
 1689.33
 1683.07
 1674.60
 1687.15
 1468.65
 1263.16
 1155.64
  992.76
  657.72
  863.13
  778.54
  682.29
  553.06
   93.62
  226.65
  309.90
  711.97
  399.69
 1008.79
  794.03
  243.24
  402.16
  498.89
  512.96
  386.04
  373.36
  378.17
  291.75
  231.66
  599.50
  611.73
  870.21
  456.86
  117.06
  295.71
   62.44
  546.91
   94.24
   97.47
   96.45
   96.39
  108.45
  110.01
  102.54
  174.23
  159.51
  106.87
  101.03
  112.28
  110.69
  393.15
  745.30
  593.61
  608.22
  452.67
  144.33
  104.83
  438.66
  253.35
  110.95
  101.20
  100.84
  143.85
  154.19
   98.54
  205.89
  185.39
  222.43
  201.90
  246.81
  244.49
  268.08
  265.27
  293.65
  389.58
  560.33
  147.98
  197.26
  215.09
  214.64
  303.61
  199.92
  209.32
  184.00
  184.91
  182.73
  187.43
  242.56
  197.68
  172.76
  190.01
  191.85
  188.93
  173.89
  276.15
  277.62
  370.87
  188.02
  282.04
  435.06
  468.56
  430.64
  423.87
  425.35
  217.67
  247.40
  437.95
  419.54
  443.70
  462.73
  462.05
  217.70
  215.01
  450.83
  412.55
  464.14
  447.21
  331.93
  188.79
  234.78
  415.69
  410.11
  486.09
  505.51
  415.15
  264.42
  229.73
  458.73
  395.84
  423.03
  445.11
  472.24
  260.12
  226.56
  438.17
  464.28
  446.70
  460.49
  452.16
  195.98
  274.31
  435.68
  431.63
  459.21
  449.36
  460.29
  221.81
  192.41
  465.53
  470.03
  519.76
  429.31
  438.91
  244.20
  351.75
 1128.71
 1245.69
 1241.33
 1164.05
 1228.70
  649.84
  599.86
 1101.47
 1004.26
  942.81
 1071.14
  862.76
  790.86
  562.54
  982.37
 1068.08
 1060.52
  981.55
  992.36
  759.51
  564.16
  716.95
  978.21
 1069.33
 1034.61
  895.55
 1090.99
  990.27
  828.01
 1107.70
  905.80
  938.05
 1010.46
  647.66
  457.52
  626.37
  674.22
  876.63
  898.41
  941.05
  483.88
  982.03
  989.65
  756.91
  885.58
 1073.41
 1082.58
  781.94
  295.40
  787.86
  575.40
  647.35
  690.31
  853.61
  522.73
  583.95
  936.49
  887.25
  759.63
  825.32
  988.37
  662.67
  407.90
  662.67
  636.17
  859.33
  900.53
 1005.59
  851.54
  852.85
  997.66
  792.02
  540.17
  443.30
  423.37
  306.42
  490.96
  454.74
  639.05
  692.57
  659.84
  348.33
  716.47
  330.17
  878.36
  729.47
  833.73
  884.56
  637.02
  896.77
 1017.08
 1295.55
  898.97
  647.10
  938.05
  789.36
  815.64
  472.04
  794.37
  842.14
  816.37
  612.47
  615.33
  613.99
  629.09
  625.41
  989.16
 1124.43
 1112.97
  996.05
  159.23
  173.98
  690.17
  961.44
  957.25
  672.58
  696.91
  139.43
  288.35
  651.34
  556.94
  700.84
  613.17
  459.75
  384.63
  389.44
  426.14
  231.35
  323.60
  318.48
  326.92
  643.93
 1010.37
 1084.37
 1005.33
  802.47
 1143.29
  849.36
 1312.91
 1180.70
 1042.57
  958.16
 1082.47
 1127.10
 1048.74
 1067.01
  867.26
  613.68
  494.53
  701.35
  916.33
  695.15
  674.82
  730.91
  970.64
  518.68
  737.85
  898.55
  843.47
  452.11
  322.59
  539.69
  513.78
  668.31
  250.72
  295.60
  102.76
  101.91
  503.87
  485.07
  495.37
  706.22
  632.57
  649.08
  687.42
 1033.65
 1505.97
 2177.14
 3211.64
 4296.57
 4266.81
 4155.84
 4004.03
 3180.92
 2346.16
 2033.29
 1364.22
 1376.26
 1338.23
 1261.12
 1033.06
 1002.70
 1054.72
  949.55
  334.71
  842.40
  855.99
  943.63
 1055.26
  946.41
  867.54
  794.85
   27.55
  989.42
  200.00
  168.57
  197.26
  374.58
  260.54
  124.51
   73.34
  448.82
  418.78
  721.15
  668.87
  227.02
  655.68
  753.20
  623.96
  423.68
  396.35
  376.08
  122.50
  177.21
  503.13
  212.80
  192.75
  179.42
    0.00
   81.92
  611.98
 2394.42
 3640.22
 4099.01
 3202.27
 1784.24
 1265.99
 1073.66
  929.95
 1159.26
  617.85
  505.12
  754.98
  728.73
 1302.63
 1283.46
 1044.07
 1079.72
 1060.21
  970.45
  328.11
  479.04
  745.72
 1028.27
  563.96
  660.21
  165.51
   96.53
   99.82
  380.24
  414.73
  435.29
  457.74
  335.81
  223.50
  428.12
  480.08
  327.65
  329.04
  236.59
   95.48
  171.71
  100.04
  593.15
  529.69
  248.62
  861.40
  886.37
  892.04
 1219.95
 1261.12
  886.20
  882.07
  840.56
  981.55
  421.78
  580.95
  891.70
  639.45
  386.50
  670.29
  726.33
  516.19
   97.47
  224.04
  192.70
  127.34
  228.55
  440.95
  278.55
  647.41
  272.63
   30.75
  145.01
  265.73
  248.11
  384.85
  515.82
  775.71
  509.14
  698.69
  806.58
  617.93
  257.29
  255.64
  596.66
  511.09
  469.78
  486.71
  595.25
  279.77
  183.97
  385.11
  147.30
  150.28
  474.42
  649.31
  316.98
  240.55
  548.16
  745.95
  308.68
  373.39
  499.59
  384.00
  169.62
  374.58
   94.47
  205.01
  412.58
  551.64
  385.45
  227.27
  571.66
  723.38
  384.57
  416.91
  338.16
  270.94
  323.32
  827.30
  787.75
  510.72
  630.87
  695.09
  548.16
  292.34
  736.21
  640.47
  647.78
  453.75
  534.74
  636.05
  692.46
  664.48
  753.34
  794.32
  560.59
  869.33
  817.51
  702.71
  701.27
  654.83
  657.57
  605.39
  813.80
  552.89
  610.68
  680.60
  583.89
  660.52
  554.10
  692.52
  506.36
  515.85
  750.79
  834.19
  760.90
  863.55
  812.58
  642.76
  614.33
  721.03
  499.82
  690.87
  680.60
  719.02
  613.74
  546.94
  466.07
  620.20
  605.70
  533.97
  560.82
  641.74
  455.76
  601.48
  678.10
  759.94
  443.84
  573.47
  539.21
  376.02
  577.69
  550.51
  607.14
  603.06
  660.92
  735.05
  570.24
  845.00
  522.36
 1013.43
 1365.27
 1107.05
  709.00
  623.79
  725.56
  939.10
  777.35
  664.28
  569.82
  859.02
  621.30
  769.43
  553.79
  786.61
  754.62
  776.99
  656.55
  754.13
  873.77
  832.91
  816.80
  558.12
  584.88
  664.37
  435.20
  623.91
  664.17
  827.30
  582.87
  663.35
  810.12
  786.47
  606.58
  804.76
  645.34
  811.67
  776.22
  844.72
  807.00
  755.86
  627.70
  528.28
 1295.33
 1156.52
 1122.42
 1167.53
 1102.80
 1678.25
 2117.45
 2067.10
 1821.45
 1563.34
 1564.36
 1563.94
 1560.14
 1559.04
 1497.42
 1423.94
 1424.88
 1419.89
 1410.21
 1329.08
 1270.15
 1271.77
 1261.23
  990.83
 1127.29
 1222.44
 1287.94
 1287.94
 1511.95
 2039.29
 2288.31
 2252.78
 1606.16
 1278.53
 1283.26
 1289.38
 1687.83
 2249.52
 2227.01
 2191.64
 2154.49
 2010.10
 1838.64
 1862.12
 1878.91
 1892.56
 1785.09
 1613.21
 1620.52
 1834.76
 2216.84
 2331.61
 2310.63
 2282.05
 1915.41
 1522.71
 1274.63
  983.87
 1068.88
  922.65
 1112.57
 1113.70
 1167.19
  882.10
 1043.87
  935.76
  890.39
  957.02
 1213.55
 1170.76
 1070.15
 1068.14
 1134.29
  883.88
  948.84
  987.41
  805.27
 1249.57
 1275.42
 1154.51
  654.46
  923.81
  707.84
  498.83
  874.65
  866.13
  408.95
  345.66
  796.78
  752.95
  774.18
 1287.43
 1289.52
 1208.00
 1198.71
 1204.43
 1296.66
 1196.13
 1276.55
 1764.17
 2881.38
 3893.42
 4059.76
 3880.68
 3709.17
 3534.17
 2895.14
 2819.99
 3186.47
 3298.86
 3209.06
 3060.71
 3284.64
 3596.81
 3267.82
 2279.82
 2270.25
 2253.54
 2164.74
 2050.93
 2069.23
 2051.56
 2042.52
 2025.39
 2053.31
 1542.19
 1277.17
 1282.24
 1281.71
 1279.61
 1008.50
 1030.54
  885.10
  607.88
  669.98
  225.43
  336.89
  465.16
  590.55
  605.22
  546.49
  616.12
  578.51
  588.79
  471.48
  445.14
  383.41
  109.30
  324.40
  102.20
   90.98
  366.17
  227.87
  579.53
  920.67
 1763.23
 2271.89
 1834.45
 1197.66
 1193.16
 1065.68
 1041.13
 1158.07
 1153.37
 1089.58
  981.32
 1042.00
 1129.64
 1171.44
 1144.51
  494.07
  851.91
  875.56
  940.18
  762.09
  789.19
  956.15
  820.71
  637.72
 1193.53
 4026.49
 6042.93
 6085.46
 5671.18
 4920.93
 3998.34
 3462.78
 3132.13
 2617.41
 2198.21
 2017.35
 2035.13
 2039.32
 1811.29
 1534.77
 1522.82
 1591.07
 1627.51
 1592.88
 1573.77
 1557.20
 1376.06
 1145.93
  911.29
  807.45
  822.04
  688.67
 1068.93
 1281.51
 1250.78
 1091.22
 1134.37
 1265.79
  525.39
  783.19
 1287.37
 1085.75
 1273.72
 1275.56
  955.64
  993.92
 1015.47
  918.60
 1263.33
 1827.99
 1829.64
 1807.95
 1612.11
 1538.62
 1536.05
 1391.32
 1262.34
 1157.56
  666.38
  541.96
 1265.76
 1560.80
 1826.63
 1707.73
 1536.19
 1537.04
 1537.55
 1534.80
 1540.12
 1537.55
 1407.69
 1227.34
 1212.53
 1251.69
 1412.47
 1621.54
 1613.89
 1419.47
 1179.76
 1094.67
  792.87
 1176.00
 1024.45
 1014.20
 1148.47
 1182.45
  641.01
  805.76
 1124.29
 1151.48
 1026.80
 1039.77
 1162.83
 1280.29
 1239.77
 1383.82
 1555.25
 1544.34
 1411.62
 1258.40
 1255.14
 1194.89
 1225.81
 1164.90
 1266.70
 1246.88
 1212.84
 1282.24
 1081.39
 1137.88
 1236.54
 1138.96
 1278.76
 1163.40
 1182.20
 1266.92
 1208.90
 1239.94
 1253.42
 1225.81
 1150.80
 1050.58
 1061.54
 1007.09
 1136.95
 1120.61
 1184.55
 1259.96
 1156.43
 1164.53
 1230.08
 1177.19
 1182.06
 1110.19
 1125.42
  500.19
  964.19
  915.91
 1134.09
 1046.99
 1101.84
  911.92
  696.91
  640.47
 1028.55
 1245.15
 1450.84
 1266.90
 1164.33
 1198.34
 1218.84
 1106.68
  916.87
  981.32
  962.57
 1193.61
 1073.89
  775.26
  908.40
 1150.20
 1110.45
 1068.85
  905.77
  777.18
  939.89
 1118.09
  883.46
 1201.97
  977.27
  987.21
  863.55
  904.84
 1105.15
 1109.88
 1029.06
  997.46
 1026.23
  975.35
  911.15
  872.75
  901.66
  901.83
 1082.84
 1061.06
 1061.12
 1092.78
 1003.12
  998.76
  950.65
  987.83
 1221.36
 1269.61
 1239.80
 1098.30
 1171.21
 1155.72
 1185.54
 1064.26
 1119.11
 1118.43
  883.57
 1171.21
 1276.52
 1292.10
 1482.44
 1698.93
 1689.92
 1681.48
 1758.33
 1856.40
 1858.21
 1610.61
 1429.41
 1684.91
 1561.84
 1567.45
 1702.49
 1888.82
 1948.91
 2005.82
 1925.12
 1915.10
 1900.74
 1876.84
 1866.00
 1870.58
 1717.90
 1728.49
 1708.41
 1697.99
 1694.96
 1682.81
 1569.46
 1470.78
 1476.55
 1423.91
 1384.72
 1386.53
 1376.51
 1373.74
 1362.61
 1357.99
 1351.03
 1338.08
 1328.00
 1318.63
 1350.74
 1166.23
 1206.67
 1291.42
 1484.34
 1730.56
 1883.83
 1835.36
 1474.09
 1471.85
 1471.37
 1376.60
 1272.53
 1249.28
 1237.62
 1286.83
 1285.05
 1230.96
 1447.61
 1610.63
 1476.33
 1308.38
 1299.97
  826.00
  999.78
 1292.10
 1289.32
 1173.54
 1250.70
  709.68
  635.74
  876.92
  861.77
 1237.25
 1447.67
 2182.29
 2391.90
 2289.79
 2273.84
 2249.09
 2198.63
 2038.47
 1692.33
 1522.09
 1511.21
 1520.78
 1528.29
 1368.84
 1197.38
 1206.33
  781.77
  611.96
 1245.97
 1214.20
 1125.93
 1226.52
 1161.59
 1107.64
  756.99
  330.60
  483.79
  320.72
  756.12
 1247.73
 1315.63
 1660.67
 2083.16
 2070.22
 2057.33
 1682.79
 1268.09
 1025.41
 1131.82
 1173.39
  964.87
 1137.60
  978.26
  906.28
  377.12
  513.24
  954.65
  872.27
  921.09
  714.92
  939.92
  225.06
  105.82
  133.09
  108.68
  607.37
  645.91
  558.58
  169.16
   66.54
  114.00
  143.31
  116.27
  116.16
  100.69
  102.28
   89.91
   96.96
  101.09
   98.85
   85.43
   76.65
   97.13
   96.36
  257.65
  348.16
  341.98
  361.46
  327.09
  282.18
  277.42
  310.01
  337.34
  474.56
  404.36
  459.19
  189.13
  139.26
  678.30
  111.26
  156.71
  339.04
  397.34
  183.69
  359.88
  350.08
  314.52
  388.22
  391.31
  394.26
  213.28
  191.73
  269.29
    0.00
   55.02
  250.69
  402.86
  209.69
  103.95
  531.88
  270.79
  133.40
  218.07
  337.31
  270.20
  133.03
  335.02
  790.49
  754.90
  840.05
  563.56
  668.59
  883.97
  897.90
  593.21
  855.34
  899.97
  871.71
  782.82
  737.99
  902.60
  504.69
  885.10
  952.89
  943.23
  937.74
  805.93
  852.51
  381.91
  773.42
 1140.69
 1367.34
 1366.43
 1324.83
 1363.12
 1147.96
 1069.78
 1502.29
 1492.04
 1093.31
 1073.86
 1086.06
 1026.77
  883.77
  924.04
  765.15
  627.93
  271.59
  950.62
  715.31
  723.86
  585.45
  706.25
  332.78
  231.24
  999.44
  533.26
  860.46
  570.81
  801.20
  333.29
  377.18
  835.35
  450.24
  524.48
  786.22
  808.73
  837.70
  713.67
  951.08
  791.26
  837.58
  866.55
  956.03
  810.06
  535.73
 1056.64
  801.59
  947.45
  802.33
  922.25
  824.61
  398.08
  711.63
  943.86
  952.47
  772.60
 1029.63
  793.01
  546.54
 1116.31
  835.38
  772.65
  629.48
  808.93
  954.93
  630.73
 1080.54
  766.82
  939.75
  637.58
  933.21
 1035.41
  856.90
  967.19
  928.74
  996.67
  902.94
  998.93
 1220.37
 1135.73
 1465.20
 1870.36
 2164.00
 2830.10
 4169.85
 4149.27
 4101.10
 3555.89
 2223.58
 1834.59
 1576.63
 1586.00
 1584.87
 1564.68
 1510.02
 1413.46
 1296.85
 1304.30
 1309.60
 1323.59
  822.58
  908.06
 1167.56
 1167.82
 1196.50
 1195.99
 1191.77
 1181.46
 1121.29
 1178.55
 1173.34
 1172.12
 1201.99
 1214.93
 1211.25
 1111.61
 1024.45
 1295.27
 1048.06
 1156.15
 1189.11
 1181.41
 1180.73
 1156.09
 1167.62
 1182.82
 1226.09
 1327.58
 1006.04
  967.90
 1315.20
 1312.71
 1220.34
 1324.78
 1314.33
 1291.30
 1428.41
 1627.45
 1627.37
 1619.61
 1609.27
 1610.49
 1609.84
 1609.67
 1612.22
 1599.82
 1593.02
 1579.20
 1559.01
 1555.02
 1547.74
 1548.79
 1645.38
 1885.53
 1566.12
 1752.47
 2047.76
 2036.04
 2034.59
 2222.56
 2431.82
 2982.42
 3591.40
 3444.29
 3458.45
 3599.04
 3759.66
 3979.22
 3771.10
 3869.16
 4031.72
 4038.55
 3906.76
 3015.74
 2482.37
 2468.80
 2406.00
 2373.55
 2343.73
 2317.31
 2283.36
 1994.47
 1642.58
 1632.32
 1609.33
 1626.24
 1622.75
 1617.68
 1603.41
 1589.17
 1587.56
 1595.57
 1524.18
 1433.46
 1336.58
 1111.07
 1008.70
  817.88
  978.55
 1055.31
 1414.68
 1551.23
 1545.79
 1705.44
 1970.46
 1948.91
 1941.83
 1926.79
 1618.76
 1105.80
 1193.56
 1008.87
 1247.73
 1287.17
 1204.57
 1157.73
 1232.38
 1187.30
 1330.75
 1322.82
 1139.19
 1153.74
 1210.21
 1158.95
 1175.94
  936.69
  783.84
 1036.62
 1130.10
 1073.63
  974.21
  943.01
  875.47
  670.54
  897.22
  637.92
  915.26
 1182.09
 1163.14
 1279.81
 1284.74
 1293.12
 1288.22
 1262.85
 1223.91
 1532.11
 1845.04
 1795.15
 1787.47
 1794.81
 1780.76
 1537.83
 1232.89
 1118.94
  879.55
 1116.84
 1244.53
 1198.37
 1213.58
 1192.88
 1194.89
 1069.98
 1108.92
  983.78
 1148.56
 1150.57
 1132.65
  499.45
  424.44
  619.40
  520.80
  444.55
  578.80
  488.95
  304.63
  362.29
  592.42
  920.18
  794.68
  660.38
  731.82
  775.03
 1141.88
 1208.08
 1324.46
 1324.80
 1327.24
 1326.76
 1221.39
 1099.91
  873.97
 1315.86
  874.31
 1056.53
 1019.69
  886.88
  610.40
  482.55
  593.07
  625.24
  618.47
  445.20
  216.74
  318.05
  400.37
  330.40
  233.39
  202.86
  263.71
  814.51
  293.84
  765.55
  800.29
  721.03
  721.43
  728.08
  428.29
  449.13
  463.32
  450.18
  308.74
  305.91
  433.22
  232.85
  206.88
  436.67
  423.34
  582.59
  805.16
  473.12
  790.86
 1061.63
  860.58
  945.13
  907.05
 1161.61
  654.94
  428.75
  462.19
  562.06
  717.58
  634.58
  669.38
  639.79
  306.56
  844.52
  772.29
  741.59
  803.86
  509.14
 1075.47
  637.19
  822.86
 1219.24
  684.87
  897.05
  950.43
  896.06
  929.64
  861.60
  723.01
  797.32
  909.11
  964.70
  938.59
  340.00
  340.96
  660.52
  794.46
  818.95
  882.24
  848.32
  478.70
  506.96
  465.36
  766.08
  709.08
 1250.25
 1424.37
 1585.18
 1584.41
 1588.18
 1419.01
 1195.65
 1091.02
 1091.84
 1218.45
 1167.50
 1090.48
 1125.28
 1153.40
 1111.44
 1039.14
 1107.92
  858.09
 1142.19
  974.89
  957.90
  791.57
  661.51
  196.86
  230.73
 1048.77
 1115.91
 1113.93
 1122.96
  868.17
  285.07
  193.80
 1072.61
 1083.80
 1101.41
 1169.49
  865.76
  300.02
  155.23
 1195.48
 1060.89
 1024.31
 1048.74
  694.70
  478.64
  245.96
 1196.19
 1033.56
 1020.45
 1025.04
  981.12
  293.19
  198.50
 1118.20
  996.05
  969.43
  931.40
  731.11
  552.38
  449.95
  540.57
 1132.62
 1103.03
  769.40
  829.32
 1062.33
 1096.77
 1072.27
 1003.01
 1188.74
 1144.77
  938.31
  996.24
 1047.89
 1099.49
 1128.43
 1137.54
 1135.73
 1230.42
 1138.68
 1090.85
  925.88
  826.77
  807.00
  483.37
  443.27
 1166.06
  672.07
  904.84
  999.16
  925.71
  962.12
  831.35
  416.65
  657.66
  999.36
 1045.97
  958.81
  844.61
  870.35
  467.23
  231.29
  678.44
  894.05
  756.60
  679.69
  731.57
  448.37
  303.30
  838.97
  928.91
  681.25
  834.53
  724.63
  612.21
  561.04
  644.24
  983.42
  859.93
  723.98
  588.03
  467.99
  557.36
  871.25
  506.25
  603.46
  675.89
  728.17
  238.03
  281.30
  586.16
  505.43
  418.64
  975.12
  949.18
  951.79
  531.17
  885.30
  329.07
 1137.43
  904.30
  817.48
  108.54
  279.88
  298.71
  656.55
  860.01
  930.43
  755.83
  690.73
  292.54
  693.28
  885.69
  993.41
  972.88
  988.99
  987.27
  762.18
  618.98
  963.74
 1040.30
  846.05
  926.50
 1105.35
  722.31
  738.39
  942.87
 1193.05
  889.69
  919.93
  165.43
  346.29
  935.65
  851.03
  143.99
  582.99
  559.03
  332.69
  263.40
  240.58
  623.82
  906.03
  927.38
 1157.62
  860.21
  795.82
  837.81
  843.70
  800.26
  293.50
  846.62
  932.25
  779.51
 1155.44
 1155.36
 1187.55
 1387.04
 1530.47
 1527.13
 1641.75
 1781.36
 1755.28
 1507.84
 1271.60
 1262.65
 1262.51
 1267.63
 1274.51
 1273.44
 1216.44
 1026.51
  945.73
  312.11
  580.67
 1171.84
 1099.97
 1099.66
  976.76
  956.77
  930.38
 1224.70
 1192.34
 1158.73
  495.46
  316.64
  320.38
  863.89
 1189.36
 1176.34
 1025.44
  919.16
  239.79
  539.21
  545.61
  963.40
 1177.50
  602.30
  808.25
  382.48
  944.45
  282.04
  918.37
 1016.66
  966.68
  810.46
  749.97
  230.47
  248.06
  358.89
  234.41
  400.06
  551.02
  680.00
  329.13
  170.98
  166.79
  317.71
  831.10
  365.94
  403.54
  332.30
  193.01
  306.11
  291.66
  279.40
  246.78
  235.48
  100.89
  234.61
  224.04
  233.90
  226.11
  225.86
  225.60
  236.36
  413.45
  280.17
  853.16
  673.52
  590.12
  671.68
  642.11
  217.02
  239.87
  579.22
  652.22
  420.14
  552.97
  282.43
  299.11
  397.80
  660.35
 1056.11
 1155.87
  664.40
  615.10
  782.08
  425.94
  727.46
  829.43
  631.47
  680.45
  493.87
  220.50
  318.22
  510.98
  667.57
  574.01
  524.00
  185.42
  124.06
   83.17
  391.85
  402.81
  227.50
  315.39
  236.22
  224.61
  324.88
  436.84
  448.99
  512.90
  461.45
  456.41
  404.28
  405.55
  411.10
  417.02
  420.76
  781.29
  283.11
  280.82
  242.08
  511.43
  382.93
  404.51
  703.84
  654.80
  398.96
  419.37
  811.48
  337.31
  329.55
  343.82
  405.98
  362.20
  383.89
  528.76
  291.92
  422.83
  502.62
  584.26
  185.93
  431.92
  551.50
  358.09
  703.05
  293.65
  727.94
  318.62
  417.84
  630.93
  454.34
  204.67
  431.92
  696.00
  750.57
  597.83
  659.36
  448.23
  532.22
  477.88
  672.78
  744.59
  630.22
  699.48
  429.88
  399.58
  387.43
  436.05
  387.86
  422.40
  386.36
  365.57
  366.17
  364.47
  365.80
  560.79
  503.76
  828.18
 1010.29
  874.42
  726.95
  681.02
  527.12
  569.51
  798.82
  681.02
  672.27
  680.71
  678.47
  677.99
  697.47
  711.32
  715.17
  709.17
  736.24
  740.17
  698.77
  651.40
  893.79
  778.26
  753.51
  772.60
  656.02
  575.03
  535.33
  969.00
  601.62
  762.03
  707.89
  939.10
  445.40
  549.86
  659.95
  957.62
  710.64
  606.43
  847.52
  824.93
  694.10
  793.81
  808.76
  778.09
  840.22
  847.58
  871.71
  854.89
  874.62
  500.81
  502.57
  437.04
  359.94
  571.60
  906.99
  893.57
  880.65
  889.80
  893.65
  897.42
  801.62
  793.15
  862.81
  945.87
  971.66
  594.46
  515.28
  551.41
  588.34
  839.31
  972.49
  776.53
  769.20
  772.65
  641.04
  581.34
  728.31
  707.75
  812.67
  703.08
  686.06
  525.25
  564.61
  949.63
  948.47
  946.89
  955.21
  952.92
  965.07
 1008.56
  966.40
  955.92
 1056.42
 1265.56
 1096.57
  964.67
  949.04
 1176.25
 1389.51
 1386.36
 1389.05
 1389.39
 1382.71
 1377.73
 1367.14
 1367.19
 1371.75
 1395.91
 1619.58
 1807.75
 1772.95
 1753.18
 1731.01
 1603.95
 1490.74
 1479.73
 1468.17
 1466.67
 1464.72
 1475.00
 1476.78
 1263.55
  990.89
  990.52
  991.06
  996.02
  997.60
  984.21
  980.73
  961.07
  904.27
  856.90
  824.78
  810.60
  852.03
  780.72
  830.62
  252.67
  234.24
  361.75
  663.83
  782.48
  628.38
  106.36
  108.03
  107.94
  398.76
  815.70
  872.13
  588.06
  580.38
  494.67
  554.44
  381.88
  866.35
 1179.42
 1529.34
 1640.76
 1791.27
 1786.31
 1792.20
 1788.49
 1785.63
 1581.33
 1285.75
 1253.02
 1244.47
 1251.07
 1256.76
 1266.24
 1099.49
  667.51
  765.01
  674.11
  941.14
  934.82
  921.49
  895.97
  912.88
  905.46
  905.77
  872.98
  834.70
  828.49
  823.99
  839.03
  847.41
  849.53
  849.87
  850.69
  847.49
  630.28
  651.15
  401.90
  401.79
  580.27
  317.04
  509.36
  800.94
  742.86
  245.59
  246.61
  246.92
  245.42
  241.68
  249.78
  286.09
  248.00
  249.61
  247.46
  229.06
  260.49
  257.57
  259.01
  260.06
  258.67
  874.28
  939.64
  659.75
  676.23
  701.01
  258.22
  249.50
  259.86
  307.46
  312.79
  306.16
  305.17
  335.70
  308.46
  571.92
  611.02
  454.26
  451.20
  609.97
  298.37
  265.47
  265.92
  267.06
  267.91
  268.10
  265.02
  284.24
  284.84
  285.89
  285.80
  255.84
  245.37
  244.71
  244.37
  245.22
  246.47
  228.09
  217.22
  348.38
  267.88
  229.73
  230.07
  228.69
  230.73
  227.95
  311.43
  264.62
  233.93
  232.45
  232.85
  235.54
  233.42
  234.32
  233.61
  211.70
  203.71
  205.92
  205.69
  205.35
  205.21
  204.93
  205.35
  204.84
  217.90
  196.77
  195.84
  202.01
  206.12
  206.43
  206.91
  198.30
  206.85
  205.95
  206.12
  205.69
  205.89
  205.89
  205.78
  205.10
  215.24
  213.00
  438.74
  439.28
  439.19
  439.45
  435.23
  412.94
  420.96
  374.15
  410.51
  424.55
  489.57
  530.83
  495.23
  689.54
  618.16
  426.37
  427.64
  501.09
  500.25
  645.00
  677.51
  621.41
  346.00
  398.05
  544.39
  634.78
  707.41
  675.24
  600.74
  299.99
  315.99
  722.42
  685.18
  546.97
  629.65
  490.79
  277.96
  293.36
  604.62
  516.98
  481.36
  466.75
  471.82
  381.74
  281.64
  435.65
  523.27
  497.39
  614.19
  633.90
  314.12
  293.53
  500.27
  500.19
  514.46
  468.50
  469.86
  272.29
  249.47
  481.56
  489.68
  449.76
  390.91
  387.43
  376.36
  384.43
  576.93
  604.59
  785.54
  730.40
  702.06
  651.15
  672.07
  716.47
  690.62
  793.18
  792.56
  791.20
  645.00
  526.78
  995.82
  768.43
  734.31
  741.31
  805.59
  475.67
  436.05
  771.38
  783.53
  791.63
  857.97
  793.38
  513.61
  503.11
  754.36
  784.29
  791.17
  792.65
  738.53
  429.54
  669.95
  713.47
  238.65
  232.23
  240.66
  233.53
  259.64
  259.78
  244.32
  236.33
  234.01
  225.26
  234.55
  236.19
  242.53
  246.41
  242.70
  242.28
  251.23
  251.77
  249.47
  250.83
  299.08
  299.90
  291.30
  271.53
  308.09
  284.50
  284.90
  401.25
  394.03
  431.32
  494.98
  510.44
  375.93
  381.80
  495.74
  507.27
  404.62
  340.91
  308.43
  370.53
  257.99
  502.85
  486.00
  458.08
  384.20
  222.97
  215.01
  230.36
  225.32
  279.91
  244.77
  253.04
  251.28
  232.74
  254.82
  242.42
  241.94
  248.25
  206.06
  198.64
  217.28
  204.22
  262.33
  197.00
  260.51
  266.09
  188.82
  187.06
  199.44
  226.68
  234.46
  191.22
  182.08
  192.70
  355.52
  359.79
  330.57
  344.28
  336.91
  271.25
  265.75
  257.82
  254.65
  321.14
  627.44
  673.12
  522.22
  453.13
  253.46
  259.55
  313.07
  328.19
  303.02
  243.07
  251.43
  234.94
  236.56
  271.28
  336.23
  231.97
  262.98
  245.90
  249.02
  249.67
  247.49
  248.45
  245.59
  248.03
  249.24
  251.00
  244.09
  295.20
  234.01
  236.22
  237.38
  236.36
  235.03
  231.35
  240.72
  323.21
  608.22
  613.20
  413.51
  399.41
  365.49
  357.16
  359.99
  392.22
  400.34
  587.32
  396.07
  488.24
  658.71
  708.57
  582.99
  571.35
  832.32
  540.74
  502.85
  665.36
  595.02
  423.42
  457.40
  425.26
  431.10
  378.00
  361.27
  314.15
  322.42
  314.86
  442.20
  383.27
  593.18
  525.79
  701.55
  929.08
  662.39
 1007.91
  996.27
 1052.96
  960.34
 1093.31
  897.76
 1185.60
 1028.52
  607.17
  333.57
  726.44
 1029.63
  818.95
  811.62
  928.74
  460.26
  394.37
  781.57
  707.24
  759.15
  864.74
  887.96
  392.02
  431.97
  380.07
  225.77
  365.40
  824.16
  806.46
  864.74
  923.02
  965.63
  795.56
  861.74
  735.13
  948.02
  987.55
  890.62
  855.08
  892.41
  826.60
  787.89
 1182.54
 1179.54
 1164.90
  746.94
  699.31
  804.57
  298.29
  291.10
  227.64
  228.72
  228.97
  307.10
  232.03
  229.56
  226.42
  438.09
  455.50
  657.01
  594.17
  578.43
  559.43
  488.75
  448.65
  382.62
  669.10
  354.64
  368.32
  317.57
  231.18
  227.58
  228.01
  225.46
  224.58
  221.78
  230.92
  359.48
  232.17
  232.54
  225.97
  228.89
  228.77
  227.44
  226.90
  224.18
  227.89
  242.42
  244.80
  259.84
  243.33
  240.30
  228.09
  240.92
  243.64
  225.52
  218.12
  217.90
  213.88
  211.98
  216.82
  217.90
  200.88
  203.57
  197.11
  198.47
  200.68
  200.14
  199.78
  207.93
  195.95
  198.42
  196.52
  202.27
  369.00
  377.44
  387.94
  386.72
  377.78
  367.89
  371.97
  368.71
  371.26
  364.30
  364.55
  364.01
  375.14
  373.53
  372.20
  372.59
  374.63
  373.36
  373.78
  374.24
  369.36
  339.92
  374.89
  365.63
  367.47
  368.88
  370.04
  371.38
  360.30
  514.69
  509.25
  517.72
  513.44
  476.63
  343.43
  388.56
  401.28
  402.27
  405.95
  407.96
  389.10
  303.22
  292.06
  463.43
  493.14
  505.20
  477.05
  484.44
  504.61
  535.50
  431.27
  381.12
  370.38
  348.64
  350.53
  360.08
  352.15
  412.75
  355.06
  358.09
  359.94
  747.85
  710.87
  667.85
  673.49
  743.54
 1065.53
  909.93
  663.58
  548.95
  362.40
  674.82
  699.14
  716.56
  712.59
  751.56
  709.73
  678.10
  713.67
  701.83
  713.67
  698.75
  717.18
  700.22
  715.09
  742.75
  743.83
  654.35
  689.80
  615.92
  751.30
  765.86
  710.24
  293.42
  298.77
  301.09
  296.65
  281.44
  278.72
  298.15
  296.17
  294.07
  291.13
  281.92
  283.62
  283.90
  284.07
  314.71
  314.74
  314.01
  313.98
  291.35
  287.50
  289.96
  289.17
  286.11
  286.54
  287.44
  393.97
  395.81
  507.41
  474.82
  458.11
  448.57
  452.42
  450.38
  458.19
  465.08
  346.31
  345.89
  328.16
  403.26
  335.84
  334.62
  336.52
  341.39
  338.30
  340.99
  340.79
  301.26
  306.59
  368.29
  303.87
  302.68
  304.46
  305.68
  309.22
  302.88
  305.77
  307.95
  309.84
  284.84
  267.25
  269.55
  278.81
  269.38
  234.89
  227.87
  227.38
  225.66
  226.31
  225.74
  227.81
  226.36
  228.12
  234.29
  233.33
  254.71
  302.08
  304.92
  301.12
  300.58
  302.74
  303.44
  241.80
  241.80
  301.18
  306.76
  438.77
  303.87
  302.51
  232.54
  244.20
  307.29
  309.02
  309.79
  309.11
  353.03
  355.80
  355.66
  553.23
  425.57
  402.04
  698.35
 1308.58
 1325.14
 1488.50
 1709.94
 1694.37
 1686.64
 1677.32
 1473.24
 1239.91
 1255.60
 1255.46
 1305.43
 1246.93
  994.15
 1212.33
 1229.63
 1245.74
 1191.88
 1168.10
 1012.92
  939.33
  932.87
  970.25
  733.80
  709.25
  800.29
 2192.09
 3180.32
 3177.63
 3167.83
 3002.07
 2860.11
 2434.31
 2104.59
 1677.26
 1296.37
 1305.15
 1298.64
 1290.63
 1298.27
 1300.96
 1027.79
 1020.60
  760.34
  732.67
  935.93
  908.12
 1013.54
  955.92
  852.05
  576.33
  717.86
  767.90
  804.88
  762.86
  875.87
  905.15
  838.01
  710.72
  530.35
  594.74
  600.86
  601.79
  604.99
  618.21
  605.22
  457.57
  534.42
  530.06
  516.73
  528.48
  759.97
  734.06
  764.38
  718.57
  749.63
  679.86
  743.60
  810.54
  713.02
  816.09
  896.26
  928.93
  813.32
  930.26
  872.67
  715.79
  542.83
  436.56
  450.58
  481.24
  557.53
  395.93
  390.38
  632.29
  695.38
  671.02
  646.13
  553.28
  544.67
  550.51
  674.90
  700.50
  696.96
  726.24
  782.00
  793.32
  693.51
  648.65
  431.38
  413.99
  474.22
  458.22
  355.63
  426.00
  392.56
  608.61
  544.19
  436.05
  453.83
  315.31
  497.73
  819.23
  560.73
  590.97
  697.59
  675.33
  588.25
  650.69
  504.97
  506.62
  393.58
  363.90
  284.50
  237.24
  238.37
  235.77
  235.09
  232.76
  234.97
  224.52
  228.57
  346.71
 1362.52
 2388.47
 2506.72
 2105.30
 1310.84
 1107.76
 1240.90
 1147.40
 1171.98
 1264.04
 1262.31
 1257.47
 1469.87
 1566.12
 1545.31
 1539.64
 1390.50
 1153.71
  979.31
  532.36
  742.50
  576.11
  801.57
  711.52
  954.42
 1001.11
  637.24
  766.82
  784.46
  676.15
  742.10
  878.98
  723.72
  961.78
  933.12
  877.03
  616.26
  588.20
  620.14
  836.96
 1015.39
 1010.60
 1007.54
  477.79
  474.45
  503.22
 1111.38
 1083.91
  994.49
 1010.18
  957.70
 1016.18
  780.16
 1122.31
  724.40
  747.11
  828.41
  411.70
  478.70
  436.50
  594.48
  566.03
  492.15
  669.95
  545.89
  591.26
  382.48
  905.52
  431.92
  372.31
  741.05
  672.30
  529.55
  391.62
  932.08
  370.70
  370.67
  370.44
  369.14
  716.47
  368.20
  367.52
  374.63
  367.24
  712.96
  719.76
  704.41
  725.73
  714.97
  875.59
  782.59
 1040.87
  987.10
  975.15
  963.62
  855.68
  500.61
  374.43
  945.73
  948.42
  865.96
 1015.50
  973.19
  508.66
  442.25
  993.38
  979.99
  948.78
  883.91
  901.01
  509.56
  548.98
  856.07
  821.92
  973.39
 1011.28
  852.11
  644.77
  571.89
  941.99
  992.68
 1006.52
  856.30
  893.82
  529.10
  520.58
  824.28
  730.91
  680.85
  369.48
  355.32
  355.52
  368.35
  875.33
  662.73
  696.99
  689.32
  853.72
  783.13
  926.33
  864.82
 1303.62
 1318.43
 1013.80
  860.24
 1204.03
 1565.98
 2063.53
 2067.64
 2056.57
 1825.50
 1454.10
 1313.08
 1301.92
 1310.25
 1305.15
 1298.81
 1066.53
 1297.19
 1008.90
 1007.37
 1297.19
 1295.47
 1297.02
 1300.79
 1301.75
 1445.77
 1585.77
 1597.61
 1598.43
 1596.59
 1582.06
 1456.48
 1312.49
 1158.36
 1146.49
 1189.11
 1088.22
 1166.48
 1164.36
 1301.84
 1365.24
 1314.04
 1382.09
 1426.38
 1417.31
 1422.64
 1420.71
 1420.68
 1695.44
 2104.20
 2105.64
 2325.46
 2641.51
 2593.62
 2546.45
 2391.67
 2233.92
 2213.64
 2100.03
 1991.35
 1992.66
 1579.88
 2025.99
 2023.47
 2021.65
 1986.99
 1488.96
 1143.38
 1281.62
 1283.57
 1365.89
 1572.21
 1644.39
 1799.68
 1978.36
 1957.52
 1934.72
 1909.80
 2369.81
 3150.99
 3345.58
 3263.40
 3188.99
 3232.76
 3240.18
 2833.24
 2468.61
 2486.33
 2718.47
 2869.29
 2821.55
 2442.84
 2805.55
 2918.76
 2076.39
 2645.39
 2550.55
 2620.61
 2698.91
 2643.86
 2370.54
 2102.36
 2114.59
 2120.08
 1935.14
 1700.40
 1499.94
 1283.94
 1280.71
 1149.75
 1204.63
  915.80
  914.27
  674.22
  651.37
  550.11
  656.13
  703.93
 1144.94
 1274.26
 1290.00
 1598.71
 2103.91
 2406.82
 2423.13
 2882.29
 3473.71
 3410.25
 3320.55
 3238.54
 3191.05
 3179.08
 3107.83
 2561.88
 2361.17
 2372.50
 2912.22
 3688.30
 3672.50
 3580.69
 3520.32
 3489.49
 3416.65
 3221.98
 2603.28
 2362.42
 2366.50
 2361.82
 2032.05
 1810.27
 1719.12
 1590.13
 1585.18
 1417.85
 1228.53
 1226.57
 1229.49
 1229.01
  974.95
 1086.77
 1107.42
 1133.44
  784.63
  886.32
  873.29
  894.56
  649.70
  514.38
  445.48
  731.82
  914.07
  631.27
  846.84
  558.72
  747.34
 1017.76
 1093.03
  954.59
  987.32
  692.40
  559.48
  583.64
  614.22
  712.99
  668.53
  942.78
  540.37
  560.31
  336.80
  402.72
  296.68
  279.97
  282.80
  219.46
  221.15
  226.17
  414.62
  341.42
  337.11
  338.22
  232.17
  228.89
  345.18
  322.64
  323.29
  208.21
  206.12
  216.62
  207.31
  208.47
  209.77
  208.75
  208.41
  205.92
  204.87
  204.36
  417.50
  419.91
  542.55
  414.19
  399.15
  500.44
  773.42
 1097.84
 1469.16
 1603.55
 1280.12
  955.52
  531.76
  349.68
  418.52
  437.72
  427.98
  493.68
  427.95
  310.27
  310.41
  822.07
  550.11
  681.25
  539.86
  520.69
  731.37
  380.78
  438.09
  393.04
  393.21
  394.28
  397.09
  393.92
  329.78
  420.62
  737.65
  641.66
  367.33
  417.90
  468.93
  454.00
  671.25
  575.23
  693.51
  453.75
  676.63
  596.41
  537.40
  543.99
  581.26
  537.09
  362.57
  268.13
  264.99
  423.45
  598.90
  605.78
  610.62
  365.29
  359.26
  315.59
  315.05
  439.05
  433.11
  476.40
  505.60
  515.62
  404.31
  378.03
  368.12
  367.81
  371.60
  372.31
  372.85
  369.90
  363.87
  365.26
  367.67
  363.90
  364.18
  377.01
  375.85
  375.08
  375.31
  361.58
  360.95
  368.97
  371.74
  368.83
  371.69
  425.80
  430.67
  454.34
  452.36
  514.49
  636.99
  800.46
  827.73
  696.23
  705.74
  725.08
  710.04
  697.02
  709.82
  710.89
  700.64
  699.14
  712.25
  709.03
  714.72
  724.12
  727.43
  699.14
  704.55
  701.80
  703.59
  697.47
  864.06
  861.79
  816.18
  820.99
  822.80
  830.53
  790.86
  838.86
  719.64
  675.64
  744.56
  743.54
  785.71
  771.97
  765.52
  708.66
  662.87
  652.17
  643.08
  543.68
  549.94
  539.80
  676.66
  679.49
  703.62
  702.00
  714.92
  368.15
  368.12
  502.91
  550.34
  536.07
  494.64
  528.11
  432.71
  436.53
  567.44
  547.82
  646.30
  608.70
  584.77
  379.30
  496.28
  701.92
  628.52
  603.40
  587.04
  451.46
  483.57
  469.04
  639.45
  577.83
  556.65
  483.71
  434.86
  446.67
  371.38
  571.97
  574.46
  594.06
  537.34
  596.41
  382.96
  378.03
  514.01
  637.24
  691.02
  829.29
  873.83
  466.92
  360.84
  812.33
  775.37
  709.96
  701.63
  641.57
  562.91
  671.36
  652.65
  764.89
  706.14
  778.26
  860.95
  521.34
  542.58
  650.38
  680.28
  921.32
  940.26
  954.99
  588.88
  586.50
  740.66
  645.88
  765.77
  576.25
  727.54
  692.09
  683.17
  957.22
  737.71
 1491.05
 1936.02
 1907.93
 1898.64
 1893.97
 1888.39
 1867.41
 1835.44
 1546.47
 1269.10
 1259.14
 1246.51
 1250.61
 1275.79
 1301.75
 1297.62
 1142.56
  996.27
  841.04
 1107.13
 1284.42
 1211.37
 1301.61
 1298.21
  496.93
  489.09
  887.99
 1016.63
 1017.23
  934.03
  640.84
  386.02
  823.54
 1296.40
 1291.16
 1285.84
 1285.73
 1274.97
 1269.70
 1275.84
 1277.94
 1280.74
 1278.45
 1283.55
 1286.32
  948.76
  837.19
  683.60
  776.62
  658.48
  843.56
  748.70
  596.52
  441.86
  575.74
  694.67
  709.28
 1000.69
 1112.65
  351.36
  351.41
  815.72
  893.11
 1149.52
 1187.61
 1241.50
  898.27
  697.42
  928.93
  928.17
 1120.75
 1050.81
  850.13
  397.40
  380.61
  440.87
  405.04
  413.82
  423.54
  424.24
  393.09
  395.39
  539.38
  553.06
  503.47
  676.66
  705.85
  784.74
  977.47
 1311.13
 1682.33
 2175.92
 2316.71
 2471.21
 2482.76
 2753.22
 3158.86
 3235.91
 3231.15
 2696.90
 2419.53
 2423.75
 2313.83
 2385.16
 2368.34
 2362.81
 2350.41
 2335.86
 2270.39
 2247.71
 1918.27
 1718.10
 1749.02
 1753.01
 1567.03
 1345.93
 1309.40
 1331.37
 1330.18
 1330.98
 1326.53
 1185.77
  580.69
  860.38
  772.40
 1015.07
 1326.59
 1326.05
 1313.62
 1312.77
 1320.33
 1314.30
 1294.08
  928.93
  936.18
 1002.42
 1667.15
 2461.19
 2481.43
 2473.70
 2443.63
 2399.54
 2018.91
 1531.43
 1530.72
 1499.21
 1494.39
 1483.32
 1490.77
 1502.46
 1483.41
 1461.74
 1358.56
 1236.96
  914.15
  806.86
  863.24
  518.37
  518.74
  741.79
  704.07
  739.27
  756.51
  762.12
  381.74
  378.91
  451.91
  471.05
  483.62
  493.36
  510.07
  382.39
  382.14
  485.58
  470.26
  650.13
  495.15
  487.59
  472.18
  481.47
  614.08
  610.68
  524.54
  439.79
  442.85
  337.88
  284.92
  313.64
  445.25
  463.94
  486.96
  467.26
  309.70
  289.99
  520.10
  551.58
  454.77
  383.18
  580.44
  512.76
  638.01
  723.27
  890.31
  865.82
 1143.52
 1171.92
 1138.90
 1161.47
 1112.68
 1190.04
  971.92
  859.76
  734.09
  651.57
  680.31
  440.55
  494.81
  569.59
  601.17
  606.43
  496.25
  564.92
  621.27
  567.70
  749.09
  606.49
  605.70
  522.02
  494.64
  655.96
  734.06
  736.18
  744.62
  708.71
  524.17
  460.74
  750.25
  709.20
  740.20
  728.08
  722.02
  686.91
  621.47
  831.92
  840.70
  809.64
  811.08
  799.13
  675.22
  650.18
  722.70
  713.73
  721.88
  709.14
  704.30
  704.95
  689.69
  713.73
  744.05
  750.54
  764.55
  702.17
  670.43
  621.24
  750.99
  754.59
  746.38
  742.98
  719.39
  626.51
  627.08
  777.84
  712.79
  727.74
  725.85
  744.53
  750.34
  543.20
  801.06
 1597.92
 1748.85
 1346.86
 1067.69
  765.40
  580.18
  782.73
  749.15
  676.55
  701.35
  693.82
  494.58
  470.40
  995.96
  704.41
  701.21
  530.43
  748.10
  440.13
  463.43
  753.26
  831.10
  822.41
  828.24
  856.30
  485.63
  654.74
  760.31
  746.38
  737.91
  707.44
  517.97
  416.43
  294.04
  818.92
  685.07
  692.43
  668.73
  690.53
  708.69
  480.42
  669.01
  603.83
  610.20
  681.73
  700.79
  990.98
  992.11
  776.65
  792.39
  790.21
  989.53
  989.53
  807.51
  794.40
  960.88
  992.68
  992.28
  995.00
  902.09
  814.59
  921.77
  711.49
  725.28
  708.23
  725.36
  691.21
  990.07
  991.74
  995.22
  994.43
  963.31
 1135.02
  955.95
 1328.91
 1336.70
 1352.07
 1351.31
 1574.11
 1834.90
 1454.55
 1825.45
 1788.83
 2046.83
 2567.77
 2983.09
 3158.91
 3076.12
 2921.14
 2756.48
 2200.84
 1882.28
 1910.48
 1941.69
 2455.01
 2957.86
 2855.22
 2751.75
 2677.67
 2332.60
 2013.16
 2053.76
 2060.56
 2052.72
 2031.62
 1997.64
 1968.67
 1941.86
 1570.51
 1338.08
 1303.17
 1323.61
 1597.61
 1892.67
 1882.84
 1726.31
 1606.33
 1601.40
 1596.56
 1595.74
 1597.86
 1460.36
 1326.05
  940.20
  932.76
  797.18
 1011.36
 1184.66
 1334.80
 1342.47
 1345.50
 1340.21
 1338.76
 1336.50
 1466.44
 1634.99
 1604.52
 1627.71
 1628.73
 1875.28
 2282.62
 2279.48
 2269.82
 2396.54
 2654.39
 2670.70
 2829.42
 2944.36
 2701.03
 2485.09
 2491.26
 2457.45
 2407.64
 1989.17
 1419.21
 1261.77
 1251.15
 1250.95
 1241.58
 1244.98
 1229.86
 1251.29
 1269.61
 1035.32
 1016.29
  891.27
 1038.44
 1260.69
 1265.28
 1257.69
 1263.10
 1265.79
  945.24
  929.16
 1256.59
 1168.01
 1249.99
 1253.47
 1162.07
 1248.23
 1260.07
 1464.07
 1709.86
 1587.75
 1447.78
 1621.56
 1819.36
 1738.63
 1801.91
 1652.00
 1417.14
 1273.04
 1273.47
 1269.42
 1067.66
 1131.14
 1152.52
 1258.17
 1257.30
 1260.07
 1251.52
  975.12
 1004.77
  454.83
  721.82
  538.36
  354.56
  353.76
  185.96
  179.98
  177.77
  282.23
  286.20
  267.45
  266.63
  266.15
  265.07
  266.63
  262.67
  258.16
  261.02
  261.17
  263.66
  260.88
  255.96
  257.00
  263.86
  264.03
  256.35
  257.80
  255.98
  256.66
  260.09
  335.92
  254.43
  251.57
  236.90
  217.62
  221.61
  218.66
  217.62
  217.62
  213.28
  214.19
  215.09
  215.24
  216.40
  217.02
  215.32
  213.57
  213.37
  472.64
  427.70
  451.06
  282.29
  285.04
  285.66
  207.19
  286.79
  287.02
  345.52
  374.32
  522.76
  374.21
  369.90
  295.51
  366.76
  367.47
  210.14
  517.83
  387.49
  285.49
  424.38
  416.40
  445.28
  382.36
  325.16
  426.76
  388.14
  209.15
  533.46
  632.80
  371.74
  549.35
  323.24
  363.64
  467.77
  540.31
  554.53
  567.95
  567.72
  245.71
  307.18
  647.46
  589.98
  600.06
  601.08
  648.71
  481.67
  510.07
  656.92
  696.23
  685.86
  700.33
  694.44
  514.18
  509.02
  612.92
  609.44
  512.99
  375.51
  367.33
  357.05
  382.39
  380.97
  379.79
  382.25
  384.46
  384.37
  348.01
  326.75
  552.60
  518.88
  420.00
  433.81
  418.86
  308.60
  266.49
  896.94
  926.64
  906.05
  836.71
  886.15
  822.92
  723.69
  798.62
  937.00
  960.62
  876.38
  705.03
  687.08
  682.86
  896.03
  898.83
  960.22
  948.61
  933.18
  576.96
  541.28
  905.88
  853.24
  886.54
  941.82
  887.14
  687.93
  593.07
  805.13
  833.93
  798.05
  782.79
  769.60
  544.45
  547.96
  710.78
  754.02
  682.55
  675.05
  688.86
  506.90
  389.81
  586.73
  779.73
  692.83
  772.09
  639.20
  466.61
  433.79
  830.25
 1035.24
 1261.15
 1075.98
 1050.50
  754.22
  647.86
  692.94
  778.20
  710.50
  697.25
  741.00
  582.48
  396.72
  754.81
  642.85
  629.88
  625.07
  627.87
  526.07
  540.31
 1020.26
 1115.26
 1009.78
  888.33
  640.90
  558.63
  466.07
  935.05
  970.28
 1063.24
 1081.34
 1055.17
  753.79
  727.40
  846.87
  837.39
  844.41
  807.45
  810.34
  353.00
  570.27
  874.28
  919.70
  723.58
  911.69
  855.20
  625.63
  726.58
  920.13
  912.88
 1083.88
  421.13
 1020.94
 1106.59
 1169.17
 1160.88
 1043.50
  998.57
  616.00
  511.46
  994.94
  972.51
  995.25
  993.81
  912.57
  777.58
  784.57
  961.61
 1006.61
 1004.63
 1000.04
 1001.60
  850.33
  558.63
  548.58
  645.57
  658.90
  688.55
  628.52
  590.58
  592.90
  414.81
  286.91
  578.43
  815.92
  613.74
  624.08
  629.82
  273.12
  271.25
  781.63
  859.02
 1197.35
 1178.46
 1152.35
  984.15
  939.04
 1110.19
 1110.78
 1206.41
 1332.19
 1332.48
 1325.03
 1208.28
 1200.29
 1178.86
 1299.88
 1326.28
 1329.67
 1332.85
 1332.87
 1323.39
 1325.06
 1328.48
 1301.90
 1262.85
 1309.06
 1314.69
 1311.32
 1464.41
 2496.98
 3677.85
 3643.36
 3539.75
 3421.07
 3291.24
 3420.17
 3664.43
 3455.11
 3248.79
 3172.85
 3103.84
 3042.99
 2992.35
 3020.25
 3388.37
 3577.44
 3437.72
 3320.83
 2829.84
 2572.67
 2923.29
 3215.46
 3097.30
 2934.96
 2970.89
 2929.21
 2898.60
 2660.48
 2447.76
 2441.48
 2429.84
 2431.51
 2425.34
 2412.31
 2435.02
 2223.75
 2040.31
 2043.46
 2046.40
 1851.95
 1618.05
 1621.03
 1623.91
 1484.23
 1325.09
 1324.49
 1323.39
 1318.86
 1326.45
 1327.83
 1330.92
 1326.36
 1255.46
 1314.47
 1313.45
 1472.73
 1655.01
 1915.24
 2205.17
 2157.91
 1751.54
 1315.80
 1313.70
 1075.59
 1138.22
 1024.36
  815.04
 1050.92
 1001.03
 1000.46
  996.95
  990.83
  856.56
  802.27
  547.79
  672.13
  771.46
  808.28
  857.04
  987.95
  988.88
  717.01
  675.58
  481.81
  756.40
 1079.15
 1305.43
 1057.69
  839.91
  853.21
  902.71
  810.48
  812.72
  892.32
  916.53
  957.65
  940.83
  944.76
  950.29
 1038.29
 1269.98
 1283.43
 2226.10
 3075.21
 2720.57
 2333.79
 2305.02
 2310.12
 2646.24
 3300.19
 3520.21
 3180.24
 2945.12
 2611.95
 2114.08
 2104.08
 1954.91
 1572.04
 1286.15
 1288.95
 1305.49
  910.84
 1310.76
 1491.73
 1767.82
 1762.41
 1567.45
 1312.37
 1142.27
 1045.06
 1070.32
 1213.63
  870.09
  727.49
  717.15
  883.43
 1057.44
 1517.30
 1699.04
 1685.39
 1669.67
 1452.63
 1140.69
 1332.36
 1289.66
 1566.91
 1886.98
 1874.43
 1671.77
 1451.04
 1439.97
 1376.09
 1272.11
 1235.29
 1291.25
 1442.91
 1543.86
 1539.39
 1423.20
 1051.01
  993.72
 1166.80
 1241.95
 1211.96
 1139.41
  982.79
 1227.73
 1495.98
 1929.96
 2173.49
 2613.53
 3729.05
 5157.38
 5095.59
 4296.94
 3112.56
 2497.83
 2473.59
 2479.82
 2464.33
 2307.45
 2135.20
 2055.21
 1795.43
 1347.77
 1341.79
 1341.37
 1344.91
 1293.66
 1307.16
 1298.36
 1288.30
  924.32
  652.08
  672.13
  851.09
 1010.49
 1012.89
  665.33
  545.01
  996.10
  894.22
  990.01
  904.38
  912.28
  634.52
  431.58
 1044.75
 1183.47
 1282.84
 1128.79
 1162.38
  722.73
  910.22
  906.56
  986.56
 1025.47
  930.55
 1053.73
  661.25
  723.58
  981.55
  923.24
  894.64
  886.88
  876.55
  644.18
  560.36
  823.40
 1006.52
  996.81
 1170.28
 1181.86
  797.66
  791.91
  992.99
  982.74
 1013.32
 1030.28
  965.01
  779.73
  746.29
  936.27
  999.24
 1065.34
 1155.02
 1209.16
  839.65
  829.63
  840.64
 1243.17
 1160.11
 1336.19
 1202.59
  767.58
  926.16
 1012.21
  822.32
  868.79
  951.70
 1122.93
 1090.71
 1080.20
 1128.74
 1106.68
  982.51
  947.34
  628.83
  670.80
  864.57
 1046.02
 1117.24
  992.14
  957.70
  933.80
  948.02
  786.61
 1169.94
 1009.38
 1050.89
 1046.51
  912.57
  837.16
  800.94
  751.22
 1046.11
 1072.39
  999.58
  974.21
  884.50
  974.07
 1171.52
 1054.80
 1119.17
 1166.85
 1148.47
  833.45
  586.30
  969.12
 1119.45
 1275.65
  930.60
  898.83
  480.51
  515.39
  770.36
  955.64
  884.50
  869.58
  614.67
  613.31
  964.56
  950.85
 1203.10
 1341.14
 1360.14
 1197.09
 1119.76
 1192.71
 1217.60
 1245.97
 1298.87
 1353.04
 1346.61
 1344.97
 1366.37
 1587.30
 1979.57
 2007.38
 2016.44
 2017.75
 2017.04
 2015.06
 2016.30
 2013.07
 2006.79
 1813.13
 1645.61
 1626.12
 1622.73
 1825.36
 2095.62
 2112.15
 2110.77
 2108.02
 2101.48
 2107.17
 2301.96
