19850101
   38.71
  103.98
  121.03
  239.45
  136.12
  132.18
  135.81
  149.23
  150.87
  148.58
  154.50
  151.55
   68.89
  247.63
  335.87
  174.18
   89.23
   88.24
   72.83
  204.02
  362.12
  184.00
  108.57
  107.58
  110.86
   78.07
   71.84
   95.77
   94.13
   59.38
   51.51
    5.58
    0.00
    0.00
    0.00
   34.43
    0.00
   33.47
  123.32
   71.84
    0.00
   71.19
   71.50
   69.86
   73.14
   71.50
   69.21
   68.89
   74.78
   67.90
   67.56
   70.20
   30.19
   30.19
    0.00
   79.71
   73.48
   76.43
   76.77
  174.18
   36.08
   38.06
   71.84
  114.15
  148.58
  132.83
   78.07
   77.08
   38.37
   82.01
  123.66
  162.68
  157.78
   75.78
    0.00
    0.00
   78.38
   77.73
   72.49
   84.30
   76.74
    0.00
    0.00
   52.47
   52.81
  112.50
  120.71
   46.24
    0.00
    0.00
   34.43
    0.00
    0.00
   44.94
    0.00
    0.00
    0.00
   60.34
   13.79
   21.97
   63.63
    0.00
    0.00
    0.00
    0.00
   52.16
    0.00
    0.00
    0.00
    0.00
    0.00
  133.83
   88.24
    0.00
    0.00
    0.00
    0.00
    0.00
    0.00
    0.00
   53.80
    0.00
    0.65
   53.77
    0.00
  143.37
    0.00
    0.00
    0.00
   41.99
    0.00
    0.00
    0.00
   36.73
    0.00
   30.84
   30.53
    0.00
    0.00
   44.94
   87.58
  101.35
   18.38
   45.93
    0.00
    0.00
    0.00
  163.67
    0.00
   99.70
   91.18
    0.00
   95.46
  186.98
  136.12
  161.04
  164.32
   46.89
    0.00
    0.00
  125.30
   49.87
   81.35
    0.00
   46.24
    0.00
   54.76
   65.27
    0.00
    0.00
   24.92
  151.01
    0.00
    0.00
  196.80
  251.91
  165.31
   99.39
   22.31
   30.50
    0.00
  102.68
   50.52
  105.62
   44.29
   70.20
   41.65
    0.00
  105.62
  110.21
  119.07
  106.92
  197.14
   43.64
    0.00
  174.18
   45.28
    0.00
   50.52
  213.20
  118.08
   89.23
  234.52
  224.69
  147.93
  106.92
  116.13
   49.87
    0.00
  165.97
  160.08
  168.60
  214.19
  169.25
   46.24
   49.21
  192.87
  205.33
  194.17
  196.80
  200.74
  124.96
  125.30
  173.53
  233.76
  229.59
  146.28
  140.71
    0.00
    0.00
  133.83
  126.94
  130.88
  130.54
  129.55
    0.00
    0.00
  160.73
    0.00
  100.38
  102.99
  190.52
    0.00
    0.00
    0.00
  149.23
  149.23
  147.28
  175.17
   66.91
  104.97
  175.17
  178.42
  175.82
  171.37
  107.07
   49.21
    0.00
  108.91
  192.53
  199.10
  193.52
  195.50
   61.67
    0.00
   79.06
   82.01
   71.50
  176.13
  166.62
   65.61
    0.00
  165.97
  198.78
   87.58
   85.60
   80.02
   67.25
    0.00
  198.44
   56.44
  106.27
   77.73
   67.25
   50.18
    0.00
   80.02
   78.72
  215.18
   71.50
  135.47
   49.21
    0.00
  150.56
   54.11
   63.32
   61.33
    0.00
    0.00
    0.00
   61.33
   57.09
   18.38
   20.98
   17.05
    0.00
    0.00
   17.05
   23.62
   19.68
   41.00
   38.71
   17.05
   17.39
  134.82
  143.34
  135.81
  137.76
   57.74
   37.41
   41.00
  110.55
  114.48
  110.55
  107.58
  105.62
   42.31
   39.02
  114.48
   73.14
   39.02
   40.35
   36.08
    0.00
    0.00
  189.58
  266.01
  270.60
  171.23
  146.94
   60.68
   57.74
  296.85
  294.21
  294.86
  303.42
  153.51
  308.65
  307.66
  303.73
  275.86
  312.59
  326.35
  298.15
  189.92
  193.21
   85.60
  132.18
  313.58
  324.74
  135.47
  142.69
  132.18
  135.13
  134.17
  138.10
  148.27
   53.46
   84.64
   79.71
  181.06
  171.23
  204.67
  211.56
   56.10
   43.95
   45.59
  140.71
  151.55
   88.58
   75.12
   44.29
   32.48
   34.43
  114.48
  113.49
  106.92
  114.15
  115.45
   17.73
   16.74
  240.44
  363.11
  146.28
   93.16
   14.10
   13.11
   13.11
   10.82
   13.11
   14.10
  150.87
   88.89
   13.11
   13.79
   90.87
  213.85
  269.29
  243.04
  145.29
   76.09
   44.60
   30.84
    0.00
    0.00
    0.00
   36.42
    0.00
    0.00
   30.84
   48.54
    0.00
    0.00
   46.24
   85.69
   39.02
   41.99
  238.14
  279.12
  275.52
  227.30
   41.00
   37.07
  156.14
  143.34
  141.36
   37.72
   41.34
    0.00
    0.00
    0.00
   62.98
   39.70
  169.25
  165.31
  160.19
    0.00
   72.15
    0.00
    0.00
   28.20
    0.00
    0.00
    0.00
   40.66
    0.00
   46.58
   37.07
    0.00
    0.00
    0.00
   38.37
    0.00
    6.23
   38.71
    0.00
    0.00
    0.00
   32.79
    0.00
   33.78
    7.53
    0.00
   38.71
    0.00
    0.00
   23.62
    0.00
    0.00
   33.13
    0.00
    0.00
   36.42
    0.00
    0.00
   37.07
   10.82
    0.00
    0.00
   34.77
    1.64
    5.58
   22.63
   27.89
   25.26
   25.91
   27.89
   25.26
   24.61
   26.56
   22.96
   24.61
   25.91
   25.26
   26.25
   25.60
   27.21
   22.96
   24.61
   24.27
   41.99
   41.99
   34.77
   80.02
   20.67
    0.00
    0.00
   39.70
   85.29
   38.37
   40.66
   34.12
   39.02
   41.65
   39.70
   38.37
   40.35
   41.34
   75.78
   40.35
   36.08
  104.32
   80.36
   67.25
   50.83
   71.84
   43.30
   35.42
  190.23
  105.59
   76.77
   46.58
  148.92
   39.36
   39.70
   74.13
  116.78
   79.06
   39.02
   41.00
   34.43
   41.00
  178.76
  143.00
  148.92
   95.12
  142.35
   33.13
   88.89
  118.42
   46.58
  169.90
  169.59
  161.38
   33.47
   34.43
  139.74
  159.08
  134.48
  180.72
  189.27
   42.96
   42.65
  123.66
  114.06
  112.19
   94.80
  118.08
   36.08
   38.37
  101.03
  129.89
   32.48
  113.15
   46.58
   35.42
   30.50
   96.76
   29.85
   89.23
  127.26
  164.66
   47.57
   40.66
  163.36
  103.64
   31.49
  100.69
   98.40
   29.85
   28.20
  156.45
  156.14
  162.37
  159.74
  165.97
   39.02
   45.28
  129.89
  134.17
  144.64
  142.35
  149.57
   54.45
   43.64
  141.70
  137.76
  184.65
  191.88
  194.51
   34.12
   33.13
  126.94
  186.64
  186.98
  191.88
   63.63
   39.70
   40.35
  119.07
  157.78
  160.39
  155.49
  163.22
   81.35
   80.02
  160.73
  158.74
  178.76
  181.71
  188.59
   35.76
  105.28
  136.46
   89.91
   43.30
   48.54
   48.87
   35.76
   31.49
   40.35
   41.99
   35.42
   32.79
   45.28
   44.29
   65.27
  195.81
  194.51
  201.73
  202.38
  184.99
   22.63
    0.00
   65.27
   59.69
   55.44
   63.97
   50.18
   24.61
   32.48
  108.57
  102.68
   92.82
  166.62
  172.53
   34.43
   32.14
   79.88
   83.96
   90.87
  246.02
  176.47
  121.03
   83.65
  109.22
  111.85
  116.13
  139.74
  114.15
   72.49
   69.21
   51.82
    0.00
    5.24
    0.00
    0.00
    0.00
    0.00
   59.04
   92.82
   87.90
  102.00
  100.38
  136.77
  130.54
  250.26
   73.48
    0.00
    0.00
   56.41
    0.00
    0.00
   57.40
    0.00
    0.00
   62.98
   62.64
    0.00
    0.00
  155.49
  247.97
  234.86
  149.57
  297.19
  295.20
  225.01
  258.14
  290.28
  294.55
  289.94
  300.78
  193.52
  146.28
  262.41
  266.01
  268.30
  268.95
  268.30
  204.02
   95.12
  246.33
  244.37
  243.69
  154.16
  153.85
  105.62
  104.63
    1.64
   85.29
   37.41
    0.00
    0.00
    0.00
    0.00
  176.47
  232.23
   49.21
   50.83
    0.00
    0.00
    0.00
  155.15
  161.04
  161.04
  154.81
  162.03
   32.14
   28.20
  294.86
  237.80
  118.08
  121.37
  119.72
   71.50
   29.85
   93.81
   98.40
   99.05
   76.43
   80.70
   64.00
   30.50
  221.72
  220.42
   29.85
   33.13
  127.26
    0.00
    0.00
  218.12
  224.69
  226.34
  222.40
  225.66
  131.87
  130.54
  129.89
  177.77
  196.15
  175.82
  176.47
  177.12
   89.23
  132.52
  190.91
  191.56
    0.00
    0.00
    0.00
   29.53
   76.77
   75.44
  134.48
   71.50
  102.34
   34.77
   30.84
  156.14
  290.62
  202.72
   71.19
  284.39
  144.98
   24.27
   92.51
  213.20
  217.78
    0.00
    0.00
    0.00
   29.53
  223.05
  227.64
  194.85
  221.72
  137.11
  128.59
  129.89
  161.38
  149.57
  156.79
  152.85
  159.42
  109.56
   76.77
  197.45
  212.55
  215.83
  248.62
  247.32
   89.23
   51.17
  216.48
  282.74
  282.74
  249.95
  247.32
   32.79
   32.14
  278.81
  277.51
  279.46
  245.34
  146.28
  101.03
   37.41
  231.58
  157.44
  185.65
  204.02
  114.80
   50.52
   38.71
  124.00
  265.70
  261.08
  263.06
  263.06
   47.88
   49.87
  238.14
  233.53
  231.58
  127.94
  122.02
   64.28
   51.82
  235.51
  255.19
  215.18
  144.33
  154.16
   49.21
   43.95
  141.05
  198.10
  181.71
  200.74
  165.31
   47.23
   43.95
  229.59
  146.28
  180.41
  186.98
  234.21
   45.28
   44.60
  223.05
  248.62
  163.36
  196.15
  133.83
   47.88
   61.67
  217.13
  141.05
  227.64
  293.90
  333.91
   99.70
   93.81
  265.02
  261.76
  142.35
  228.63
  212.21
  171.23
  164.66
  229.59
  241.40
  217.78
  215.18
  215.83
  184.34
  160.73
  247.32
  247.32
  221.07
  240.10
  232.88
  247.97
  204.02
  234.21
  210.59
  211.24
  173.19
  249.95
  213.20
  176.47
  255.19
  257.15
  189.58
  257.15
  264.37
  214.53
  175.82
  206.66
  228.29
  196.15
  200.09
  198.10
  174.49
  143.68
  244.69
  205.33
  203.37
  154.81
  134.48
  141.05
  148.27
  173.84
  118.08
  122.02
   89.23
  139.74
   59.69
   64.96
  179.76
  213.20
  188.93
  189.58
  202.72
   61.02
   60.34
  168.82
  178.42
   44.60
  186.98
  191.56
   42.65
   28.20
  159.42
  226.99
  218.46
  160.73
  103.64
   42.65
   39.36
  188.28
  203.37
  240.75
  177.12
  150.22
   92.51
   49.21
  203.37
  164.66
  170.55
  170.55
  312.25
   55.76
   47.23
  184.34
  178.42
  237.47
  221.72
   99.70
   57.74
   41.99
  103.64
  111.51
  137.11
  286.68
  158.74
   41.34
   37.41
   79.37
   74.13
   78.07
   43.95
   15.74
   43.95
   43.95
   53.80
   38.06
   49.21
   45.93
  264.37
   51.17
   49.87
   82.01
   64.96
   54.45
  162.68
   48.54
   36.08
   38.06
   80.02
   77.42
  146.94
  160.08
  160.73
  132.52
   58.39
   58.39
   55.76
   48.54
   52.47
   49.21
   32.14
   39.36
  289.31
  108.91
   36.08
   36.73
   38.71
   35.42
   37.41
  106.92
   81.35
   62.33
   54.45
   54.45
   53.80
   51.17
   55.76
   78.07
  232.23
  228.29
  227.64
   13.11
   13.11
   15.74
   15.09
   12.46
   12.46
   11.81
    0.00
    0.00
    0.00
  114.15
  109.56
   14.44
   14.44
   14.44
   15.09
   36.08
  188.93
  191.56
  183.69
  127.26
   37.41
   34.77
  136.46
  184.99
  121.37
  355.55
  150.87
   38.06
   36.08
   38.06
   36.73
    0.00
    0.00
   11.81
    0.00
    0.00
   36.73
  101.03
  122.67
   36.08
   17.73
   19.03
   18.38
   73.48
   86.59
   40.01
  102.99
  172.53
   26.90
   18.38
   69.55
  116.78
  132.52
  117.43
  135.24
  101.03
   34.12
   68.22
  114.15
   66.91
  121.37
   37.41
   32.79
   36.73
  141.05
   76.77
  172.53
  172.53
   66.91
    0.00
   14.44
   31.49
   31.49
   19.68
   15.09
   13.79
   19.68
   18.38
   17.73
   19.68
   41.34
   19.03
    5.92
   20.33
    0.00
  128.59
   93.16
   85.94
   19.03
   15.74
   14.44
   12.46
   13.11
   10.51
   13.79
   13.79
   13.79
   14.44
   13.79
   14.10
   13.79
   14.44
   15.74
   14.75
   12.80
   14.10
   14.75
   14.44
   17.05
   12.46
   14.75
   15.40
   14.44
   14.44
   14.75
   15.40
   15.74
   16.74
   14.44
   13.45
   10.17
   10.51
    9.85
   10.82
    9.51
    9.51
   10.51
   11.81
   12.15
    9.51
    9.85
   10.51
   10.51
   10.17
    9.85
    9.51
    9.17
   10.17
   10.17
   10.82
    9.51
   10.17
    9.17
   10.17
   10.51
   10.82
   10.17
   10.17
   10.51
   10.17
   21.32
   20.33
   21.66
   20.67
   18.69
   86.25
   30.84
   29.19
   29.53
   29.22
   41.99
   41.99
   43.64
   47.23
   43.64
   48.87
   54.11
   50.83
   53.46
   58.39
   78.38
  117.43
   61.67
   64.62
   62.33
   88.89
  102.68
  119.38
  103.98
  105.62
  105.93
   55.76
   53.15
  174.18
  156.45
  209.91
  154.16
  151.21
   33.47
   39.02
   90.87
   46.24
   89.54
   91.83
   87.90
   61.02
   61.67
   64.28
  165.97
  113.15
  170.89
  169.59
   48.87
   53.15
  107.92
  106.92
    0.00
  156.45
  160.73
   53.46
   57.09
  102.99
   28.85
   30.50
   32.48
   29.85
   28.54
   28.20
   30.84
   30.19
   75.44
   74.78
  141.36
   29.19
   31.15
   59.69
  131.87
   69.86
  100.38
  143.68
   26.90
   28.20
  112.50
  143.00
  152.51
  154.16
  145.63
   89.88
   27.55
  170.55
  153.51
  184.65
  110.55
  112.84
   28.20
   12.80
   14.44
   29.53
   48.22
   28.54
   27.55
   29.53
   28.20
   72.15
   61.67
   64.28
  165.97
   65.27
   39.02
   28.20
   27.21
   29.85
   30.19
   30.19
   30.19
   28.85
   28.54
  213.85
  130.23
  133.83
  131.87
   53.80
   28.85
    0.00
   15.40
   15.74
   15.09
   15.40
  131.87
    0.00
    0.00
   14.44
   13.45
   14.10
   14.44
   14.75
   14.75
   14.44
   15.09
   14.10
   14.10
   93.81
   98.40
   11.81
   14.44
   15.09
   15.40
   65.27
   68.89
   73.14
   15.09
   14.75
   25.91
   24.61
   66.57
  173.53
  102.00
   23.96
   24.27
  148.92
  199.44
  204.67
   67.25
   45.28
   22.63
   22.96
  154.16
  178.42
   82.01
   24.92
   25.26
   29.85
   30.50
  124.28
   18.04
   18.04
   19.68
   20.33
   18.38
   17.05
   38.06
   17.39
  153.85
  153.51
  157.10
   13.79
   15.74
   17.39
   67.56
  114.48
   12.15
   13.11
   11.81
   11.81
   17.39
   73.48
   37.07
   31.49
   27.89
   28.20
   27.21
   94.47
   12.80
   55.10
   55.76
  165.97
   58.39
   11.81
  175.17
  176.47
   13.11
   11.47
   46.24
   17.39
   17.73
   97.10
   12.80
   13.79
   11.81
   12.15
   15.09
   11.81
   13.11
   11.47
   12.46
  175.82
   10.82
   11.16
   11.16
   11.81
   13.11
   11.16
   11.47
   12.15
   11.47
   13.79
   57.40
   11.47
   12.15
   10.82
   11.47
   11.16
   12.15
  227.95
  226.31
  225.35
  130.88
  138.10
  130.54
  130.23
   70.51
   37.41
   37.72
   37.72
   36.08
   30.19
   28.85
  160.39
  101.35
  101.69
   39.02
   40.66
   39.02
   89.23
  166.62
  108.26
  104.97
  112.84
  111.85
   28.85
   29.19
  144.33
  143.34
  145.63
  146.62
  278.81
   80.36
   54.45
   90.19
   39.70
  121.68
  237.18
  240.75
   11.16
   11.16
   13.45
   78.07
   75.12
   72.83
   72.49
   74.13
   64.28
   74.13
  122.67
  292.26
   11.47
   10.82
   13.79
   12.46
   28.85
   29.53
   11.47
   59.04
   59.04
   11.81
   12.46
   10.82
   39.02
  116.44
   27.21
   11.16
   11.16
   10.51
   11.47
   11.81
   10.82
   10.17
   11.81
   10.82
   10.51
   22.63
   10.17
   10.82
   54.76
   11.16
   10.82
    9.85
   11.16
   10.82
   10.51
   10.82
   10.51
   10.51
   12.15
   10.82
   12.15
   10.17
   10.51
    9.85
   10.51
   10.51
   10.51
   10.51
   10.17
    9.85
    9.51
   11.16
   10.17
   10.82
    9.51
   11.81
   10.17
   11.47
   10.17
   10.17
   11.47
   10.17
   10.51
   10.51
   10.51
   10.51
   10.82
   75.12
   10.51
   11.81
   10.17
    9.85
    9.85
   10.82
   66.26
   10.82
   89.23
   68.89
  152.85
   10.51
   10.51
   10.82
  155.80
  187.94
  183.69
  160.73
   97.10
   10.51
   93.81
   16.40
    8.86
    9.51
   10.17
   10.82
   10.51
  113.15
   10.82
  143.68
  145.63
   10.51
   10.51
  218.46
  401.82
  252.90
  248.62
  260.12
  262.07
  251.57
  257.15
  252.25
  200.74
  175.48
  151.55
  148.92
  146.28
  195.73
  198.78
  133.17
  197.45
  191.56
  197.14
  142.35
  137.76
  231.89
  202.04
  197.79
  191.88
  191.88
  191.22
  123.66
  192.87
  193.52
  197.45
  197.14
  198.10
  171.35
  171.23
  247.97
  246.67
  249.61
  233.87
  246.98
  124.00
   86.25
  253.55
  139.06
  144.33
  147.62
  146.62
  145.63
  114.80
  273.88
   19.68
  136.12
   25.91
  279.80
  197.45
  198.16
  240.75
  233.22
  239.45
  234.86
  241.74
  204.02
  197.45
  240.44
  230.58
  231.89
  232.23
  211.24
  184.34
  181.71
  225.01
  222.40
  276.83
  212.89
  272.24
  181.40
  184.65
  184.00
  269.29
  283.73
  288.97
  274.53
  269.94
  273.57
  343.09
  326.04
  290.62
  204.67
  198.10
   63.32
   10.82
  191.22
  282.40
  280.76
  287.67
   98.40
  195.16
  327.34
  344.42
  199.75
  199.75
  199.75
  290.93
   20.02
   44.94
  237.80
  224.69
  229.93
  231.58
  225.01
  228.94
  227.95
  225.66
  231.58
  230.58
  229.59
  228.94
  231.58
  230.27
  257.49
  238.46
  295.20
  281.75
  292.91
  296.19
  295.85
  257.15
  254.54
  257.15
  275.52
  261.42
  256.83
  259.13
  257.49
  263.71
  218.46
  233.53
  224.01
  180.07
  178.11
  209.60
  216.14
  211.90
  139.06
  142.35
  143.00
  142.04
  144.98
  265.02
  269.63
  271.59
  268.98
  265.36
  146.28
  274.22
  274.87
  278.16
  201.73
  264.05
  277.17
  203.03
  276.51
  277.51
  276.17
  271.59
  276.83
  275.18
  281.75
  358.52
  357.19
  297.84
  313.24
  365.40
  349.66
  243.69
  267.00
  385.08
  374.29
  358.18
  384.09
  378.85
   86.93
  380.81
  333.91
  403.12
  395.59
  454.94
  449.36
  447.72
  136.46
  105.93
   67.90
   67.90
   69.55
   68.89
   29.85
   55.76
   49.53
   12.15
   11.81
   62.98
   11.16
   10.51
   81.01
   91.83
  174.83
  152.51
  172.85
  110.55
  114.48
  167.95
  171.57
  172.19
  170.89
  166.30
  108.26
   83.31
  344.42
  233.87
  160.73
  162.37
  162.03
   10.82
   55.76
  236.81
  283.39
  368.35
  359.82
  351.95
  172.19
   11.81
  320.46
  304.07
  305.06
  311.29
  301.12
  148.92
  149.23
  368.03
  376.22
  341.44
  338.84
  313.58
  310.95
  445.42
  496.59
  496.59
  498.23
  496.59
  495.60
  457.88
  481.50
  343.74
  307.66
  271.59
  275.18
  276.83
   73.14
   73.48
  112.50
  111.20
  115.79
  201.39
  138.10
   17.05
   10.82
  138.10
   71.50
  127.94
   73.14
   75.78
   11.16
   10.82
  110.21
  198.78
  111.85
   59.69
   53.80
   10.82
   10.82
   10.51
   10.17
   10.51
   10.17
   30.47
   20.02
   10.82
   10.17
  102.99
  106.27
  100.04
  102.00
   25.91
   26.56
   10.17
    9.85
   10.51
   55.76
   50.52
   21.66
   22.31
   56.41
   56.41
   57.09
   67.56
   57.40
   28.54
   31.15
   29.53
   30.84
  160.39
  165.97
   41.65
   29.19
   29.53
   31.83
   27.55
   28.54
  141.36
   33.47
   29.85
   33.13
   29.85
   30.19
   75.78
   36.08
   29.53
   28.85
   28.20
   75.78
  190.91
  188.93
  154.81
   23.96
   10.82
   11.16
  166.62
  164.66
  244.69
  237.80
  236.50
   13.79
   11.16
   14.10
  187.63
  204.02
  196.46
  191.56
  159.08
  160.73
  194.17
  188.28
  191.88
  198.78
  229.28
  129.24
  120.37
  159.42
  185.33
  246.33
  232.88
  222.71
  120.71
  121.68
  190.23
  189.58
  189.27
  194.51
   24.27
   31.83
   31.83
  116.44
   91.83
  144.64
  171.88
  173.19
   50.83
   33.13
  162.37
  133.17
  144.64
  161.38
   47.57
   31.49
  138.75
  197.79
  103.98
  201.39
   10.82
   10.82
   10.51
   10.51
  202.69
  198.78
  200.09
  203.03
  199.75
   30.50
   30.50
  162.03
  199.10
  238.46
  243.38
  260.43
  258.14
   31.15
  283.06
  279.46
  267.65
  262.07
  271.59
  177.46
  175.17
  275.86
  217.13
  269.94
  237.47
  280.45
  184.00
  182.36
  275.52
  277.51
  232.57
  231.58
  231.58
  174.83
  176.13
  283.39
  274.53
  208.61
  285.35
  242.05
  288.63
  297.50
  320.43
  322.08
  296.82
  154.81
  145.97
  131.87
  159.74
  211.56
  214.84
  260.77
  249.95
  271.25
  267.31
  143.34
  272.58
  267.65
  263.71
  270.28
  294.21
  147.62
   11.16
   93.81
  102.68
  140.71
  189.92
  213.54
   34.77
   34.43
   35.76
   30.50
   34.43
   34.77
  105.93
   34.77
   35.08
   35.42
   34.43
   36.73
   36.08
   34.77
   36.08
   39.02
   97.41
  123.32
   92.82
  104.97
  106.27
   34.43
   33.78
  283.06
  281.75
  282.09
  270.94
  275.86
  133.83
   32.48
  245.68
  178.42
  133.17
  218.12
  225.01
   35.42
   78.07
  153.51
   95.77
   98.40
  136.12
  133.17
   37.41
   37.41
  161.72
  225.35
  274.22
  307.01
  300.78
   33.47
   34.12
  133.17
  137.11
  132.18
  133.49
  130.54
   33.13
  144.33
  154.50
  133.49
   35.08
   35.08
   35.42
   35.08
   36.42
   94.47
   34.12
   34.77
  167.95
  123.01
   38.71
   37.41
  102.68
  159.08
  156.79
   86.59
   33.47
   34.12
   33.78
   43.30
   41.65
   42.65
   42.65
   42.96
   43.30
   46.89
   69.55
   72.15
   71.50
   75.44
   69.86
   13.45
   11.47
   11.16
   11.47
  108.57
  228.63
  165.97
  147.28
  154.81
  307.35
  298.49
  340.48
  428.38
  431.97
  176.13
  178.11
  294.86
  296.85
  294.86
  294.86
  224.69
  115.45
  227.30
  232.23
  235.82
  232.23
  231.89
  231.89
   86.59
   88.24
  295.20
  290.93
  298.80
  185.33
   93.16
   88.24
   18.38
  137.76
   95.77
   99.05
  194.17
  151.86
   98.40
   49.53
   26.56
   29.85
   59.04
   28.20
  190.57
   29.19
   28.20
   56.75
   19.68
   10.82
   11.47
  219.12
  202.72
   11.16
   47.23
    9.85
    9.85
  337.51
  306.36
  363.42
  360.16
  331.28
  337.51
  367.69
  334.88
  332.92
  332.27
  332.27
  332.27
  331.28
  332.61
  331.28
  330.63
  171.54
  171.54
  225.03
  283.06
  289.96
  290.93
  291.61
  112.19
  112.84
  119.72
  112.84
  109.22
  113.15
  223.05
  114.15
  113.49
  199.75
  221.41
  216.14
  214.53
  218.12
  213.54
  205.33
  209.60
  136.77
   78.38
   76.43
  128.59
   34.12
   20.02
   63.63
   11.47
   11.47
   10.82
   10.51
   11.81
   11.47
   10.82
   10.82
   11.16
   11.47
   11.16
   11.81
   12.46
   11.81
   12.15
   11.81
   12.15
   11.47
   12.80
   12.15
   12.15
   13.79
   12.80
   11.81
   13.11
   13.11
   12.80
   12.46
   11.81
   11.81
   12.80
   11.81
   13.11
   11.81
  100.38
  244.69
  240.75
  243.69
  240.10
   29.53
   30.84
   31.49
   11.47
   67.56
   62.64
   63.97
   24.27
   24.27
  173.19
   25.91
  173.84
  195.81
  194.17
   11.81
   11.81
  194.51
  191.56
   12.46
   12.46
   12.46
   12.46
   12.46
   73.79
   60.03
   64.28
   61.99
   63.63
   11.81
   11.81
  108.26
  158.09
  258.48
  255.19
  261.08
   38.37
   12.80
  111.20
  116.13
   61.02
  251.57
  242.08
   13.79
   14.13
  192.53
  191.56
  194.51
   60.34
  108.91
  196.46
  196.80
  199.75
  247.63
  247.32
  245.68
  252.56
  198.44
  200.09
  170.89
  173.19
  174.83
  169.59
  169.90
  173.84
  172.53
  193.86
  194.51
  243.04
  188.59
  192.21
  119.38
  112.84
  215.18
  217.13
  128.25
  132.52
  224.01
  202.04
  199.07
  222.40
  229.59
  236.81
  232.23
  227.95
  151.21
  143.00
  219.12
  237.47
  233.22
  235.82
  233.87
  157.44
  157.78
  244.03
  251.57
  226.65
  220.42
  224.69
  159.08
  161.72
  224.01
  221.41
  224.01
  184.34
  205.98
  160.08
  163.67
  224.04
  226.65
  214.53
  308.99
  263.06
  257.15
  171.88
  229.93
  257.15
  261.11
  264.37
  234.52
  225.01
  226.99
  236.16
  238.46
  191.56
   86.25
   77.42
   38.37
   45.28
  125.30
   78.07
   75.44
   77.08
   83.00
   44.60
   45.93
  177.12
   76.43
   71.50
   11.81
   13.71
   12.15
  118.08
  114.80
  117.09
  114.15
  114.80
  116.13
   21.32
   21.66
  208.61
  143.34
   18.69
   18.69
   58.05
   56.10
   58.05
   96.76
   96.11
   97.10
   97.10
   11.81
   12.80
   63.97
   92.82
  108.91
   96.76
   96.45
  101.03
   63.32
   65.27
  149.23
  156.14
  151.21
  184.34
  178.42
  184.65
  189.27
  188.28
  178.42
   69.86
   69.21
   69.21
   30.50
   31.15
   75.78
   69.86
   72.83
   75.44
   35.08
   60.68
  119.38
  129.55
  115.45
  116.13
   30.50
   31.15
   32.14
   30.19
  115.45
  113.49
  219.43
  199.75
  212.55
  211.56
  215.83
  222.71
  224.35
  217.78
  217.78
  228.94
  225.35
  391.31
  388.37
  391.96
  400.17
  376.56
  377.21
  207.31
  206.97
  384.74
  336.86
  231.89
  372.62
  375.23
  208.61
  113.15
  254.85
  282.40
  276.51
  286.34
  283.73
  240.75
  243.69
  332.61
  309.96
  322.10
  328.67
  228.94
  116.44
  113.15
  192.21
  201.73
  195.50
  278.47
  264.05
  172.85
  180.72
  251.57
  167.30
  118.42
  117.74
  105.62
   17.39
   16.74
   58.70
   21.66
   19.68
   84.64
   88.58
   60.34
   61.33
   77.08
   76.43
   72.83
   69.21
   76.43
   40.35
   37.41
   36.08
   13.45
   14.10
   12.80
   12.46
   13.45
   11.81
   13.11
   13.45
   13.79
   14.44
   15.09
   15.09
   15.40
   14.44
   13.11
   13.45
   14.75
   12.46
   14.44
   13.45
   14.44
   13.45
   14.10
   14.10
   15.40
   15.40
   16.40
   97.10
  110.21
  141.05
  110.55
  112.50
   41.00
   19.68
   18.38
   21.66
   22.96
   87.90
  140.39
   21.32
   21.66
   28.54
   17.73
   16.74
   14.75
   13.79
   13.45
   14.10
   88.89
   87.90
   83.00
   83.31
   80.36
   29.85
   15.09
   57.74
   26.90
   26.90
   26.90
   27.21
   33.13
   29.53
   27.55
   12.15
   11.81
   29.85
   29.85
   30.84
   29.19
   30.19
   27.55
   28.54
   27.55
   27.21
   27.21
   27.55
   26.25
   29.19
   29.85
   27.21
   25.91
   25.60
   25.60
   23.62
   25.60
   25.91
   26.90
   29.85
   13.45
   11.81
   11.81
   11.81
   11.16
   12.80
   12.46
   12.46
   11.81
  148.92
  155.80
   12.15
   11.81
   12.15
   11.81
   11.81
   11.81
   12.80
   12.15
   12.46
   11.81
   12.15
   12.80
   49.87
   45.28
  100.69
   14.75
   22.96
   11.47
   11.81
   56.75
   48.54
   51.51
   45.93
   50.18
   46.58
   48.87
  260.77
  235.51
  242.08
  184.99
  239.45
   12.46
   11.81
  201.39
  195.50
  206.97
  205.98
  204.67
   31.15
   30.84
  188.93
  186.64
  274.87
  275.86
    9.85
   13.45
   11.81
  245.34
  155.15
  240.10
  246.98
  245.68
  246.02
  248.31
  298.49
  302.08
  130.23
  296.19
  306.02
  112.84
  112.50
  283.06
  273.23
  276.51
   97.10
  263.06
  195.16
  196.15
  235.51
  235.17
  237.47
  232.57
  235.51
  117.09
  113.49
  201.73
  200.09
  270.94
  270.60
  269.94
  104.63
  199.44
  245.68
  213.85
  218.78
  129.89
  116.13
   54.76
   56.10
  143.34
  139.06
  148.27
  145.97
  140.06
   30.19
   29.19
  253.55
  231.24
  252.90
  153.51
  117.09
   17.39
   11.47
  184.00
  195.50
  192.53
  127.26
   44.94
   43.64
   46.89
   43.30
  274.22
  278.47
  278.16
  180.07
   72.15
   70.85
  286.99
  284.39
  283.06
  282.74
  124.65
   11.81
   12.15
  234.21
  236.16
  168.60
   13.79
   75.78
   72.46
   77.73
  222.40
  116.44
  115.45
  108.91
  113.81
   12.46
   12.15
   22.31
   40.01
   47.57
   45.93
   45.59
   16.08
   16.74
  147.28
  149.57
  145.63
  147.62
  194.85
   13.11
   11.81
  180.41
  280.45
  266.66
  324.74
  322.76
  124.96
  122.67
  209.60
  206.66
  262.07
  268.30
  270.28
  148.27
   51.82
  120.71
  126.94
  126.29
  133.83
  132.83
  130.23
  125.30
  121.68
  124.96
  127.26
  103.98
  102.00
   39.02
   39.70
  143.68
  141.70
  140.39
  142.35
  147.62
   86.59
   82.66
  239.45
  138.75
   85.29
  201.08
  197.79
  201.39
  202.38
  202.38
  204.02
  209.60
  203.68
  203.03
  195.50
  198.78
  205.01
  203.03
  201.39
  171.54
  170.24
  129.24
  126.60
  162.03
  169.59
  175.82
  124.31
   73.14
   15.74
   12.46
  323.41
  379.50
  366.05
  337.20
  341.78
  342.10
  344.73
  350.65
  353.59
  355.55
  354.58
  353.59
  334.56
  337.85
  338.16
  341.78
  347.02
  351.61
  351.30
   83.65
   82.01
  258.48
  299.79
  352.94
  391.65
  314.23
   27.21
  171.54
  255.84
  259.47
  255.84
  252.90
  257.15
   59.69
   58.39
  108.91
  110.86
  115.45
   82.01
   82.66
   83.00
   83.31
   83.65
   83.31
   84.30
   83.96
   82.66
   53.15
   56.75
   85.94
   88.58
   92.17
   14.75
   13.45
   12.80
   13.11
   57.74
   70.51
   55.76
  194.17
   96.45
   13.11
   12.15
   13.45
  151.55
  150.56
  156.79
  149.23
   13.79
   19.03
  220.42
  218.78
  138.10
  144.64
  143.34
   58.70
   59.69
  140.39
  180.07
  185.65
  130.54
  123.01
  162.37
  160.39
  163.02
  162.37
  207.62
  127.60
  105.28
   15.40
   15.09
   54.11
   12.15
   12.80
   82.32
  140.71
  192.53
  195.50
   85.60
   61.02
   56.41
  209.60
  200.40
  257.49
  254.20
  255.50
  256.49
  255.50
  253.89
  115.14
   80.70
   29.19
  122.67
  113.49
  113.15
   47.57
  199.44
   87.90
   91.52
  105.62
  141.36
   84.30
   84.30
   88.24
   17.73
   15.09
   87.90
   89.23
  125.30
  100.38
   99.70
   48.22
   13.79
   14.75
   11.81
   12.15
   11.81
   12.46
   12.15
   11.16
  163.02
   75.12
   13.11
   12.46
   14.10
   13.11
   12.15
   13.45
   43.95
  144.33
  140.06
   12.15
   13.45
   11.16
   50.52
   67.25
   81.01
   28.54
  114.80
   11.47
   11.47
   53.80
   63.97
   78.72
   64.62
   61.67
   45.93
   41.00
  170.55
  210.25
  179.42
  169.90
  203.68
   96.11
   64.62
  142.04
  135.13
  121.68
  123.66
  142.35
  123.01
  123.32
  149.57
  157.78
  149.91
  146.62
  144.64
   62.64
  106.92
  138.75
  133.83
  140.71
  133.17
  141.05
   96.76
   60.68
  145.63
  143.34
  151.86
  157.78
  152.85
   87.24
   84.95
  168.26
  164.32
  170.55
  170.24
  167.30
  114.15
  113.49
  231.89
  234.86
  252.90
  252.22
  243.04
  177.12
  171.23
  193.21
  227.95
  185.33
  187.29
  186.64
  102.34
  103.33
  206.97
  206.32
  203.03
  202.04
  147.28
  100.38
   98.40
  254.54
  268.30
  264.71
  265.70
  216.48
  146.62
  131.19
  175.17
  175.17
  207.62
  208.27
  205.98
  107.92
  116.44
  153.85
  149.91
  264.05
  287.33
  296.19
  170.24
  168.26
  199.44
  207.62
  202.04
  192.21
  226.99
  137.76
   61.02
  141.70
  271.59
  257.15
  255.84
  204.67
   30.19
   28.54
  190.23
  191.22
  188.28
  150.56
  119.38
   13.79
   15.40
  193.52
  187.94
  194.85
  192.21
  188.93
   91.18
   47.57
  153.85
   83.00
  112.84
  111.20
  145.29
   88.24
   17.39
  114.80
  117.74
  117.74
  117.09
  123.66
   55.76
   43.95
   98.74
   98.74
   99.05
  101.69
  102.00
   53.46
   46.89
   78.07
  135.13
   83.96
  136.77
  175.82
   68.22
   51.82
  142.35
   82.32
   83.65
  115.14
   83.00
   55.10
   27.55
  109.22
  114.15
  103.33
   92.17
   79.37
   13.79
   12.80
  165.65
  100.38
   99.39
   99.70
   98.40
   28.20
   27.89
   95.12
  112.84
  115.45
  114.15
   99.05
   30.50
   26.90
  117.74
  118.73
  115.14
   28.85
   28.85
   36.42
   28.85
  176.47
  170.24
  174.46
  178.76
  129.78
   87.44
   67.37
  314.20
  303.47
  256.75
  260.40
  257.46
  208.36
  208.84
  213.20
  216.74
  214.16
  179.81
  170.98
   77.53
   73.62
  169.31
  224.64
  250.83
  262.41
   58.64
   59.69
   59.47
   79.40
  141.36
   55.33
  176.27
  133.57
  101.71
  103.84
  273.48
  181.11
  134.50
  157.27
  165.06
   90.13
   86.96
  198.10
  195.05
   99.70
   83.90
  350.90
  356.79
  356.79
  434.66
  436.08
  438.20
  441.26
  411.78
  237.63
  286.48
  262.16
   24.30
  224.41
   86.25
   81.41
   83.90
   85.77
  162.82
  214.50
  212.26
  213.91
  239.16
  174.63
   81.78
   85.89
   53.09
   52.61
  188.42
   40.95
  228.18
  463.46
  471.84
  517.55
  569.37
  569.34
  570.56
  521.23
  472.89
  472.18
  452.96
  315.73
  466.18
  465.10
  465.81
  468.30
  470.06
  471.84
  335.33
  478.55
  479.63
  339.32
  333.32
  469.83
  440.44
  393.01
  427.36
  478.21
  228.43
  192.33
  216.03
   89.20
  184.54
   87.56
   88.49
   71.73
   64.31
   56.86
   51.45
   54.99
   58.76
   60.17
   12.86
   14.38
   15.35
   14.75
   84.72
  272.66
  331.31
  326.01
  331.76
  332.95
  319.05
  321.62
  328.14
  321.40
  323.89
  320.57
  206.94
  316.67
  319.98
  315.14
  204.96
  220.39
  390.77
  390.43
  338.16
  340.99
  344.16
  342.04
  181.60
  164.83
  206.23
  203.54
  206.12
  217.45
  125.30
   51.68
   60.54
   61.25
   58.28
   61.36
   61.96
  148.78
   31.71
   29.96
   95.23
   97.58
   99.00
  101.60
   87.90
   30.67
   29.14
   53.21
   61.82
   67.25
   67.48
   62.07
   33.16
   32.68
   64.08
   61.96
   91.21
   63.49
   16.28
   16.17
   15.57
   15.69
   61.96
   15.94
   83.90
   70.08
   15.94
   16.06
  106.19
   92.74
  133.68
   56.52
   64.19
   65.61
   69.38
  136.86
  134.87
  127.91
  123.18
  123.18
  105.59
  104.77
  201.42
  123.55
  121.42
  109.13
  181.71
  138.04
  113.27
  188.79
   82.71
   76.12
  197.62
  147.02
  124.25
  128.84
  144.19
  200.12
  109.84
   97.92
   95.80
  112.45
  106.90
   70.20
   15.69
   15.57
   15.57
   15.09
   14.53
  182.16
  173.67
   94.04
  180.29
  167.66
   95.09
  105.48
   96.50
  175.22
  202.69
   14.87
   14.98
   15.57
   15.57
   15.57
   14.16
  217.70
  152.09
  141.47
  138.64
   92.74
   90.61
  214.39
  220.28
  224.41
  226.31
  216.99
  180.41
  170.50
  278.21
   66.54
   18.07
   13.68
   66.54
   14.87
   14.75
   65.36
  168.15
  167.89
  191.37
  196.46
   60.77
   62.18
  278.69
  285.52
  290.02
  279.74
  288.49
  290.13
  253.32
  203.54
  277.51
  331.53
  311.15
  249.30
  215.43
  205.89
  320.35
  325.87
  346.65
  292.74
  281.16
  230.30
  188.08
  257.20
  262.41
  257.80
  260.03
  257.57
  152.68
  150.45
  320.57
  239.99
  247.66
  288.12
  292.03
  239.05
  237.86
  289.43
  288.12
  322.10
  216.62
  212.15
   83.53
   71.61
  285.66
  288.24
  266.29
  225.01
  265.58
  251.09
  257.46
  228.18
  215.58
  212.97
  224.41
  225.94
  277.51
  154.92
  143.48
  150.79
  150.45
  159.99
  177.21
  267.37
  255.08
  205.89
  203.29
  205.78
  205.78
  210.14
  142.66
  133.32
  252.25
  259.33
  200.46
  207.90
  204.82
   55.33
   55.70
  150.08
  145.94
  121.42
  114.91
  182.16
   60.88
   58.76
  176.64
  168.85
  168.49
   65.50
   67.73
   66.77
   63.94
   65.02
   43.78
   30.44
   84.13
   85.55
   66.54
   65.58
  199.52
  203.17
  140.17
  144.19
   32.34
   34.46
   35.76
   34.91
  119.53
  120.01
  117.03
  120.12
  187.37
  172.85
  171.80
  168.71
  118.00
  133.80
  118.00
   28.68
   27.01
  107.83
  111.96
   39.76
   26.19
   25.60
   24.55
   29.39
   28.91
  173.21
  113.27
  119.75
  116.21
   20.64
   20.19
   22.17
   19.48
   18.89
   43.18
   28.54
   19.11
   19.94
  363.64
  380.97
  379.93
  373.67
  375.68
  278.92
  280.45
  273.97
  275.15
  253.32
  258.28
  255.79
   55.70
   52.39
  176.27
  250.01
  244.35
   55.59
   53.46
   15.09
   13.93
  166.47
  167.55
  131.19
  128.50
  120.09
   55.70
   82.83
  114.57
   60.17
   30.33
   31.38
   31.52
  118.93
  121.65
  273.48
  285.66
  274.19
  216.28
  213.45
   13.22
   16.17
   91.10
   89.42
   85.32
   19.48
   19.48
   23.25
   23.47
  267.11
  121.76
  188.08
  241.77
  231.01
  233.02
  238.68
  287.64
  292.03
  302.99
  294.01
  239.05
   61.59
   49.92
   56.52
   60.29
   29.62
   29.39
   29.62
   14.16
   13.22
   29.85
   30.81
   28.32
   26.67
   29.62
   14.98
   15.57
   18.18
   32.22
   12.63
   14.64
   73.74
   20.53
   16.99
   13.93
   14.38
   14.27
   41.88
   59.69
   14.98
   16.28
   15.09
   14.64
   12.63
   19.00
   14.27
   12.63
   13.93
   14.38
   13.93
   13.45
   12.97
   13.22
   12.63
   13.22
   13.22
   13.68
   13.68
   36.22
   12.86
   12.40
   12.26
   11.81
   12.26
   12.52
   13.45
   14.38
   15.23
   13.11
   18.18
   12.97
   12.52
   13.56
   12.40
   12.86
   12.26
   12.52
   13.11
   13.11
   13.34
   16.17
   32.45
   29.25
   29.39
   28.20
   29.51
   54.99
   49.55
   33.27
   11.69
   85.18
  122.24
  156.11
  128.02
  128.73
   57.45
   28.43
   42.70
   46.13
  117.18
   53.09
   53.58
   53.46
   52.98
   99.11
  112.08
  113.75
  144.19
  133.57
   59.69
   61.25
  138.53
  141.95
  151.86
  139.35
  126.24
   58.64
   60.77
  143.23
  150.79
  184.99
  211.56
  177.35
   59.83
  113.27
  216.99
  238.46
  231.86
  239.76
  251.43
   88.97
   38.34
  200.82
  146.20
  152.57
  156.82
  154.81
   29.25
   30.92
  116.92
  116.21
  113.15
  138.98
  131.45
   31.97
   31.26
  130.48
  146.91
  229.96
  231.49
  230.19
  117.18
  115.28
  224.18
  230.19
  230.78
  199.04
  196.69
  121.05
  124.00
  241.88
  212.15
  220.16
  234.44
  213.20
  159.40
  156.93
  164.12
  165.88
  168.60
  214.27
  202.83
   65.24
  102.05
  218.15
  219.94
  213.31
  212.38
  220.05
  222.77
  143.71
   72.21
  237.38
  235.96
  239.76
  239.50
  140.17
  140.76
  141.70
  141.58
  139.94
  190.32
  191.14
  193.38
  196.80
  206.01
  203.77
  201.76
  186.41
  192.78
  184.17
  184.77
  234.69
  249.56
  273.14
  208.36
  204.59
  143.71
   74.11
  113.86
   73.99
   69.49
   17.22
   13.45
   14.64
   11.81
  155.03
  144.19
   62.52
   58.53
   60.54
   58.87
   59.83
  128.02
  135.33
  129.78
  226.90
  161.18
  152.43
   67.85
  218.04
  210.14
  225.35
  226.31
  223.70
  155.86
   29.25
   69.04
   71.39
   74.44
   68.56
   73.28
   71.16
   76.34
  107.38
   73.28
   37.89
   25.60
   18.07
   21.72
   15.94
  188.53
   72.80
   72.69
   72.58
   78.47
   68.56
   69.97
  140.99
  146.91
  151.38
   73.03
   73.51
   72.58
   72.92
  142.18
  144.08
  208.61
  246.95
  141.24
   24.44
   24.78
  164.83
  163.42
  164.46
  170.61
  170.61
  113.64
  113.75
  338.87
  328.70
  208.61
  220.05
  258.28
  206.01
   37.29
  246.84
  227.61
  331.19
  291.32
  194.20
  122.58
   92.03
   98.40
  249.56
  246.58
  266.89
  211.78
   40.72
   40.92
   19.34
  161.18
  159.40
  159.17
  163.05
   27.13
   28.20
  302.06
  292.74
  188.53
  241.29
  203.77
  168.37
   56.29
  237.04
  172.02
  115.99
  106.67
  316.33
  296.28
  264.88
  271.95
  275.38
  269.12
  301.46
  275.27
  316.55
  425.69
  421.33
  420.99
  419.68
  420.02
  420.02
  418.38
  415.78
  414.13
  417.56
  410.82
  285.29
  286.82
  134.87
  222.88
  336.04
  423.22
  337.90
  333.09
  356.91
  355.97
  261.93
  366.59
  359.51
  309.02
  277.51
  277.02
   79.40
   82.23
   84.02
   88.72
   56.52
   86.73
   90.61
   17.10
   19.23
   33.87
   17.36
   18.29
   18.77
  161.41
  218.52
   14.98
   65.13
   12.86
   12.26
   12.40
   12.86
   12.63
   13.34
   13.93
   21.95
   11.92
   14.38
   11.33
   13.22
   14.53
   11.81
   11.33
   11.44
   11.21
   10.85
   10.51
   11.69
   11.10
   13.22
   11.69
   11.33
   11.21
   10.85
   12.26
   30.10
   31.04
   31.38
   38.23
   32.22
   10.99
   10.99
   10.51
   11.10
   11.10
   10.73
  138.87
   24.78
   11.21
   10.28
   10.39
   12.15
   10.85
   11.33
   10.39
   10.73
   12.52
   11.44
   10.85
   12.03
   11.21
   10.02
    9.68
    9.91
    9.68
   10.28
   10.14
   11.81
    9.68
    9.91
   10.99
   10.51
   10.02
   10.28
   10.28
   11.10
   10.14
   10.62
   10.14
   82.23
  139.57
  132.04
   70.45
   35.62
  156.45
  126.01
  259.10
  193.63
  190.09
  152.09
  152.57
  290.73
  291.89
  255.79
  254.03
  255.93
  154.44
  154.92
   28.20
   29.62
  172.02
  172.62
  172.25
   65.61
   64.53
  256.38
  181.23
  170.61
  169.90
  172.39
  197.40
  200.12
  206.60
  189.38
   90.27
  167.30
  164.61
  168.60
  144.42
  197.99
  172.85
  153.51
  124.96
  127.91
  104.55
  100.75
  254.37
  199.86
  198.70
  196.32
  191.14
  139.57
  141.10
  228.55
  212.97
  222.66
  254.37
  257.09
  115.99
  101.01
  256.98
  256.98
  258.39
  258.50
  255.93
  110.55
  101.12
  222.06
  156.22
   55.81
   11.44
   88.26
   57.12
   59.47
  198.59
  197.51
  251.43
  242.48
  250.38
  115.50
  116.58
  224.89
  228.06
  255.45
  250.26
  224.78
  110.10
  108.31
  247.43
  250.97
  252.50
  244.12
  248.85
  113.75
  109.61
  245.05
  220.53
  218.97
  226.65
  224.41
  184.17
  177.91
  191.73
  260.40
  259.21
  236.45
  243.04
  104.18
  110.21
  205.41
  179.10
  242.34
   63.49
   32.93
   64.31
   63.23
  225.23
  178.51
  160.58
  157.87
  151.95
   49.92
   58.64
  146.17
  142.77
  140.76
  142.52
   95.80
  110.21
  100.30
  204.82
   81.30
  117.74
   86.03
   52.50
   40.95
   38.23
  253.44
  196.21
  245.05
  257.20
  255.93
  256.64
  258.39
  253.44
  255.93
  257.34
  206.01
  201.42
  139.83
  141.24
  201.98
  205.89
  206.71
  208.36
  201.76
  145.35
  144.08
  207.19
  201.53
  239.50
  199.15
  272.55
  142.29
  119.64
  250.97
  268.78
  197.17
  142.66
  143.48
  119.16
  113.27
  236.45
  231.97
  219.23
  228.77
  205.89
   56.63
   60.06
  214.73
  219.34
  221.47
  220.98
  218.52
   58.87
   55.44
   68.07
  131.08
  143.11
  124.59
  131.90
  120.94
   51.20
  155.03
  107.01
  326.24
  271.50
  273.37
  276.46
  280.11
  281.04
  290.96
  342.52
  367.41
  364.69
  277.02
  301.46
  302.76
  313.50
  371.06
  374.72
  492.60
  332.38
  310.78
  310.18
  299.22
  264.54
  296.85
  290.62
   25.85
   35.51
  147.62
  132.27
   34.09
  229.48
  211.90
   97.47
   88.72
  329.18
  242.59
  243.30
  241.63
  341.70
  333.80
  410.00
  329.89
  331.08
  355.60
  216.40
  314.54
  326.83
  174.63
  182.53
  149.03
  137.56
  171.54
  172.14
   82.83
   87.44
  216.99
  247.18
  355.86
  233.73
  145.46
   85.43
   84.02
  142.18
  134.99
  195.27
  166.02
  165.06
   25.26
   28.68
  176.27
  138.75
  137.82
  159.76
  136.40
   27.27
   26.67
  174.97
  149.60
   26.42
   27.01
   28.91
   28.80
   27.72
   55.33
   29.73
   30.67
   28.91
   29.14
   28.54
   28.20
   10.51
  204.36
  234.10
  240.21
  354.44
  208.95
  209.32
  372.25
  418.61
  445.65
  447.97
  458.62
  372.85
  346.74
  275.15
  229.14
  109.95
  115.28
   79.77
   25.37
   25.12
  212.49
  262.16
  147.25
  151.01
  101.46
   29.96
   29.85
  146.91
  148.55
  115.62
   52.87
   51.34
   29.14
   29.02
   55.10
   55.59
   56.04
  113.64
  114.46
   11.21
   11.33
   10.99
   11.92
   12.26
   11.55
   13.45
   13.68
   13.34
   11.69
   11.33
   10.51
   17.22
   14.98
   14.38
   14.98
   14.27
   14.27
   12.86
   14.05
   13.82
   14.16
   13.68
   28.80
   10.85
   26.08
   29.96
   29.73
   21.72
   17.36
   29.85
   18.07
   18.18
   17.81
   18.52
   12.26
   11.33
   11.81
   12.03
   11.55
   11.33
   11.81
   11.21
   11.10
   11.21
   12.03
  111.85
  164.61
  171.09
  168.71
  272.21
  237.15
  271.84
  189.38
  189.38
  188.31
  129.92
   99.82
  196.09
   86.85
  139.69
  194.34
  196.80
   10.73
   53.69
  114.80
  227.02
  225.83
  288.72
  283.17
  172.73
   16.06
  171.80
  199.63
  199.75
  198.81
  201.76
  149.37
  143.48
  227.13
  202.47
  232.68
   95.34
  115.99
  160.47
  163.53
  245.31
  253.80
  265.47
  193.04
  198.10
  164.38
  173.67
  256.49
  257.20
  255.56
  259.21
  260.74
   93.56
   91.92
  206.71
  209.20
  198.10
  216.14
  216.28
  198.22
  174.74
  307.35
  196.80
  181.71
  203.29
  178.28
  140.06
  143.11
  240.58
  241.29
  248.25
  230.30
  208.95
  114.57
  115.99
  233.27
  230.56
  229.48
  202.13
  227.13
  142.18
  176.05
  235.96
  236.56
  233.73
  233.61
  236.11
  148.66
  125.08
  216.40
  217.93
  218.41
  220.39
  167.66
  198.70
  177.69
  168.37
  203.99
  199.63
  204.11
  111.51
   84.95
   85.66
  186.30
  183.12
  172.14
  159.51
  165.54
   90.39
   90.13
  175.79
  173.67
  173.21
  167.78
  169.42
  175.56
  120.23
  158.57
  159.28
   69.04
   75.97
  227.72
  111.37
  115.50
  200.46
  203.88
  196.80
  144.19
  140.88
  116.81
  118.00
  203.99
  207.79
  218.41
  207.08
  208.02
   87.19
   88.49
  151.50
  146.20
  179.93
  199.86
  200.82
   94.75
   90.61
  247.43
  216.51
  231.60
  242.70
  287.78
   96.28
   11.44
   13.45
  182.42
  179.10
  181.71
  180.75
   55.93
   60.29
  154.10
  152.68
  152.20
  154.10
  153.85
   52.98
   52.87
  164.72
  155.03
  157.98
  113.86
  115.05
   56.29
   58.76
  201.64
  202.13
  153.14
  117.29
   48.73
   19.11
   18.77
   98.63
   91.55
   94.15
   48.37
   49.07
   26.67
   26.79
   76.12
   78.24
   85.77
   88.38
   80.11
   90.02
   50.04
   83.53
   84.02
   73.14
   74.33
   71.27
   15.69
   15.23
   89.42
   86.14
   84.13
   92.14
   87.30
   15.35
   15.80
   28.32
   84.36
   29.02
   28.20
   29.02
   28.32
   29.62
   88.97
   88.97
   91.10
   29.14
   28.43
   14.87
   15.35
   58.76
   57.82
   57.23
   60.54
   60.54
   28.68
  140.88
  206.60
  206.94
  205.52
  210.48
  195.98
   57.82
   28.20
   68.19
   96.87
   97.47
  101.60
   96.65
   29.14
   29.39
   56.29
   59.58
   59.69
   57.57
  292.37
  194.45
  210.96
  167.30
   88.72
  161.29
  357.61
  349.60
  215.21
  230.56
  220.53
  333.66
  331.53
  337.20
  233.02
  122.13
   57.34
  217.33
  240.92
  111.14
   93.22
   89.76
   67.48
  120.71
  303.70
  112.79
  151.50
  151.38
  151.50
   61.59
   61.36
  115.99
   67.85
   20.53
   25.12
   14.16
   15.23
   16.51
  106.78
   89.79
   16.06
   16.06
   17.47
   16.99
   17.92
   49.44
   33.75
   20.30
   19.48
   20.19
   20.76
   59.83
   29.25
   29.14
   29.48
   28.80
   28.54
   31.63
   31.04
  151.72
  161.63
   78.24
   75.27
   75.52
   14.16
   11.33
   59.69
   29.62
   33.39
   33.98
   32.08
   10.73
   11.10
   33.05
   29.14
   86.59
   87.19
  252.73
  303.36
   86.59
  290.36
  398.22
  401.05
  405.30
  406.71
  406.23
  405.87
  405.04
  405.30
  407.54
  406.21
  406.46
  221.10
  302.65
  288.58
  235.96
  241.40
  167.30
  398.22
  221.81
  239.50
  251.79
  338.73
  402.92
  211.78
  207.65
  103.95
  107.83
  247.77
  254.96
  229.48
  146.20
   18.41
   59.95
   59.21
   58.76
  185.14
  184.99
  183.24
  189.24
   89.42
   60.77
  178.62
  184.77
  236.11
  197.62
  198.93
  128.95
  128.13
  204.96
  236.11
  236.56
  230.78
  277.28
  141.95
  201.28
  316.19
  327.17
  330.26
  256.86
  250.12
  147.96
  143.59
  226.05
  257.80
  297.55
  296.62
  247.29
   55.44
   51.08
  267.59
  260.88
  184.29
  184.29
   83.65
   85.77
   82.60
  254.37
  333.54
  343.71
  264.99
  265.70
  178.99
  178.99
  241.63
  190.09
  231.72
  231.38
  233.73
  170.13
  200.94
  296.02
  298.86
  293.19
  225.23
  196.69
  156.93
  156.11
  331.42
  340.17
  286.71
  308.06
  322.22
  113.98
  180.52
  193.35
  187.23
  188.90
  188.90
  190.66
  115.87
  115.76
  234.44
  179.33
  293.08
  295.43
  219.12
  116.58
  112.22
  226.90
  244.94
  246.02
  255.08
  255.67
  187.49
  172.85
  222.77
  194.57
  189.84
  197.40
  198.93
  159.51
  169.79
  169.31
  191.73
  195.61
  148.78
  175.22
  201.05
  150.19
   83.76
  152.80
   98.29
   89.79
  100.89
  176.75
  177.69
  187.60
  224.07
  218.63
  208.13
  202.69
  187.60
  202.35
  206.60
  211.44
  118.70
  116.81
  145.94
  198.70
  202.35
  207.19
  162.23
  158.80
  200.34
  160.10
  114.20
  119.41
  172.85
  125.67
  123.77
   96.87
  100.64
   99.11
   56.63
  126.72
  118.59
  116.92
  115.87
  112.56
   76.23
   88.38
  111.74
   82.60
   83.05
  163.42
  153.39
   29.85
   32.82
   90.13
   88.15
   87.67
   84.47
   90.13
   51.45
   51.79
  135.81
  144.90
  143.82
  145.12
  145.94
   60.54
   31.15
  112.56
  120.94
  119.87
  121.88
  120.71
   43.55
   44.26
  116.92
  119.53
  115.16
  119.64
  120.46
   40.95
   43.18
  118.11
   85.43
   80.48
   53.92
   52.98
   53.09
   54.17
   54.62
   50.74
   53.69
   54.17
   54.40
   40.12
   40.83
   71.98
   88.72
  118.93
  126.01
  123.40
   44.00
   46.84
  291.78
  233.13
  239.28
  234.92
  232.57
   93.45
   14.64
   88.72
   61.11
   39.64
   63.12
  122.13
   93.33
   44.37
  216.28
  229.48
  199.86
   16.40
   53.58
   41.54
   41.77
  222.40
  229.48
  232.20
   17.58
   23.59
   41.88
   60.40
  161.18
   40.95
   45.08
  160.58
   52.75
   55.10
   76.82
  171.80
  227.47
  182.42
  317.15
  316.67
   27.84
   30.21
  161.89
  212.38
  258.39
  283.06
  253.44
  205.86
  114.20
   47.54
   44.60
   12.03
   11.10
   13.93
   10.85
   21.01
   10.14
   11.92
   10.25
   10.14
   11.21
   10.62
    9.91
   11.10
   11.92
   13.34
   12.86
   12.52
   13.11
   14.16
   13.22
   11.33
   10.28
   11.69
   12.15
   12.52
   13.45
   13.11
   10.02
   11.55
   12.26
   11.69
   12.74
   11.69
  206.37
  189.95
   66.43
   61.25
  146.20
  124.37
  197.88
   18.41
   57.12
   16.76
   12.74
   11.21
   14.53
   10.73
   12.15
   10.39
   11.81
   17.92
   12.15
   14.87
   15.35
   15.46
   12.63
   14.87
   12.15
   12.40
   17.36
   16.74
   15.23
   13.93
   14.98
   14.38
   17.10
   12.86
   11.92
   13.11
   14.75
   16.65
   10.51
   11.44
   12.52
    9.68
   11.92
   13.11
   14.87
   13.34
   13.11
   10.51
   12.03
   11.69
   12.63
   10.85
   11.33
   12.49
   11.92
   10.14
   10.02
   11.81
   10.14
   10.14
   10.85
   10.28
   10.14
   10.99
   10.28
   10.28
   11.21
   11.10
   12.97
   10.62
   10.73
   10.14
   10.28
   11.81
   11.92
   10.39
   10.51
   11.44
   12.40
   10.62
   10.02
   10.85
   10.14
   10.28
   10.85
   10.39
   11.10
   11.81
   10.62
   10.85
    9.80
    9.80
   10.28
    9.80
    9.91
   10.85
   10.28
   11.81
   13.22
   10.99
   10.62
   10.73
   11.44
    9.80
    9.91
    9.91
   10.39
   11.21
    9.80
   10.39
   10.51
   11.44
   10.99
   10.99
   10.14
   10.39
   10.62
    9.80
    9.80
   10.73
  150.56
   84.84
   83.42
   85.89
    9.91
   10.02
   10.28
   10.02
   10.39
    9.91
   11.69
   10.14
   12.03
  174.04
  160.70
  161.63
  167.44
  160.92
   81.52
  149.03
  199.86
  208.95
  204.25
  201.98
  203.54
  173.33
  173.67
  177.09
  182.42
  226.31
  232.68
  222.29
  116.92
  114.91
  161.63
  178.62
  189.24
  192.55
  192.78
   71.27
   74.81
  172.25
  180.52
  177.57
  172.14
  175.08
   91.21
   90.39
  175.08
  171.80
  167.89
  142.77
  197.74
  198.59
   55.70
  222.46
  240.35
  238.57
  242.00
  252.13
   65.64
   71.73
   84.84
  274.56
  279.86
  197.74
  109.81
   66.43
   85.49
   93.76
  139.74
   91.72
  224.64
   25.23
   26.90
   24.55
  160.41
  133.15
   36.67
  168.60
  132.64
   28.15
   30.75
  125.59
  192.89
  114.46
   36.95
   36.64
   31.35
   32.45
  140.82
  108.99
  113.41
  176.02
  125.42
  157.27
   84.19
  133.34
  153.79
  165.14
  116.07
  129.10
  101.80
  110.66
  122.02
  126.75
  120.06
  108.40
  180.60
  111.91
  111.03
  111.88
  108.20
  196.04
   32.14
  110.80
   13.34
   14.10
  105.96
  141.10
  128.25
  109.70
  129.12
   14.84
   12.46
  121.73
  138.13
  135.24
   12.37
   13.25
   13.34
   14.19
  126.21
  172.62
  175.65
  155.83
   44.20
   13.20
   12.60
  146.82
  124.96
  134.42
   27.50
   12.43
   11.86
   14.55
  185.48
  187.26
  182.96
   63.85
   55.44
   32.14
   30.44
  233.39
  211.44
  195.56
   42.36
   87.67
   13.05
   13.34
  152.26
  211.58
  190.26
  178.40
  165.68
   81.69
   11.69
  179.70
  223.17
  236.16
  236.70
   89.14
   31.63
   31.52
   44.26
  115.76
   36.39
   35.59
   11.04
   10.96
   11.04
   63.57
   50.74
   36.05
   31.32
   25.82
   26.42
   23.59
   28.80
   28.97
   29.02
   11.72
  160.19
   11.69
   11.21
   36.44
   51.20
   96.48
   66.86
  188.87
   12.83
   12.32
   29.56
   42.39
   57.65
   44.37
   12.83
   14.24
   12.80
   18.32
   14.44
   13.34
   12.37
   14.70
   11.50
   11.81
   13.20
   12.20
   12.01
   12.23
   33.92
   13.25
   12.35
   12.26
   13.82
   13.56
   12.23
   12.74
   12.06
   12.06
   11.75
   11.81
   11.95
   11.98
   11.41
   11.24
   11.27
   11.21
   11.24
   12.37
   11.21
   11.30
   11.30
   11.24
   11.21
   12.66
   14.30
   11.33
   11.13
   12.09
   12.06
   11.24
   11.38
   11.47
   11.58
   11.67
   11.67
   11.33
   11.55
   11.53
   11.38
   11.44
   11.13
   11.13
   11.36
   10.93
   11.38
   11.38
   11.47
   11.47
   10.85
   10.42
   13.79
   11.50
   11.41
   10.59
   11.04
   11.02
   10.99
   11.16
   10.87
   10.87
   10.79
   11.10
   10.82
   10.96
   10.99
   10.73
   10.73
   10.93
   11.19
   10.79
   10.62
   10.68
   10.68
   10.68
   10.73
   10.62
   10.59
   10.48
   11.72
   10.68
   10.17
   10.62
   10.39
   10.25
   10.17
   10.05
   10.51
   10.48
   10.14
   11.41
   10.02
   10.11
   11.30
   10.14
   10.28
   10.56
   10.90
   10.25
   10.36
   10.51
   10.00
   15.40
   10.39
   10.51
   10.05
   10.28
   10.34
   10.48
   10.62
   10.51
   10.45
   10.45
   10.17
   10.31
   10.39
    8.30
   12.69
    9.51
    9.49
    9.88
    9.91
   10.31
   10.48
    9.80
   10.05
    9.77
    9.77
    9.68
   10.42
    9.57
    9.77
    9.63
    9.49
    9.85
    9.80
    9.23
    9.74
    9.77
    9.83
   10.31
    9.57
    9.74
    9.54
   41.46
   85.15
   87.44
   36.36
   92.03
   96.73
  179.33
  121.71
   90.27
   91.92
    9.63
    9.57
  160.98
  161.12
   80.48
   78.52
   92.57
    9.63
    9.80
   92.68
   93.53
   93.45
  171.83
  173.44
  257.94
   50.57
  180.86
  262.27
  186.41
  195.19
  197.71
  178.51
  144.13
  280.42
  235.03
  136.66
  295.57
  212.60
  206.15
   99.11
  207.53
  283.62
  296.96
  206.43
  282.23
  141.05
  116.30
  215.07
  235.20
  272.18
  198.87
  207.36
  108.93
  110.49
  208.21
  210.05
  215.77
  205.67
  226.17
  111.51
  128.50
   63.43
   64.53
   10.73
   11.16
   14.89
   16.03
   80.00
  105.25
  206.68
  173.50
  107.60
  105.82
   17.39
   13.85
  172.36
  168.12
  210.34
  105.34
  107.52
   29.70
   48.59
   97.04
   57.88
   58.16
   55.81
   53.92
   93.05
   33.84
  155.74
  301.91
  254.54
  185.22
  221.64
   30.78
   48.79
  264.73
  210.99
   52.36
  215.24
  112.96
   24.89
   25.77
  324.26
  225.80
  191.90
  266.94
  307.89
   37.89
   38.14
  368.86
  236.11
  347.16
  262.81
  137.11
   11.47
   14.10
  140.54
  138.16
  140.22
  217.93
   60.51
   12.09
   12.09
   29.08
   34.38
  131.31
   39.79
   28.06
   18.86
   11.21
   81.55
  125.22
  152.57
   12.12
   33.87
   32.20
   11.50
  147.96
  170.98
  152.20
   11.04
   11.07
   11.07
   11.10
   11.64
   62.55
   12.37
   15.32
  128.25
   12.57
   12.74
  182.59
   12.20
   12.26
  152.85
   34.43
   12.71
   12.86
   13.03
  259.07
  288.10
   12.43
   15.89
   17.67
   13.59
   58.70
  321.68
  259.72
  264.42
   15.97
   13.34
   12.74
   12.40
   11.50
   10.76
   11.21
   12.15
   12.23
   12.23
   12.71
   77.42
   53.86
   11.89
   11.86
   12.74
   12.23
   12.57
   11.98
   70.45
   12.40
   12.03
   12.57
   12.49
   12.18
   12.49
   11.10
   11.24
  119.64
   10.68
   10.53
   10.70
   10.62
   10.76
   10.59
   34.21
   10.62
   10.90
   10.65
   10.59
   10.53
   10.59
   10.85
   10.51
   10.68
   10.68
   10.56
   10.51
   10.59
   10.28
    9.97
   10.48
   10.56
   12.03
   10.99
   11.24
   11.13
   11.69
   12.06
   41.99
   11.78
  105.42
  214.25
   96.19
   39.90
   42.42
  147.87
   30.30
   33.44
   49.19
   34.38
   11.38
   10.96
   85.97
   82.66
   10.08
   10.39
   10.11
   10.11
   10.00
   10.00
   13.42
   10.02
   10.19
   10.19
   12.52
   10.65
   10.34
   10.42
   10.42
   10.36
   10.17
   10.02
    9.97
   10.02
   10.00
    9.88
    9.74
   11.36
    9.88
   10.22
   10.22
   10.11
    9.91
   10.36
   10.00
    9.97
   10.45
   10.05
   10.11
   10.31
   10.25
   10.17
   10.28
   10.25
   10.17
   10.08
   10.17
    9.91
   10.19
   10.14
   10.08
    9.85
   10.02
   10.14
    9.85
    9.94
    9.88
    9.94
    9.66
   10.34
   10.02
   10.25
   10.36
   10.34
   10.36
   10.25
   10.25
   10.31
   10.36
   10.34
   10.39
   10.39
   10.28
   10.31
   12.69
   10.08
   10.00
   10.11
   10.17
    9.97
    9.97
    9.97
    9.77
    9.91
   10.14
   10.68
   10.70
   10.17
   10.39
   10.42
   10.31
   10.17
   10.42
  101.03
   53.58
   43.49
   10.45
   20.90
   10.53
   24.86
   45.73
   34.74
   23.19
   49.53
   49.33
   20.64
   21.01
   49.70
   88.86
   85.52
   84.44
   42.65
   16.37
   16.37
   87.75
   73.77
   85.63
   92.85
   92.68
   25.77
   30.44
  121.59
  120.54
   78.86
  119.41
   79.17
   86.88
   76.82
   88.35
   86.82
   80.28
   82.23
   56.55
   53.04
   57.06
   90.05
  116.69
  152.29
  150.22
  125.13
   57.96
   58.19
  101.52
  104.89
  101.69
  103.24
  102.25
   55.67
   10.19
  130.63
  142.43
  225.57
  215.01
  216.48
   83.14
   81.98
  224.50
  226.22
  202.66
  198.78
  221.15
  140.22
  145.10
  226.17
  211.67
  222.06
  217.05
  215.46
  162.71
  137.85
  134.28
  245.76
  191.31
  190.37
  269.60
  200.48
  197.93
  194.71
  303.42
  191.73
  300.53
  275.98
  179.98
   10.08
   84.75
  112.30
  272.10
  220.62
  296.22
  205.44
  153.17
  239.90
    9.74
  296.02
  294.35
  155.60
  108.14
   10.36
  108.20
  113.86
  280.54
  110.69
  210.14
    9.88
   10.05
  292.40
  265.27
   10.36
   95.14
  184.54
   10.45
   10.51
  312.14
  277.84
  329.27
  324.85
  331.25
  116.78
   99.11
  315.31
  341.30
   60.88
   62.44
   11.50
   35.65
   11.13
   10.79
  278.61
   10.53
   10.65
  107.63
   29.65
   10.56
  223.99
  286.88
  145.83
  152.03
  167.07
  145.94
  149.48
  228.01
  216.17
  261.62
   43.01
   16.45
   11.27
   10.99
  327.85
  353.62
  353.62
  233.05
  269.07
   29.93
   10.82
  281.36
  285.49
  427.44
  335.61
  172.96
   11.10
   11.13
   33.30
  207.28
  236.50
   73.48
   63.60
   11.30
   10.59
   51.14
   10.93
   11.19
   11.02
   11.04
   11.44
   11.16
   37.35
   60.99
  153.48
  184.14
  179.84
   44.80
  235.06
  229.93
  120.18
   11.69
  186.18
   11.30
   11.69
   11.58
  117.83
  130.54
  197.85
  311.94
  311.97
   40.35
   33.50
   33.27
   30.07
   32.65
   33.19
   11.78
   14.47
   12.20
   87.10
   12.63
  379.19
   83.42
  124.45
   35.23
   11.61
   59.27
   11.07
   74.39
  180.41
   11.41
   10.99
   11.02
   95.06
  194.85
  111.17
   62.04
   64.08
   11.27
   10.76
   11.02
   10.96
   10.96
   10.99
  160.19
  288.18
  275.30
  282.43
  276.49
  281.78
  263.66
   64.28
   17.61
   17.73
   30.78
   73.34
   65.64
  226.34
  132.35
   13.82
   11.33
   11.89
   29.59
   50.94
   68.16
   10.68
   10.36
   10.48
  106.64
   28.12
   10.76
   10.70
   10.68
   10.65
   10.56
   10.73
   10.73
   10.42
   80.59
   10.45
   10.28
   10.36
   70.82
   66.03
   12.20
   10.93
   10.96
   10.36
   10.31
   10.53
   10.53
   11.02
   11.84
   12.09
   11.98
   12.03
   11.78
   10.76
   10.65
   48.65
   72.52
   10.59
   10.56
   10.93
   10.68
   22.46
   10.34
    9.88
   10.08
   12.46
   10.39
    9.66
   10.11
   10.25
   10.19
   10.00
   12.66
   10.05
    9.68
   13.25
    9.29
   10.22
    9.97
   10.22
   14.30
   58.19
   10.05
   55.47
   10.14
   78.04
   10.11
   11.41
   10.48
   10.22
   10.56
   10.96
   11.04
   11.16
   10.48
   10.96
   48.20
   29.62
   28.57
   10.82
   12.01
   12.09
   12.03
   11.33
   10.56
   10.45
   10.28
   10.53
   10.14
   10.56
   10.17
   10.17
   10.14
   10.14
   10.14
   10.25
   10.11
   10.11
   10.62
   10.39
   10.39
    9.60
    9.63
    9.60
    9.85
   10.19
   10.51
   10.34
   10.45
  102.68
   93.64
  101.80
   32.93
   49.24
   40.69
   43.15
  102.08
   90.42
   97.83
  101.40
   98.20
   44.09
   17.98
   41.85
   43.69
   65.07
  185.96
   95.97
  103.81
  105.57
  182.39
  315.45
   45.82
   39.08
   40.10
   40.38
   40.04
   94.04
  132.58
  106.13
  100.89
   41.06
   10.42
   35.59
   94.92
   97.81
  100.89
   10.08
   10.02
    9.83
    9.85
   97.49
   93.47
   56.21
  111.51
   93.08
  105.20
   35.25
  158.18
  182.28
  100.98
   34.43
  188.99
   99.42
  105.14
  121.22
  112.22
  126.46
  203.80
  287.16
  199.75
   97.52
  174.91
  109.93
  107.92
  106.13
  149.97
  109.05
  103.47
  202.52
  216.62
  125.08
  105.99
  113.78
  109.13
  157.61
  200.71
  271.81
  211.53
  217.28
  214.02
  110.32
  106.24
   84.64
   94.83
   61.96
  142.80
  116.27
   31.18
  114.20
  113.69
  116.52
  110.83
  111.88
  257.57
  203.40
  109.05
  100.81
  266.49
  123.77
   28.46
   13.22
  132.61
   11.24
  157.81
   98.91
  162.85
  150.05
  143.65
   31.80
   10.59
   11.02
   12.23
   11.24
   11.47
  226.11
   11.02
   10.62
   93.33
  225.94
  162.09
  108.17
  296.82
   12.71
   11.41
   11.07
   29.56
   11.13
   46.07
   11.33
   28.26
   11.98
   12.60
   10.99
   12.46
   20.44
   65.04
   35.40
   10.79
   10.99
   10.93
   10.90
  289.51
  278.41
   10.65
   10.56
   10.31
  236.08
   10.85
   17.84
   17.61
   32.71
   60.63
  105.99
  290.93
   11.07
   11.10
  232.82
  100.16
  101.29
  232.45
  209.15
  242.08
  250.18
  218.66
  155.06
  157.53
  203.97
  231.97
  264.48
  263.52
  269.35
  266.18
  253.12
  242.59
  247.91
  257.46
  194.51
  195.27
  186.89
  190.60
  278.86
  272.32
  271.50
  290.59
  336.72
  287.64
  145.10
  352.52
  328.99
  349.43
  353.68
  361.58
  356.40
  354.39
  354.27
  377.01
  389.33
  391.85
  419.43
  305.68
  287.30
  304.75
  318.85
  311.66
  329.69
  392.30
  282.01
  283.45
  331.19
  327.06
  140.54
  237.13
  272.15
  263.46
   12.52
  234.97
  259.38
  274.90
   83.93
   86.22
   90.67
   92.57
  257.46
  265.10
  257.34
  180.72
  181.17
  211.36
  182.59
  184.09
  183.35
   53.04
  428.35
  439.00
   13.73
   12.01
  172.31
   12.46
   14.61
   12.63
   11.69
   11.84
   11.55
   11.02
   12.69
   13.34
  217.56
   71.53
  162.31
   11.95
   12.46
  123.06
  199.15
  167.64
  109.87
   11.84
   12.06
  159.25
  278.84
  334.76
   88.80
  106.90
   12.20
   12.86
  300.81
  401.67
  436.96
  446.36
  436.59
  451.43
  450.95
  439.28
  443.53
  455.73
  458.85
  451.71
  284.16
  285.15
  281.81
  285.89
  290.73
  283.28
  248.14
   26.82
   31.15
   92.14
   90.78
   50.86
   55.02
    9.94
    9.94
    9.91
   53.18
   10.28
   58.64
   10.14
   36.56
   10.00
   10.11
   10.02
   42.53
   25.94
   33.92
   10.00
    9.97
   10.00
    9.85
    9.83
   11.84
   11.47
    9.77
    9.91
    9.88
  115.96
  105.48
    9.77
    9.71
    9.88
   10.39
   10.42
   87.10
   89.25
  182.62
  101.06
  143.06
   27.41
   27.18
  143.37
  134.65
  153.02
  139.77
    9.88
   10.00
    9.80
  100.10
   62.10
   10.70
    9.85
   91.94
   10.11
    9.97
  194.65
  186.69
  195.27
  178.37
  169.90
   83.82
   78.75
  214.95
  204.90
  138.33
  139.01
  142.80
   86.82
   84.98
   83.65
  163.76
   56.35
   64.85
   68.47
   10.05
    9.91
  118.65
  177.35
  139.91
  116.38
  116.18
   10.02
    9.94
  226.17
  254.23
  243.27
  300.36
  228.38
  140.56
  143.88
  283.14
  290.39
  346.63
  344.76
  344.16
  269.92
  277.82
  273.65
  277.28
  266.52
  250.29
  256.69
  193.83
  114.03
  233.25
  205.75
  221.75
  298.94
  294.98
  268.90
  288.12
  281.10
  305.48
  340.14
  317.26
  312.28
   40.10
   44.26
  269.46
  288.38
  284.64
  285.26
  277.56
  144.25
  145.49
  277.31
  200.23
  173.81
  166.70
  172.82
  174.43
  172.34
  242.85
  222.85
  241.20
  220.45
  209.12
  170.58
  179.25
  208.10
  198.10
  213.28
  211.44
  205.55
  170.38
  169.11
  228.91
  237.80
  242.70
  237.52
  231.46
  227.87
  223.65
  262.95
  261.19
  263.46
  260.66
  257.03
  195.05
  196.07
  270.45
  250.24
  254.48
  268.90
  269.10
  118.05
  126.55
   92.71
  319.75
  321.20
  321.06
  295.34
  196.94
  127.82
  274.02
  287.95
  284.61
  345.18
  111.60
  111.40
  142.97
  370.50
  285.18
  278.30
  274.59
  303.44
  215.83
  298.29
  294.98
  254.37
  239.79
  296.00
  307.86
  291.10
  105.91
  282.35
  293.36
  230.02
  333.03
  383.50
   40.29
   15.12
  258.39
  295.46
  323.10
  301.52
  284.92
  112.50
  200.88
  302.03
  300.33
  275.66
  300.10
  240.13
  105.62
  219.63
  323.41
  191.85
  332.50
  334.88
  340.17
  239.11
  122.13
  321.54
  341.95
  137.56
  132.10
  308.37
  161.41
    9.94
  242.82
  297.21
  248.79
  271.39
  180.38
   17.25
  168.15
  315.42
  315.76
   26.16
  327.37
  306.27
   10.11
   10.11
  325.05
  169.19
   10.14
  144.87
  104.72
  151.66
  301.12
  349.23
  418.21
  445.62
  342.66
  328.28
  312.99
  307.58
  323.72
  361.44
  455.53
  396.12
  465.76
  458.65
  349.80
  460.12
  342.27
  331.19
  445.31
  454.97
  350.51
  351.16
  285.29
  340.91
  422.71
  448.62
  411.81
  194.99
  306.11
  122.58
  108.79
  281.07
  293.59
  188.48
  206.37
  224.58
  366.14
  286.31
  200.00
   10.34
   10.34
   10.11
   10.28
  375.93
  458.53
  449.76
  441.77
  479.32
  294.10
  295.26
  295.37
   11.61
   10.53
  309.67
  212.06
  106.47
  144.59
  343.26
  402.44
  439.90
  308.57
  410.08
   56.24
   10.31
   10.28
   86.25
  125.05
  106.61
   14.58
   17.05
   10.25
   10.31
  121.85
   56.52
  117.15
  142.77
  212.55
  168.20
   88.29
  107.15
   67.73
  183.95
  119.04
   10.36
   10.28
  110.18
  117.94
  213.40
   82.80
  125.13
   10.17
   10.17
   56.66
  127.48
   10.76
  343.94
  211.39
   93.79
   10.11
   10.17
   10.19
   10.25
   10.14
   10.05
   10.02
    9.88
  235.17
  215.77
  356.93
  191.34
   94.41
   30.81
    9.88
   10.00
   11.67
  136.01
   49.61
    9.97
   10.99
   10.17
   33.39
  176.73
   15.91
    9.97
    9.97
   11.86
   20.50
   11.84
   11.86
   20.02
   10.62
   10.05
   10.05
   10.02
   10.02
    9.97
   10.08
   10.02
   10.02
    9.94
   10.00
    9.97
    9.94
    9.94
   10.02
    9.88
    9.94
    9.97
    9.91
   13.71
    9.85
    9.94
    9.94
    9.94
   14.24
   10.02
   10.14
   10.08
   30.19
   10.11
   10.02
   10.02
   21.04
   22.54
   21.55
   11.16
   10.00
    9.97
    9.97
   11.78
   20.76
    9.97
    9.97
   12.18
   10.62
   10.05
   11.95
   10.76
   11.10
   11.21
   14.75
   11.16
   10.96
   19.26
   11.04
   10.70
   10.31
    9.91
    9.91
    9.94
    9.97
   65.21
   83.28
   66.03
  103.61
    9.97
   58.30
  258.73
  269.92
  265.98
  181.71
  263.01
  157.13
   86.48
  108.74
  115.48
  305.96
  242.53
  261.48
   10.28
   10.00
  170.55
  154.19
  144.87
  225.54
  240.55
  210.54
  147.53
  331.28
  294.92
  279.91
  283.45
  276.60
  204.50
  216.57
  248.74
  170.55
  175.54
  179.25
  114.54
   94.49
   10.39
   97.13
  143.34
  201.13
   97.24
  104.15
    9.68
  102.79
  100.75
   54.26
  103.55
  100.78
   32.31
    9.88
   11.47
  367.81
   39.93
    9.74
   96.05
   37.43
  116.21
   54.03
  117.15
   98.97
  176.53
  144.76
   98.20
    9.85
    9.83
  286.42
  284.90
  277.45
  192.89
   33.50
    9.83
    9.71
  215.94
  189.16
  263.57
  288.21
  222.63
   16.08
  214.98
  258.39
  292.20
  332.75
  201.36
  237.47
    9.88
    7.22
  215.75
  313.21
  332.69
  121.28
  249.67
   96.39
    9.77
   58.05
  119.70
    9.91
  130.37
  117.83
   58.25
   59.35
   92.62
   90.61
  174.26
  264.48
  391.11
   14.05
   24.75
   55.76
   66.01
   87.92
   55.36
   56.66
   85.83
   86.39
  178.00
  170.30
  172.87
  172.45
  174.12
   55.33
   55.76
  197.51
  192.44
  201.13
  222.88
  251.00
  290.50
   68.92
  341.05
  305.57
  309.08
  283.79
  303.16
  162.91
   11.53
  127.45
  155.49
  195.84
  200.60
  198.05
  126.21
  121.73
  208.50
  239.73
  252.81
  262.04
  306.05
  294.83
  194.25
  282.21
  292.68
  312.42
  195.30
  129.24
   58.76
   56.69
  176.02
  177.01
  206.85
   10.36
  180.66
   10.31
   10.34
  249.07
  231.21
  230.33
  254.03
  248.62
   84.92
   93.36
  317.43
  284.05
  100.86
    9.71
    9.80
    9.83
   11.24
  382.42
  352.57
  399.75
  399.86
  400.09
  400.20
  401.31
  401.96
  398.81
  395.02
  379.59
   43.86
  304.63
  412.10
  406.49
  391.11
  402.01
  396.04
  389.41
  393.52
  367.58
  397.68
  388.34
  393.80
  399.83
  400.37
  390.55
  280.48
  169.73
  169.16
  163.87
  204.53
   72.15
   11.36
   71.98
  281.27
  208.72
  160.36
  129.32
  178.54
   10.45
   10.48
  241.06
  151.35
  149.48
  145.66
  208.07
  210.71
  196.69
  207.14
  248.74
  238.54
  240.58
  219.51
  200.40
  287.44
  409.55
  252.05
  149.12
  189.64
  205.47
  212.23
  184.03
  175.48
  130.17
   80.65
   83.53
   91.15
   10.17
   10.14
  180.58
  132.41
  142.66
  197.88
  227.04
   71.05
   35.65
  120.57
   79.26
  139.52
  220.59
  172.73
  150.70
  133.57
  116.07
   57.62
   39.36
   55.78
  120.04
   79.60
   69.04
  139.60
  264.96
  232.25
   85.49
   66.09
   35.00
   62.41
  175.93
  222.94
  330.00
  255.76
  249.84
   10.51
   11.16
  129.18
   94.95
  223.36
  204.42
  173.75
   21.46
   10.87
   13.88
   10.59
   10.51
   10.51
   10.45
   10.45
   10.34
   10.25
    9.60
    9.68
   30.78
    9.57
   51.40
    9.60
    9.60
   27.98
  176.44
  121.96
  109.84
  122.39
   25.03
  185.56
  133.12
   98.06
   91.61
    9.60
    9.63
    9.71
    9.66
   16.11
    9.77
    9.97
    9.91
    9.91
    9.94
   10.05
   10.02
   10.02
   10.05
   10.02
    9.71
   11.21
   10.08
    9.94
    9.91
    9.97
    9.91
   11.69
   10.00
    9.94
    9.91
   11.13
   11.64
   11.75
   10.53
   10.00
   13.65
   10.53
   10.14
   10.14
   10.25
   10.28
   10.22
   57.34
   57.31
   34.35
   80.33
   10.08
   10.11
   10.08
   10.02
  117.29
   79.85
  104.94
   86.56
  131.50
  130.14
   71.61
  184.88
  109.53
  216.74
  190.60
  116.10
  114.46
   92.54
  143.71
   79.06
   71.53
   78.83
   85.09
   90.27
   74.73
   96.50
  102.82
  101.74
  100.52
   53.18
   83.87
   50.72
   91.15
  100.61
  136.66
   83.96
    9.85
    9.91
   48.34
   63.46
   54.00
  124.68
   84.89
   83.22
   58.42
  169.31
  154.36
   43.21
   74.56
   41.14
   28.35
   29.36
  113.32
  127.17
  115.79
   94.27
  198.44
  150.70
  158.29
  106.22
  132.21
   98.43
   11.67
   10.45
   13.68
   10.11
  220.19
  196.18
  203.74
  206.29
   98.68
   15.29
   18.29
  226.53
  158.23
  140.20
  117.40
   12.32
    9.94
   93.30
  171.46
  168.91
   99.31
   95.60
   34.89
   61.56
    9.97
  166.16
   85.01
  129.18
  141.44
  149.43
   95.40
   42.48
   94.75
  151.16
  159.59
   94.89
  103.92
   56.41
   37.15
   96.87
  123.15
  120.57
  198.27
  273.34
  222.12
  203.29
  264.71
  180.75
  246.95
  280.14
  324.71
  291.15
  327.46
  318.79
  328.28
  325.76
  327.57
  320.21
  295.94
  239.08
  289.71
  309.96
  234.80
    9.97
   10.14
  137.31
   19.34
  235.17
  334.00
  344.73
  331.90
   21.32
   10.17
   10.25
  143.17
  305.54
  299.03
  173.27
  251.11
   10.53
   10.02
   87.64
   11.69
  210.73
  133.09
  143.00
   10.02
   10.02
   67.82
  304.66
  197.93
  211.16
  204.11
   10.08
   12.57
  108.06
  140.90
  110.80
   28.46
   11.27
   10.62
   11.44
   10.28
   10.31
  256.01
   44.37
  114.12
   10.36
   10.48
   10.62
   12.03
   37.55
   11.44
  116.27
   47.12
   41.74
  326.83
  110.27
   96.36
    9.94
    9.94
    9.91
   10.00
  119.50
  118.25
    9.91
  215.72
  191.62
   32.34
   10.00
    7.62
  122.98
  114.91
  303.84
  228.18
   10.87
   10.53
   10.34
   10.22
  331.48
  234.89
  224.30
   10.48
   10.51
  120.69
  340.88
  210.71
  161.46
  112.79
   41.14
   10.45
  120.35
   86.71
   10.36
   10.42
   10.42
   10.34
   10.42
   10.31
   10.51
   10.34
   10.48
  160.95
   10.39
   10.39
   10.42
   10.39
   10.48
   12.23
   10.56
   10.42
   10.53
   67.34
  144.13
  227.81
  112.36
  111.43
   10.00
   10.05
  269.46
   69.26
   82.49
  156.31
  154.67
   10.11
   10.08
   95.17
   87.44
   94.61
   10.53
   10.56
   24.27
   86.99
  122.07
  116.04
  159.37
  165.03
  212.55
  244.69
   88.35
  263.86
  254.34
   10.42
   10.48
   14.27
  110.35
  113.15
   56.44
   60.31
   10.45
   10.48
   10.45
   10.56
   10.62
  121.85
  239.73
   10.53
   10.51
   10.56
   10.53
   10.56
   10.65
  185.16
  123.43
   10.53
   10.51
   10.56
   10.53
   34.57
   10.51
   10.53
   10.51
   10.42
   10.34
   10.17
   10.19
   10.08
   10.08
   10.22
   10.08
   10.19
   10.14
   10.17
   10.22
   10.87
   10.11
   10.11
   10.05
   10.02
   10.42
   10.14
   10.93
   10.28
   10.65
   11.95
   10.62
   10.59
   10.51
   10.36
   10.39
   10.45
   10.34
   10.42
   10.45
   13.00
   10.00
   14.58
   11.02
   10.08
   10.05
   10.93
   10.11
   11.07
   10.11
   13.00
   10.31
   10.02
   10.11
   14.44
   36.67
   17.98
   23.62
   10.53
   10.48
   10.45
   10.51
   10.53
   10.31
   10.11
   10.02
   10.02
   10.00
   10.05
   10.39
    9.97
    9.97
   10.08
   10.02
   10.14
   10.14
   10.22
   10.22
   10.17
   10.14
   10.14
   10.11
   10.22
   10.93
   10.11
   10.19
   10.19
   10.19
   45.90
   46.24
   64.82
   62.30
   59.72
   31.38
   36.90
  127.26
  210.82
  217.73
  178.57
  156.96
   54.28
   52.75
  150.70
  172.87
  193.77
   98.85
   73.82
   41.51
   41.37
  189.04
  103.58
   97.16
   72.89
  101.63
   10.25
   48.96
  143.85
  127.43
   52.64
   88.21
  107.09
   99.96
   44.06
  250.52
  104.09
  303.13
   71.19
  132.72
   75.46
    9.97
  172.48
  124.57
  163.42
  231.21
  154.07
   61.45
   10.02
  126.24
   77.73
   92.94
   90.73
   78.78
   48.70
   40.72
  241.85
  251.34
  268.36
  244.69
  242.31
   64.19
   69.12
  223.62
  233.98
  234.83
  242.56
  248.11
   34.72
   33.90
  170.58
  170.75
  167.98
  159.03
  154.30
  114.94
  148.78
  206.74
  209.35
  208.81
  183.52
  173.64
  126.38
  128.22
  220.73
  219.65
  147.50
   80.19
  111.54
   10.00
   59.66
   39.96
  102.54
  109.33
  204.53
  138.41
    9.97
   92.48
  208.02
  109.67
  110.10
  113.52
  109.78
  220.25
  203.63
  313.16
    9.94
   10.51
   10.53
   45.39
   62.30
   10.42
  114.23
  119.38
  177.24
   10.42
   89.57
   10.51
   42.50
  219.43
  218.49
  220.45
  223.87
  224.10
   56.97
   50.69
  137.76
  182.19
  198.47
  182.16
  150.90
  182.93
   33.44
  127.34
  129.89
  152.43
  150.42
  114.51
   56.86
   26.87
  229.00
  229.17
  230.67
  286.45
  121.79
   59.92
   63.12
  199.29
  193.52
  198.10
  229.93
  250.07
  185.79
  186.15
  288.10
  241.20
  238.40
  254.48
  268.50
  221.13
  217.42
  269.94
  325.59
  259.38
  180.58
  287.81
  237.38
  251.09
  234.15
  272.69
  386.41
  271.05
  286.68
  247.52
  253.55
  287.30
  231.09
  167.72
  121.99
  121.25
  146.96
  152.97
  214.42
  153.14
  174.26
  171.94
  219.57
  147.47
   57.06
   55.25
   47.32
   22.74
   40.49
   40.95
   56.41
   66.37
   17.36
   94.27
  104.46
   27.33
   27.21
   27.35
   21.55
   44.83
   95.34
   84.50
   74.05
   69.80
   44.09
   46.84
   47.09
  238.00
  281.13
  349.23
  272.32
  200.60
  193.63
  270.34
  157.33
  189.75
  338.24
  331.34
   35.54
   28.03
   46.84
  157.53
  118.22
  116.24
   99.76
   66.94
   92.31
  143.99
  135.81
  119.38
  115.56
  114.68
   55.67
   47.43
  155.32
  127.20
  120.49
  119.19
  114.20
   32.68
   49.67
  107.41
  113.64
   63.40
   83.65
   90.36
   73.23
   32.25
   32.54
   10.56
   45.25
   58.81
   64.17
   22.60
   23.16
   67.42
   60.71
   47.15
   71.25
   49.53
   11.75
   10.48
   10.48
   10.51
   10.42
   10.56
   10.02
    9.97
    9.97
   10.05
   10.11
    9.97
   10.02
   10.00
    9.97
   10.05
   10.45
   10.51
   10.31
   10.45
   10.53
   10.53
   10.59
   10.65
   10.45
   10.51
   10.51
   10.45
   10.31
   10.36
   10.68
   10.62
   10.76
   10.62
   10.51
   10.56
   10.53
   10.25
   10.28
   10.25
   10.11
   10.00
   10.08
   10.14
   10.05
   10.87
   10.02
    9.97
   10.39
   10.51
   10.53
   16.88
   10.48
   10.34
   10.79
   10.73
   10.56
   10.42
   10.42
   10.45
   10.45
   10.25
   10.14
   10.22
   10.17
   10.56
   10.48
   10.59
   10.65
   10.28
   10.25
   10.19
   10.87
   10.39
   10.25
   14.44
   10.42
   10.39
   10.36
   10.22
   10.08
   10.42
   10.11
   10.14
   10.08
   10.08
   10.02
    9.97
   10.00
    9.94
   45.34
   30.38
   62.75
   45.93
   57.48
   60.26
   57.60
   59.41
    9.91
    9.85
   44.94
   46.75
   45.08
   10.45
   10.39
   10.39
   10.48
  143.06
  157.19
  168.37
  133.57
  131.87
  103.58
  100.04
  175.03
  116.55
  145.75
   99.93
   86.14
   31.15
   31.18
  160.47
  161.97
   59.10
   57.54
   60.20
   49.58
   47.18
  142.86
  135.18
  140.22
  130.12
  123.80
   24.47
   83.93
  170.41
  126.97
  119.38
   84.30
   26.42
   30.67
   26.59
   60.71
   63.06
   57.54
   54.62
   55.33
   50.23
   52.41
   64.48
   66.15
   78.78
   71.39
   66.12
   25.68
   23.81
  118.96
  110.66
  113.27
  109.67
  109.27
   78.30
   83.31
  170.52
  198.47
  193.77
  188.84
  193.77
  172.99
  173.07
  250.46
  148.69
  144.39
  157.02
  161.97
  110.07
  119.44
  185.76
  195.36
  196.94
  207.00
  204.28
  116.18
  112.16
  173.81
  160.25
  178.17
  200.06
  244.54
   94.55
   95.54
  108.09
   90.39
   82.52
   88.07
   96.90
   26.19
   28.94
   65.64
   53.92
   53.24
   51.56
   10.11
   10.14
   10.17
   63.40
   41.97
   37.97
   41.82
   45.34
   10.48
   10.36
   72.49
   81.92
   78.95
   72.80
   72.55
   10.28
   10.17
  137.87
  132.04
  168.88
  167.61
  165.17
   42.22
   41.34
  154.58
   70.40
  149.48
  150.45
  146.28
   52.16
   49.78
  124.93
  141.05
  134.31
  132.01
   41.29
   37.77
   41.29
   39.30
   42.45
   44.63
   49.58
   12.49
   12.63
   12.43
   12.43
   12.20
   12.06
   12.15
   32.31
   35.37
   37.94
   29.90
   31.15
   32.68
   30.47
   23.47
   39.36
   40.58
   42.16
   44.85
   45.62
   45.62
   43.18
   47.91
   34.12
   37.66
   20.90
   21.78
   25.23
   24.98
   25.17
   25.17
   23.90
   27.41
   10.39
   23.22
   22.74
   17.78
   17.75
   25.40
   17.87
   21.29
   21.89
   21.41
   23.42
   24.58
   25.85
   27.41
   19.11
   19.99
   19.06
   16.74
   16.79
   18.58
   18.09
   17.36
   16.99
   18.38
   17.36
   17.53
   17.50
   17.44
   16.71
   17.13
   19.96
   17.58
    9.97
   10.48
   10.00
   11.13
    9.91
    9.97
   10.02
   10.76
   10.62
   10.59
   10.22
   10.02
    9.97
   10.00
   10.05
    9.91
   10.05
   10.00
   10.05
    9.88
   10.05
   10.00
   10.02
   10.48
   10.02
   10.08
   10.73
   10.02
   10.11
   38.45
   35.00
   35.31
   29.79
   22.46
   53.15
   14.27
   10.34
   10.59
   10.82
   10.73
   10.82
   10.79
   10.76
  167.69
  160.30
  166.11
  102.62
   93.22
   10.68
   10.59
   10.70
  110.01
   10.62
   10.59
   10.28
   18.38
   10.36
   64.45
   65.13
   65.78
   67.11
   65.16
   35.68
   23.79
   22.60
   22.82
   23.08
   22.94
   20.33
   17.92
   17.53
   22.60
   22.51
   22.46
   22.57
   28.03
   17.67
   17.58
   17.41
   17.53
   18.15
   17.56
   17.58
   17.44
   17.64
   17.50
   10.62
   10.59
   10.51
   10.56
   10.53
   10.56
   10.56
   10.45
   10.53
   79.94
   10.51
   26.45
   21.69
   21.75
    9.97
    9.94
   19.99
   21.12
   21.21
   20.87
   47.32
   45.93
   38.96
   31.29
   29.28
   21.07
   21.21
   57.91
   66.83
   73.74
   69.89
   68.44
   41.34
   45.93
   46.72
   44.15
   41.51
   26.28
   45.70
   10.28
   10.25
   16.03
   10.42
   10.25
   13.68
   12.43
   17.13
   10.59
   17.13
   10.36
   10.51
   10.68
   12.35
   12.54
   12.49
   12.29
   10.00
   10.00
   11.86
    9.94
   10.00
   12.46
   10.00
   11.81
    9.97
   10.00
    9.94
   10.00
    9.97
    9.94
    9.97
    9.88
    9.94
    9.97
    9.94
    9.91
   39.87
   46.30
   52.39
   48.42
   39.19
   43.92
   44.06
   71.56
   71.61
   59.01
   67.62
   67.68
   67.59
   62.95
  117.29
  115.48
  117.46
  113.44
  115.70
  106.44
  106.84
  141.67
   95.85
   90.93
   86.51
   91.18
   73.40
   92.57
  117.20
  118.53
  118.25
  118.08
  117.49
   76.37
   87.98
  129.01
   89.68
   77.84
   80.08
   81.64
   50.63
   53.38
  104.40
  107.69
  115.39
  114.03
  118.87
   97.89
   98.97
  144.95
   83.79
   64.02
   63.97
  117.43
   85.43
   87.73
  172.11
  174.57
  195.24
  200.34
  202.81
  156.17
  116.44
  173.47
  170.10
  164.61
  198.30
  204.14
  177.32
   90.84
  164.80
  172.76
  173.61
  177.01
  176.30
  118.87
  110.01
  189.52
  190.69
  109.78
   89.62
   17.67
   17.70
   17.67
   37.41
   55.78
   55.13
   52.92
   52.27
   49.10
   47.26
   57.43
   54.31
   48.14
   40.86
   36.39
   47.80
   45.22
   45.70
   43.69
   62.41
   62.84
   63.32
   47.18
   47.29
   70.91
   74.02
   68.33
   72.94
   72.35
   60.54
   61.11
  125.16
  151.30
   95.46
   85.83
   81.07
   61.93
   61.82
  103.10
  104.91
  104.55
  105.37
   84.30
   46.47
   48.42
   69.63
   67.00
   67.11
   67.68
   67.11
   36.78
   37.83
   59.98
   83.76
   81.89
   83.59
   84.24
   55.70
   26.93
   44.00
   42.02
   39.39
   41.80
   41.71
   33.64
   26.25
   68.16
   42.96
   43.86
   43.07
   40.55
   35.74
   38.31
   36.02
   38.31
   33.36
   26.25
   38.17
   36.08
   16.99
   38.26
   23.93
   26.16
   26.42
   26.39
   26.59
   26.50
   26.05
   22.77
   99.39
   20.93
   21.66
   21.80
   21.83
   20.70
   28.12
   26.70
   29.93
  107.55
  103.24
   29.48
   77.39
   96.59
   54.54
   17.56
   33.81
   18.41
   10.48
  174.40
  183.52
  175.73
  192.36
  114.54
   67.14
   69.55
  109.02
  108.06
  110.72
  108.26
  102.08
  107.58
  103.72
  126.86
   74.84
   67.25
   52.30
   57.62
   47.94
   45.48
   83.05
   89.68
   11.72
   32.90
  342.95
  320.60
  320.15
  321.96
  352.35
  362.80
  281.30
  279.80
  141.58
  159.14
  133.34
  142.60
  134.19
  134.50
  120.35
   79.32
   79.43
   79.34
  128.33
  129.72
  119.38
  119.53
  116.50
  124.08
  103.81
  124.03
  126.29
  119.30
  119.50
   87.73
   43.83
   79.83
   77.73
   97.83
   93.39
  100.86
   61.39
   42.33
   47.74
   70.51
   69.46
   63.57
   65.16
   50.35
   27.16
   10.79
   22.88
  119.53
  140.90
  145.61
   62.33
   57.37
  206.06
  143.71
  144.76
  153.99
  157.10
   20.50
   22.88
   52.90
   51.00
   39.13
   39.36
   35.76
   26.65
   10.11
   10.08
   10.17
   10.68
   10.14
   10.17
   10.14
   10.17
   10.14
   10.11
   10.02
    9.94
   10.00
    9.91
    9.97
    9.91
    9.91
    9.94
   10.05
   10.00
    9.97
   10.08
   10.19
   10.05
   10.00
   12.15
   10.28
   10.08
   10.05
   10.08
   10.14
   10.00
   10.00
   10.02
   10.05
   10.02
   10.05
   10.00
    9.97
   10.00
   10.31
   10.39
   10.28
   10.19
   10.19
   10.31
   10.25
   10.31
   10.36
   10.31
   10.28
   10.56
   10.34
   10.34
   10.28
   10.34
   10.34
   10.25
   10.42
   10.14
   10.02
   10.08
   18.24
   10.51
   10.31
   10.39
   10.36
   10.70
   10.25
   10.25
   10.19
   10.76
   69.09
   74.87
   29.05
   26.42
   10.31
   10.19
   33.19
   40.83
  125.76
   85.74
   86.62
   86.03
   87.84
  136.46
  125.98
  130.51
  136.74
  135.18
   66.69
   71.05
   94.92
   93.79
  126.01
  205.78
  205.33
  205.30
  205.18
  206.80
  207.62
  199.75
  194.88
  139.15
  182.13
  160.95
  110.15
  116.16
  110.97
  110.69
  110.69
   71.30
   10.19
   89.08
  144.30
  135.50
  119.47
   58.05
   51.14
   44.74
   95.85
   56.61
  113.38
   71.47
  111.26
  159.57
  123.06
   87.24
   69.60
  171.29
  162.40
  177.66
   10.82
   45.05
   86.22
   97.86
  140.06
  142.69
  139.74
   90.81
   10.11
  193.77
  226.17
  205.81
  218.89
  227.89
  183.97
  128.45
  209.52
  199.95
  244.09
  204.90
  205.50
  240.07
  234.01
  276.88
  255.11
  252.78
  250.77
  204.87
  105.62
  106.53
  201.25
  200.00
  210.82
  212.26
  206.15
   71.92
   41.80
  158.46
  168.88
  173.67
  292.57
  236.79
  178.88
  178.76
  186.52
  144.78
   90.02
   10.00
    9.91
    9.88
   10.02
   71.42
   84.24
  104.04
  119.04
  112.87
   22.26
   21.15
  105.40
   10.11
   10.14
   10.34
   11.53
   65.58
   10.22
  109.08
  170.16
  192.21
  188.25
  182.25
  182.53
  182.70
   67.88
   62.16
   56.27
   54.93
  109.90
   64.93
   90.36
  239.25
  244.29
  238.60
  297.92
  160.22
  148.52
  151.81
  266.52
  251.48
  166.42
  210.76
  213.40
  156.79
  148.58
  217.62
  223.34
  189.75
  232.34
  231.01
  141.84
  146.62
  177.12
  136.15
  125.08
  130.99
  138.64
  116.04
  111.71
  262.27
  257.88
  252.76
  281.89
  249.33
  390.46
  393.72
  388.11
  389.22
  377.27
  376.36
  391.79
  185.33
  213.51
  404.65
  385.11
  420.68
  298.15
  296.17
  208.81
  202.15
  249.75
  257.91
  269.77
  263.63
  250.66
  225.46
  195.33
  263.06
  243.16
  248.37
  428.86
  488.52
  489.80
  492.29
  493.48
  493.82
  496.76
  502.06
  416.20
  428.35
  429.11
  263.01
  246.95
  254.26
  254.20
  161.60
  245.00
  242.53
  461.59
  420.45
  429.14
  430.08
  435.29
  216.94
  202.69
  208.58
  211.16
  296.56
  242.68
  242.65
  168.99
  112.70
  109.02
   64.45
   33.58
   52.95
   45.84
   66.69
   36.44
  207.17
  199.52
  371.80
  367.35
  279.86
  246.36
  107.89
  158.94
  105.54
  109.13
  340.91
  363.90
  419.83
  424.33
  430.53
  430.98
  430.47
  447.80
  449.08
  349.68
  355.26
  450.29
  451.37
  453.15
  448.60
  427.41
  269.97
  268.76
  262.70
  304.60
  281.13
  281.24
  274.19
   30.19
   21.49
  112.56
  132.18
  116.55
  120.54
  121.93
   63.54
   77.19
  102.54
   94.95
   75.61
   70.99
   56.01
   59.69
   10.42
   57.34
   59.38
   58.25
  157.02
  113.52
   10.25
   10.31
  149.17
  113.83
  124.28
  124.51
  114.26
   10.08
   10.19
   27.18
   36.90
   32.99
   32.59
   32.93
   10.22
   10.25
   28.97
   31.60
   31.63
   33.36
   31.38
   10.25
   10.28
   10.19
   10.19
   10.17
   10.19
   10.22
   10.22
   10.17
   12.46
   10.17
   10.17
   10.22
   10.22
   10.19
   10.31
   10.25
   10.34
   10.31
   10.28
   10.28
   10.25
   10.28
   10.19
   10.34
   10.36
   10.31
   10.19
   10.25
   10.19
   11.41
    9.91
    9.91
    9.91
    9.91
    9.77
    9.83
    9.80
    9.94
    9.88
    9.88
    9.94
    9.91
    9.91
    9.91
   10.00
    9.94
    9.94
    9.80
   10.00
    9.94
    9.88
   10.02
    9.94
    9.88
    9.94
    9.91
    9.94
    9.97
    9.94
    9.91
    9.94
    9.97
    9.94
    9.94
    9.88
    9.85
    9.94
    9.91
    9.88
    9.88
    9.91
    9.85
    9.85
    9.91
    9.88
    9.91
    9.83
   10.53
    9.88
   10.28
    9.77
    9.77
    9.88
    9.85
    9.91
    9.88
   10.17
   10.00
    9.80
    9.88
    9.97
    9.88
   99.99
  102.96
   98.68
   99.99
  100.13
   33.92
   29.87
   77.25
   52.39
   28.18
   15.66
   15.72
    9.85
    9.97
   68.02
   62.72
   44.32
   43.30
   11.72
    9.91
    9.94
   66.63
   65.04
   64.05
   69.43
   79.51
  144.73
  143.93
  187.71
  175.96
  173.19
  143.99
  143.40
   90.39
   39.96
  179.30
  179.59
  175.59
  178.14
  177.26
  130.80
   81.64
  185.02
  189.47
  159.54
  157.61
  156.56
  177.41
  238.40
  205.58
  203.97
  208.61
  207.90
  205.86
  140.65
   58.67
  246.70
  262.19
  245.85
  242.90
  235.77
  174.04
  226.31
  221.18
  156.08
  125.02
  127.82
  126.07
   60.48
   60.43
  110.35
  114.82
  123.66
  121.48
  121.88
   75.10
   73.77
  125.05
   97.49
  113.18
  115.08
  113.32
   70.82
   41.40
  113.69
  114.17
  113.13
  110.41
  111.12
   70.85
   64.36
  113.44
  109.76
  108.82
  111.54
  115.39
   71.81
   75.49
  110.63
  114.63
  111.12
  114.06
  114.48
   74.78
   67.85
  112.84
  113.24
  119.30
  115.87
  116.44
   71.13
   70.23
  111.31
  115.53
  111.54
   81.10
   77.81
   40.35
   42.19
  112.42
  106.24
  106.98
  103.47
  108.99
   69.01
   70.62
   98.37
  102.37
  102.76
  106.07
  104.83
   70.00
   73.11
   94.35
   99.34
   95.46
   97.78
   99.65
   71.13
   68.98
   99.65
   96.11
   99.36
   10.19
   97.64
   85.74
   85.43
  107.69
  104.77
   85.94
   56.10
  173.55
  116.89
  117.77
  228.57
  231.15
  227.58
  223.93
  135.95
   67.00
   53.60
  233.53
  236.19
  192.41
  177.04
  191.37
   75.75
   73.68
  242.93
  260.57
  237.78
  231.58
  179.08
   84.27
   73.03
  153.36
  131.50
   94.38
   97.52
   94.30
   17.10
   14.61
  123.63
   95.91
   96.99
   97.66
   99.25
   84.38
   81.24
  136.37
  144.53
  156.14
  170.78
  171.83
   26.62
   28.77
   63.06
   68.24
   86.25
  105.34
  104.06
   28.88
   29.11
   86.56
  108.06
  130.26
  133.43
  101.66
   40.04
   42.36
  116.13
  136.37
  181.11
  188.68
  159.28
   97.44
   94.89
  156.08
  153.93
  134.65
  125.76
   86.28
   40.32
   39.13
   35.11
   32.71
   29.96
   31.01
   33.10
   20.47
   20.19
   79.68
   80.87
   89.51
   85.23
   91.24
   42.59
   42.93
  330.91
  290.70
  449.78
  450.07
  452.02
  454.20
  399.98
  452.53
  334.17
   12.83
  204.05
  211.84
  223.70
  212.80
  338.81
  323.89
  425.18
  423.65
  368.80
  341.10
  290.87
  284.98
  285.60
  224.30
  308.82
  292.80
  197.48
  195.30
  264.51
  208.44
  187.37
  150.67
  150.08
   45.53
   45.00
  115.25
  141.53
  170.72
  172.99
  177.15
  109.61
  112.30
  158.57
  156.34
  182.87
  182.28
  186.83
   57.48
  180.60
  294.75
  286.74
  217.22
  189.84
  219.65
  122.75
  112.45
   31.06
   34.24
   43.72
   32.96
   31.69
   35.31
   34.24
  151.38
   71.47
   65.50
   56.07
   56.52
   17.95
   16.00
   64.31
   31.01
   32.79
   44.17
   41.94
   32.08
   28.52
   39.50
   38.85
   40.01
   37.69
   41.82
    9.91
    9.97
   63.60
   61.76
   78.89
   61.11
   59.27
   61.42
   59.89
  117.43
   97.98
   90.90
  122.70
  134.50
   82.20
   61.05
  102.54
  102.56
  101.69
   98.09
   99.85
   22.74
   83.93
   75.38
   62.52
   72.52
   78.07
   42.31
   23.70
   33.13
  161.49
  139.74
  171.74
  170.07
  172.02
  100.44
   91.10
  142.26
  141.19
  140.28
  126.75
  112.53
   34.12
   24.04
  129.58
   96.45
   67.20
   67.45
   73.00
   76.43
   77.42
  102.48
   97.21
  103.67
   96.62
   98.09
   98.03
   77.98
   15.89
  124.42
  125.56
  125.33
  101.77
   58.33
   59.44
  140.28
  160.90
  137.99
  152.46
  157.44
  101.63
   98.57
  180.10
  154.84
  150.59
  149.48
  151.04
  135.21
  104.12
  196.26
  199.78
  199.55
  199.58
  120.29
  166.64
  211.78
  212.49
  214.08
  213.85
  214.59
  216.23
  142.24
  133.32
  217.33
  219.54
  148.44
  218.49
  227.16
  174.06
  172.85
  152.12
  174.23
  174.88
  179.87
  194.96
  138.16
  115.56
    9.88
    9.91
    9.97
    9.97
    9.88
    9.94
    9.97
  142.07
  135.95
  144.19
  141.73
  144.33
  101.23
   56.61
  143.20
  142.58
  152.37
  142.15
  143.48
   57.12
   59.75
  143.59
  145.49
  142.86
  142.80
  145.01
   49.53
   49.16
  135.38
  144.84
  148.24
  148.83
  147.53
   58.47
   56.97
  146.91
  148.01
  147.33
  146.28
  147.39
   57.77
   56.32
  133.71
  130.71
  129.07
  129.15
  124.54
   65.47
   58.56
  125.67
  123.91
  125.22
  123.63
  125.92
   57.68
   58.33
  128.11
  118.45
  126.77
  152.60
  126.72
   53.04
   54.99
  151.44
  121.03
  134.19
  165.85
  156.34
   84.67
   87.73
  166.33
  166.11
  173.36
  204.82
  201.30
  115.45
  113.83
  252.30
  215.66
  253.49
  192.19
  190.57
   87.13
   87.24
  170.07
   46.47
    9.91
   26.84
   11.58
   91.77
   92.23
   92.17
  353.59
  338.67
  426.51
  426.45
  377.29
  305.20
  394.45
  377.63
  384.57
  369.93
  412.83
  187.49
  194.93
  156.82
  157.19
  159.00
  152.34
  161.29
  154.04
  151.30
  130.26
  180.38
  145.86
  172.70
  134.70
  140.06
  135.01
  142.72
  202.15
  203.06
  134.25
  130.88
   72.24
   71.92
  150.08
  179.33
  215.63
   83.51
  120.06
   88.21
   91.44
  162.71
  250.26
  255.56
  258.59
  257.06
  175.59
  170.16
  284.87
  426.25
  365.09
  351.72
  358.69
  348.67
  345.44
  321.71
  345.04
  362.26
  349.51
  372.65
  245.56
  270.62
  214.64
  286.25
  229.76
  183.10
  198.61
  200.17
   81.67
  279.09
  208.44
  179.84
  151.04
  119.24
   67.08
   71.75
  208.89
  187.15
  181.88
  164.04
  167.21
  136.49
  131.73
  255.87
  146.60
  222.91
  404.79
  370.81
  159.96
  156.59
  232.23
  263.21
  252.02
  270.26
  233.67
  129.89
  128.25
  154.13
  134.93
  163.76
  162.51
  159.82
   29.90
   29.76
   29.65
   31.52
   27.16
   24.64
   27.24
   10.22
   10.25
   29.34
   26.93
   30.98
   27.55
   29.19
   10.11
   10.19
   82.69
   45.22
   42.62
   10.14
   33.19
   10.25
   10.22
    9.91
   10.02
    9.97
   20.02
   13.39
   10.00
   10.00
   10.22
   10.45
   10.39
   10.36
   10.36
   10.39
   10.39
   10.48
   10.39
   10.42
   10.45
   10.39
   10.48
   10.42
   10.45
   11.04
   15.86
   13.96
   10.39
   10.45
   10.42
   10.39
   10.39
   10.34
   10.34
   10.31
   10.31
   10.31
   10.28
   10.31
   10.39
   10.39
   10.36
   10.51
   10.53
   10.48
   10.48
   10.45
   10.42
   10.45
   10.42
   10.48
   10.48
   10.31
   10.42
   10.42
   10.42
   10.36
   10.34
   10.36
   10.34
   10.34
   10.36
   10.34
   10.34
   10.36
   10.36
   10.34
   10.36
   10.36
   10.34
   10.34
   10.31
   56.07
   69.91
   68.92
   71.92
   71.87
   37.35
   37.89
  140.99
  138.92
  142.43
  156.17
  151.89
  117.60
  114.85
  182.05
  181.62
  181.54
  184.37
  183.69
   91.32
   29.42
  169.08
  149.51
   42.08
    9.94
   10.05
    9.97
   10.00
    9.97
   10.00
    9.91
   10.00
    9.91
    9.88
    9.83
    9.85
    9.91
   10.00
   10.53
   57.14
   29.42
   26.59
  303.47
  293.45
  291.24
  276.40
  263.43
  231.18
  228.63
  183.21
  169.45
  193.66
  193.80
  123.23
    9.97
    9.94
  207.56
  205.24
  195.64
  168.63
  170.30
  141.07
  140.71
  211.58
  215.12
  215.35
  216.20
  163.44
  154.47
  155.40
  181.37
  254.51
  245.51
  219.54
  237.47
  152.88
  150.70
  243.89
  160.87
  158.15
  153.14
  155.12
   69.32
   66.80
  163.44
  154.16
  151.81
  152.03
  154.58
   65.30
   72.24
   78.07
   10.02
    9.94
    9.91
   53.43
   96.84
   56.95
  129.46
  149.77
  151.35
  135.18
  145.04
   88.18
   59.98
  149.06
  112.33
  108.60
  114.26
  111.26
   89.96
   84.50
  164.10
  152.80
  169.79
  161.69
  171.20
  125.30
   60.46
  181.94
  182.11
  192.64
  189.72
  190.91
   93.87
   95.82
  166.59
   47.88
  175.99
  174.15
  173.95
   93.11
  101.37
  172.51
  172.62
  175.14
  173.36
  171.03
  119.98
  121.31
  172.53
  171.88
  172.87
  177.63
  173.70
  122.41
  116.16
  175.68
  177.55
  175.93
  177.57
  173.95
  142.12
  132.86
  175.20
  158.57
  182.33
  118.31
  130.23
  191.14
  143.88
  151.55
  181.31
  183.49
  168.91
  185.42
  144.36
  143.82
  119.75
  132.01
  130.54
  134.02
  133.66
   34.04
   34.04
  144.25
  134.82
  138.81
  140.08
  142.89
   38.06
   42.14
  120.20
  137.22
  122.05
  123.18
  206.32
  189.75
   10.53
   10.59
   10.56
   10.48
   58.73
   52.95
   10.39
   10.45
   10.45
   10.76
  202.18
  202.89
  199.78
  122.41
  125.33
  243.95
  239.31
  248.23
  183.27
  179.59
   80.45
   43.98
   10.56
   10.62
   10.96
   11.41
  290.22
  418.44
  417.11
  417.02
  417.67
  419.54
  419.77
  421.18
  421.27
  420.99
  418.30
  397.40
  222.63
  309.84
  472.58
  526.72
  526.69
  527.32
  522.16
  528.53
  530.66
  531.85
  532.92
  535.87
  538.27
  540.20
  542.89
  545.41
  548.50
  551.64
  556.28
  561.15
  538.22
  514.86
  480.03
  467.17
  473.00
  474.62
  371.43
  255.08
  238.29
  154.84
  164.72
  107.12
  107.12
  192.78
  133.80
  331.36
  377.44
  243.52
   44.88
   43.64
  142.58
  201.42
  207.90
  208.75
  209.18
   62.61
   85.23
   92.62
  113.89
  104.18
   97.04
   99.76
   10.68
   10.62
   89.91
  101.97
  117.37
  112.96
   84.13
   10.68
   10.68
   41.57
   41.17
   43.81
   44.34
   10.62
   10.76
   10.73
   10.68
   83.17
   85.57
   10.68
   52.75
   53.55
   53.69
   69.18
   92.00
   91.52
  143.65
  135.13
   89.76
   79.06
   95.71
  139.18
  142.26
  165.00
  160.25
   69.12
   64.53
   10.70
   30.21
   32.90
   29.79
   29.08
   33.16
   16.37
   10.65
  215.77
  210.71
  216.88
  209.74
  172.39
  140.08
  112.08
  198.50
   76.51
   40.46
   39.05
   39.84
   39.73
  150.05
  149.51
  202.55
  262.27
  229.59
  178.08
  226.28
  200.17
  299.82
  132.35
  340.03
  328.31
  133.91
  226.51
  230.78
  249.70
  256.49
  289.12
  312.99
  176.61
  187.43
  166.93
  241.63
  230.07
  282.32
  176.30
  118.05
  160.39
  145.41
  140.56
  144.36
  229.28
  236.81
  236.70
  160.87
  254.03
  190.83
  189.98
  248.91
  245.22
  153.48
   96.70
   84.30
  113.69
  165.37
  165.60
  162.17
  220.22
   17.75
  283.14
  384.17
  385.02
  385.53
  386.61
  328.39
  345.66
  388.85
  254.40
  226.36
  270.77
  385.65
  197.79
  199.27
  245.71
  229.11
  243.44
  245.00
  245.85
   92.31
   10.34
  119.13
  116.16
  207.08
  111.82
  116.33
   97.30
  103.13
  179.10
  162.23
  178.28
  169.62
  126.12
   10.36
   10.39
  174.86
  215.38
  243.50
  271.47
  288.97
  225.15
  224.95
  186.58
  169.19
  182.28
  165.51
  157.33
   57.62
   56.63
  152.49
  149.31
  152.51
  161.75
  155.46
   81.86
   56.32
   83.22
  213.14
  273.74
  265.73
  282.74
  171.46
  155.94
  207.68
  216.43
  216.34
  241.94
  241.80
  109.25
  115.67
  225.12
  274.25
  282.57
  287.90
  290.11
  149.88
  143.62
  194.76
  182.13
  201.73
  199.89
  202.27
  145.07
  142.92
  220.59
  221.27
  222.54
  227.04
  226.73
  139.43
  143.74
  216.88
  219.31
  237.63
  121.28
  131.56
  111.31
  107.66
  237.61
  217.78
  127.65
  185.84
  227.02
  171.23
  172.11
  183.66
  174.26
  157.53
  178.37
  191.71
  137.53
  138.38
  243.30
  242.11
  243.81
  253.66
  249.67
  177.55
  174.94
  253.10
  250.58
  247.38
  250.58
  249.27
  156.85
  144.08
  181.20
  180.89
  209.63
  182.08
  181.62
  100.44
  100.78
  127.31
  129.07
  114.06
  105.99
   79.71
  117.29
  118.31
  136.43
  154.47
  172.65
  243.52
  177.74
  128.19
  132.07
  270.74
  169.16
  215.24
  179.27
  140.79
  208.67
  240.01
  198.81
  218.49
  196.26
  212.57
  205.10
  196.89
  214.19
  284.70
  275.15
  334.59
  199.95
  186.18
  180.58
  199.35
  252.53
  254.79
  260.35
  259.13
  308.09
  184.94
  238.65
  399.69
