19850101
   56.41
  123.32
  184.00
  195.16
  185.33
  260.77
  160.39
  188.93
  192.53
  182.36
  177.77
  103.98
   63.63
  176.78
   93.16
   82.01
   71.50
   65.92
   64.62
  115.45
  179.10
   73.17
   44.94
   39.02
   42.96
   47.88
   41.34
   61.33
  134.48
   54.45
   48.22
    5.24
    0.00
    0.00
  101.03
  188.93
  385.08
  376.87
  442.14
  456.92
  378.20
  389.67
  319.16
  366.05
  478.89
  479.21
  332.92
  319.05
  315.87
  327.03
  319.47
  324.54
  261.76
  140.39
  135.13
  286.03
  248.31
  244.03
  244.69
  311.60
  172.19
  103.33
  178.76
  173.84
  232.57
  220.42
  184.65
  129.24
   52.78
  126.60
  124.00
  197.14
  171.54
   86.65
   53.15
   52.81
  124.96
  125.61
  133.83
  148.58
  129.55
   51.51
   56.10
  116.13
  115.14
  222.88
  195.50
  115.79
   52.47
   48.87
  101.69
   53.80
   85.29
    0.00
   51.17
   62.64
   53.15
   34.77
   74.13
   95.12
   48.87
   55.76
   47.88
   54.45
   50.18
   27.21
   70.85
   67.25
   51.51
   52.81
   63.97
  136.46
   63.63
   47.57
   63.97
   52.47
   59.69
   48.22
   66.91
   65.92
   36.42
   24.61
   76.09
   35.42
   19.34
  190.23
   44.94
   57.09
   59.04
   35.08
   65.27
   56.41
  177.46
   35.42
   61.33
   40.35
   36.73
   55.10
   54.79
   32.48
  145.63
  172.85
   58.70
   35.08
   56.44
   57.74
   54.79
  201.39
   57.40
  145.97
  131.53
   55.10
  106.61
  240.78
  206.32
  210.59
  217.13
   79.06
   60.34
   61.02
  172.53
   68.89
  108.91
   52.81
   57.74
   32.79
  113.81
  100.69
   46.89
   54.45
   90.53
  191.22
   41.34
   60.03
  249.61
  173.84
  168.91
  161.04
   38.06
   33.13
   57.40
   91.18
   65.27
   88.58
   51.51
   61.67
   33.78
   55.44
   92.82
   90.53
  129.89
   86.25
  265.02
   45.28
   55.76
  218.78
   31.49
   61.67
   45.93
  267.99
  143.99
  112.19
  279.80
  274.22
  171.23
   94.47
   90.53
   36.08
   57.74
  116.78
  111.51
  235.82
  245.03
  115.79
   62.33
   61.99
  128.25
  131.53
  129.55
  130.23
  136.46
   96.11
  104.63
  153.51
  262.41
  257.15
  143.34
  176.13
    0.00
   63.63
   22.31
    0.00
  174.18
  161.38
  164.97
   94.80
   74.78
  217.47
  237.47
  239.76
  241.74
  232.57
  245.03
  239.45
  101.03
  188.93
  182.70
  179.10
  203.37
  118.73
  118.73
  212.21
  211.56
  213.54
  204.33
  121.68
    0.00
   58.05
  132.18
  167.61
  173.53
  177.77
  173.84
   65.92
   64.28
   86.93
   91.83
   97.41
  204.67
  163.67
   64.62
   58.05
  168.26
  249.61
  100.04
  109.22
   90.53
   65.27
   62.64
  245.34
   48.87
  120.71
  109.87
  122.36
   61.02
   68.22
   79.71
   91.52
  293.65
   91.83
  224.69
   73.48
   74.44
  179.10
   75.78
   74.13
   77.73
   63.32
   56.41
   61.99
   72.15
   66.91
   45.93
   39.36
   40.35
   65.61
   61.99
   44.94
   67.90
   65.92
   63.97
   78.07
   61.67
   62.64
  233.22
  231.24
  101.69
   97.10
  102.99
   46.58
   54.45
  219.12
  208.92
  212.55
  206.97
  217.13
   56.10
   86.59
  164.01
  164.32
   96.11
   98.74
  105.93
  102.34
  103.64
  325.05
  324.74
  330.63
  326.69
  320.80
  328.67
  328.67
  347.67
  349.32
  357.19
  355.69
  402.78
  427.07
  438.88
  455.93
  396.24
  385.73
  382.45
  282.09
  100.38
   30.84
   36.08
   69.55
  184.34
  177.12
   65.92
   87.58
   40.66
   66.26
   38.37
   37.07
   78.72
   53.80
   66.26
   72.15
  150.87
  131.19
  160.39
  139.40
   68.56
   38.71
   40.01
   83.65
   93.47
   54.76
   54.11
   72.49
   43.30
   39.02
   85.94
   87.24
   86.25
  103.33
   92.82
   45.59
   42.96
  277.82
  247.63
  137.76
   81.01
   41.97
   39.70
   40.01
   41.65
   39.02
   39.02
  164.66
   74.13
   41.00
   38.06
   80.70
  267.00
  258.79
  227.95
  181.71
   57.40
   41.00
   22.96
    0.00
    0.00
    0.00
   32.14
   26.25
   28.85
  146.28
  155.80
  143.68
  129.24
  136.77
  173.84
   66.26
  195.16
  277.51
  229.59
  217.13
  233.22
   33.47
   29.85
  200.09
  197.45
  193.52
   93.16
   29.85
   40.66
   41.34
   40.66
   98.40
   62.64
  249.27
  251.57
  225.01
   57.09
  102.00
   51.17
   60.68
   36.73
   58.05
   57.09
   53.80
   49.87
   59.69
   70.85
   25.26
   54.11
   83.96
   83.00
   32.48
   73.48
   82.01
   50.18
   62.33
   68.47
   68.53
   53.80
   72.83
   81.35
   69.21
   67.93
   56.10
   54.45
   53.46
   43.64
   59.38
   70.51
   46.24
   62.33
   61.99
   48.22
   68.56
   70.20
   45.93
   61.33
   57.74
   55.76
   49.53
   60.34
   51.51
   57.40
   55.10
   51.17
   52.16
   58.70
   59.69
   61.99
   58.39
   61.02
   57.74
   58.05
   56.41
   56.41
   57.74
   56.75
   63.32
   50.83
   61.33
   56.10
   58.05
   59.38
  150.79
  149.23
  114.15
  102.34
   97.75
   99.36
   60.34
   60.34
   59.04
   59.04
   56.41
   64.62
   60.68
   60.03
   54.76
  105.28
   54.76
   53.15
  151.86
  124.31
   85.60
   69.86
   93.16
   67.90
   56.41
  227.95
  197.28
  109.56
   57.09
  148.27
   60.68
   59.69
   52.81
  115.79
  107.12
   51.17
   59.69
   57.74
   62.33
  197.26
  148.27
  155.49
   98.40
  150.56
   61.99
   81.67
   73.79
   64.62
  116.44
  112.84
  122.67
   62.33
   60.34
  101.03
  152.51
  109.56
  175.90
  244.37
   64.96
   61.02
   89.23
   84.95
   83.00
  115.79
   81.01
   62.98
   60.68
   68.22
   93.47
   31.15
   72.49
   38.06
   32.48
   39.02
   52.47
   40.01
   61.33
  113.49
  142.35
   46.58
   54.45
  151.55
   67.90
   35.42
   68.56
   69.55
   48.54
   44.29
  117.43
  123.66
  118.73
  121.85
  132.52
   48.87
   44.94
  108.26
  113.18
  112.19
  106.27
  114.80
    0.00
    0.00
   96.45
   90.87
  167.30
  165.97
  163.02
   14.44
   14.75
   85.60
  165.97
  166.62
  170.55
   55.67
   42.65
   39.36
   62.98
  260.77
  262.07
  237.80
  132.18
   90.53
   86.93
   97.10
   87.24
  139.91
  134.17
  144.33
   19.34
   61.33
   82.32
   48.87
   59.04
   54.45
   54.11
   59.38
   46.89
   43.95
   42.96
   42.31
   45.59
   45.93
   48.22
   54.45
  130.54
  123.66
  130.88
  129.24
  132.18
   15.09
    0.00
   59.69
   47.23
   46.89
   46.58
   48.22
   38.37
   33.78
  110.21
  121.68
  107.92
  180.04
  184.99
   33.13
   38.06
   51.17
   49.53
   50.18
  299.79
  197.45
   98.74
   44.60
  103.64
   98.40
  109.56
  126.94
  105.93
   47.23
   44.94
   65.92
    0.00
    6.57
    0.00
   23.96
   23.62
   25.26
  131.87
  381.14
  392.95
  396.24
  400.17
  405.41
  424.44
  436.90
  283.73
  134.48
  136.46
  135.47
  133.17
  129.24
  133.83
  129.55
  126.94
  262.72
  429.03
  450.69
  424.44
  432.31
  448.71
  270.60
  175.82
  355.55
  348.01
   98.40
  225.35
  288.97
  368.03
  376.56
  383.69
  164.01
   50.18
  119.72
  123.01
  136.46
  138.41
  140.71
  108.26
   65.61
  104.97
   84.95
   79.71
   48.54
   78.38
   77.42
   75.12
    0.99
   94.13
   79.06
   79.06
   75.12
   75.12
   74.44
  261.42
  329.98
  220.08
  228.63
  225.66
  214.84
  218.12
  381.14
  377.52
  386.07
  385.08
  391.65
  278.16
  183.69
  293.25
  295.85
  292.57
  295.85
  307.01
   68.89
   42.96
  194.51
  189.92
  139.40
  141.05
  141.70
   67.62
   47.57
  153.85
  159.42
   44.94
   46.89
  134.48
  230.27
  324.79
  479.55
  507.10
  503.81
  509.05
  472.32
  496.59
  461.17
  512.99
  519.56
  512.34
  500.53
  392.30
  198.78
   76.77
  203.37
  230.92
  199.41
  201.39
  194.17
   54.45
   53.80
   90.53
  116.78
  190.91
  110.86
  119.38
   76.77
   39.36
  160.73
  192.21
  146.28
   95.12
  188.28
   90.53
   36.73
  120.06
  163.36
  150.22
   93.81
   87.24
   40.66
   32.79
  196.80
  198.10
  142.35
  193.52
  195.50
   93.81
   86.59
  221.72
  133.17
  137.11
  128.59
  164.01
  102.99
   42.65
  150.22
  171.88
  187.63
  269.63
  211.90
  111.51
   57.09
  141.70
  156.79
  158.74
  142.35
  140.39
   43.30
   43.30
  173.84
  171.88
  165.31
  175.17
  173.19
   43.95
   41.99
  165.31
  248.62
  273.57
  209.26
   85.94
   58.39
   41.99
   93.81
  166.30
  162.68
  165.31
  164.66
   46.58
   43.95
  202.04
  202.04
  206.66
  143.68
  141.70
   42.65
   45.28
  301.12
  285.38
  232.23
  169.90
  196.80
   44.60
   29.53
  188.93
  179.10
  184.99
  186.30
  157.44
   43.30
   28.85
  197.45
  136.46
  159.42
  155.49
  200.09
   43.30
   27.55
  219.12
  223.70
  179.76
  177.12
   99.05
   43.95
   29.53
  204.02
  143.68
  143.68
  247.32
  316.87
   99.05
   97.10
  227.64
  230.27
  172.53
  230.92
  202.04
  141.70
  143.00
  210.59
  198.78
  230.92
  230.27
  233.53
  178.42
  144.33
  251.26
  257.82
  265.70
  245.34
  228.29
  239.45
  242.08
  257.15
  249.95
  214.53
  181.71
  257.82
  186.32
  168.60
  258.48
  178.42
  157.44
  171.88
  173.84
  192.87
  163.36
  192.87
  211.24
  201.39
  206.66
  217.76
  162.68
  133.17
  225.01
  217.13
  223.05
  155.49
  113.49
  117.43
  116.78
  160.08
  102.34
  102.99
   83.31
  111.51
   50.52
   49.87
  165.97
  169.25
  173.84
  171.88
  194.17
   32.14
   33.47
  186.30
  202.72
  234.86
  227.64
  226.34
  143.00
  108.91
  230.92
  267.65
  255.84
  165.31
  131.87
   51.82
   51.82
  255.19
  267.00
  278.81
  249.27
  213.20
  180.41
  130.54
  265.70
  250.60
  274.87
  281.44
  339.15
   96.45
  114.80
  219.77
  200.74
  293.25
  209.26
  121.37
   56.41
   52.47
   83.96
   85.94
  128.59
  284.05
   99.70
   49.87
   61.02
   73.48
   73.48
   70.85
   46.58
   49.87
   48.54
   51.82
   71.50
   45.28
   49.87
   35.42
  238.80
   42.65
   44.60
   41.99
   61.67
   41.99
  119.38
   43.95
   41.99
   42.65
   69.55
   75.44
  129.24
  156.14
  144.33
  169.25
   80.02
  131.19
  120.06
  120.71
   49.87
   47.23
   38.71
   40.01
  284.70
   28.85
   35.42
   45.93
   36.73
   49.87
   38.06
  119.38
   99.70
   83.31
   47.88
   51.82
   40.66
   44.60
   44.60
   82.66
  184.34
  173.19
  213.85
   57.09
   69.55
   59.04
   59.04
   43.95
   44.60
   22.31
   17.73
   17.73
  102.99
  225.01
  217.78
   45.28
   49.87
   71.50
   39.36
   43.95
  266.35
  261.76
  284.73
  179.76
  102.99
  108.26
  188.28
  227.64
  119.38
  218.46
   79.37
   21.66
   24.38
   48.54
   42.65
   29.53
   30.84
   18.38
   32.79
   36.73
  183.69
  274.22
  191.56
  221.07
   97.10
   47.23
   44.60
  180.41
  202.72
  264.37
  286.03
  318.82
  127.26
   86.59
  190.23
  261.76
  295.20
  226.99
  218.46
  222.40
   92.51
  101.03
   93.16
  134.48
  199.44
   84.64
   99.70
  108.91
  225.01
  186.30
  286.03
  292.57
  239.45
   24.92
   45.93
   97.10
   89.23
   46.58
   42.65
   41.34
   49.21
   48.54
   37.41
   47.88
   43.30
   45.28
   26.25
   24.27
   39.36
  188.28
  228.94
  240.10
   72.83
   41.34
   40.01
   41.34
   38.71
   36.08
   45.93
   64.96
   40.01
   39.36
   38.06
   39.36
   37.41
   57.09
   37.07
   45.28
   37.07
   38.71
   36.73
   41.00
   37.41
   34.43
   33.47
   33.78
   33.47
   37.41
   36.08
   39.02
   34.77
   38.37
   33.47
   32.48
   32.79
   40.35
   45.28
   39.36
   40.66
   40.35
   39.02
   41.34
   40.66
   38.06
   38.37
   38.71
   38.06
   39.70
   37.72
   38.06
   39.36
   38.37
   38.06
   36.73
   39.02
   53.15
   54.11
   50.83
   55.10
   56.10
   53.46
   52.81
   55.76
   53.46
   56.41
   58.70
   55.44
   58.39
   55.10
   59.04
   55.44
   65.92
   53.80
   56.10
   57.09
   57.74
   56.41
   59.38
   61.02
   57.40
   58.70
   56.75
   57.40
   57.09
   83.31
   75.44
   61.99
   60.03
   71.50
   98.40
   95.12
  112.84
   98.40
   99.39
  102.00
   51.51
   52.16
  151.55
  133.83
  192.87
  131.19
  126.29
   36.73
   43.95
   69.55
   37.07
   72.49
   69.86
   72.83
   73.79
   46.24
   82.01
  139.40
   79.37
  143.68
  158.74
   54.11
   56.10
   85.60
   88.58
   21.32
  175.17
  170.89
   54.11
   56.75
   77.73
   34.12
   29.53
   31.15
   30.19
   27.89
   28.85
   28.85
   35.76
   57.74
   71.19
  137.42
   28.20
   31.83
  107.26
  144.33
  101.03
  110.21
  135.47
   26.25
   31.83
  135.47
  159.08
  157.10
  160.08
  164.01
   79.06
   30.84
  175.82
  169.25
  170.55
  129.55
  114.15
   30.50
   17.73
   19.68
   31.83
   28.85
   37.07
   29.76
   31.83
   30.47
   79.06
   77.73
   71.50
  151.86
   76.77
   51.51
   30.19
   29.53
   28.85
   32.79
   28.85
   29.19
   29.53
   29.85
  162.68
  153.51
   91.18
  124.65
   82.66
   57.40
   33.47
   41.00
   38.71
   40.66
   42.65
  125.61
   49.53
   48.22
   32.14
   42.65
   50.18
   96.11
   40.66
   40.66
   38.71
   41.00
   46.58
   45.59
  126.60
  120.71
   38.37
   39.70
   80.70
   83.31
  100.04
  130.88
  125.61
   40.01
   40.66
   82.32
   82.01
  128.59
  200.09
  178.76
   47.23
   38.06
  159.08
  228.63
  255.84
   74.78
   74.44
   51.51
   41.14
  215.49
  211.24
   86.25
   55.76
   28.54
   45.59
   48.22
  177.77
   32.79
   31.49
   30.19
   31.49
   27.89
   28.54
  103.64
   36.73
  194.51
  211.24
  200.09
   36.73
   36.42
   36.42
   71.84
  113.49
   28.85
   27.89
   38.06
   50.83
  122.02
  139.06
  130.23
  135.47
  139.06
   31.49
   26.56
  119.72
  153.17
  167.30
  162.68
  308.65
  137.11
  135.13
  327.34
  318.48
   82.66
   81.01
  155.80
  147.62
   77.42
  133.49
  120.71
   47.57
   43.95
   40.35
   42.96
   44.29
   41.00
   55.10
   44.29
  178.42
   55.44
   18.04
   17.05
   18.04
   17.73
   19.03
  303.73
  295.85
  166.62
  180.72
  250.26
  299.79
  308.99
  289.96
  282.40
  110.86
  191.56
  345.18
  336.55
  352.60
  271.59
  206.97
  212.21
  167.30
  140.71
  143.68
  143.00
  145.29
  148.27
   27.89
   25.26
  204.33
  120.06
  118.08
   70.20
   71.84
   29.85
  138.10
  192.87
  193.52
  189.27
  222.06
  257.49
   26.56
   29.19
  164.66
  160.39
  166.62
  161.38
  313.89
  177.46
  175.82
  272.58
   71.84
  137.11
  390.32
  390.97
  219.43
  132.52
  238.46
  265.70
  253.89
  242.08
  318.48
  224.35
  179.10
   60.03
  333.91
  444.43
  471.99
  211.56
  173.53
   15.40
  188.93
  190.23
  166.96
  238.14
  240.75
   42.96
   44.60
  139.06
  176.13
  326.35
  169.25
  147.28
   46.58
   42.33
  138.10
  142.69
  141.36
  140.71
  135.47
   82.97
   87.58
  137.76
  140.06
  134.17
  135.47
  134.48
   84.30
   83.65
  173.84
  147.62
   87.58
   86.59
   85.60
   38.37
   37.07
   39.36
   35.42
   37.72
   38.71
   37.07
   37.72
   38.06
   74.78
   72.83
   78.07
   37.72
   99.70
   38.71
   39.02
   31.83
   29.19
   29.19
   29.85
   91.18
   29.85
   30.50
  183.69
  335.87
  250.26
  340.48
  336.21
  337.20
  339.80
  339.49
  338.16
  273.88
  277.82
  195.50
   95.12
   40.66
  223.70
  276.51
  296.19
  298.15
  295.85
   85.29
   57.09
   57.74
  203.37
  231.89
  177.77
  165.65
  122.67
  116.78
   92.17
   38.06
  187.63
  103.64
   15.09
   61.33
   59.69
  171.88
   19.34
  180.41
  161.01
   17.73
  138.41
  343.74
  354.89
  401.48
  461.82
  371.63
  466.75
  469.69
  469.04
  466.10
  467.09
  246.02
  298.49
  297.19
  204.67
  292.91
  245.03
  409.01
  456.24
  456.24
  454.29
  347.36
  454.29
  454.94
  341.13
  339.15
  342.78
  342.44
  276.51
  280.11
  305.37
  303.73
  304.38
  305.71
  307.35
  196.80
  195.16
  306.02
  305.71
  305.37
  309.64
  308.99
  125.30
   84.64
  307.01
  304.38
  254.85
  307.35
  310.95
  195.81
  114.80
  301.77
  183.04
  208.61
   30.84
  170.86
  238.80
  241.74
  367.04
  324.06
  328.99
  326.69
  319.81
  238.80
  235.82
  317.83
  326.04
  328.67
  338.16
  305.37
  168.60
  212.55
  297.50
  292.26
  339.80
  257.82
  333.57
  231.89
  232.57
  229.93
  324.74
  309.96
  329.32
  353.25
  326.35
  334.56
  399.83
  288.97
  336.55
  260.43
  257.82
   30.19
   17.73
  279.80
  319.81
  326.69
  341.78
  119.38
   16.40
   17.73
  335.87
  216.48
  204.67
  196.15
  295.20
  159.08
   57.40
  243.04
  336.86
  340.14
  339.49
  337.85
  336.55
  333.91
  336.55
  329.32
  339.15
  340.14
  340.48
  342.10
  341.44
  341.44
  347.67
  344.08
  339.80
  349.32
  358.18
  359.17
  344.73
  345.07
  348.01
  364.75
  328.99
  320.12
  326.04
  362.12
  378.51
  372.93
  384.74
  370.64
  324.74
  336.21
  363.42
  369.34
  367.69
  368.35
  372.93
  227.64
  218.12
  359.82
  367.04
  361.78
  373.27
  366.05
  312.93
  229.93
  390.66
  409.01
  415.58
  316.87
  433.96
  417.22
  319.47
  418.52
  374.26
  385.08
  395.59
  389.02
  391.65
  325.05
  432.31
  444.12
  381.80
  351.61
  434.95
  425.74
  369.65
  340.14
  373.27
  373.92
  370.64
  367.35
  369.65
  334.90
  339.15
  305.37
  417.87
  383.44
  421.50
  420.17
  421.81
  191.22
   57.74
  172.19
   83.00
   68.22
   62.33
   59.04
  123.32
  122.36
  306.67
  249.95
  279.46
  308.31
  314.88
  369.65
  475.27
  461.51
  467.40
  463.46
  464.11
  464.45
  465.76
  471.02
  466.10
  357.19
  399.83
  222.71
  131.19
  375.91
  273.57
  249.61
  266.01
  276.51
  273.23
  258.79
  352.29
  451.00
  486.43
  496.28
  494.95
  353.59
  166.96
  311.94
  364.75
  355.23
  382.14
  369.65
  349.01
  334.22
  473.97
  470.37
  492.01
  492.35
  377.86
  385.73
  581.09
  640.39
  639.08
  639.22
  639.56
  671.17
  691.13
  689.35
  691.75
  691.33
  687.14
  681.70
  600.52
  513.67
  490.36
  507.75
  460.86
  378.85
  361.78
  356.54
  365.71
  339.15
  345.38
  344.42
  336.55
  329.32
  367.04
  262.72
  506.11
  558.18
  627.81
  630.28
  627.90
  553.74
  232.23
  155.80
  365.06
  341.78
  317.52
  305.71
  321.76
  205.98
   58.05
  190.23
  310.30
  308.65
  311.29
  260.43
   16.40
   15.74
  161.72
  156.79
  151.86
  167.30
   82.66
   22.31
   22.96
   54.45
   89.54
   53.80
   93.16
   53.46
   15.74
   15.09
   16.40
   16.74
  147.28
  155.15
   16.40
   16.08
   16.08
   15.74
   17.39
   15.74
  152.85
   15.40
   17.05
   16.08
   18.04
  227.30
  231.24
  123.01
   16.40
   16.08
   16.08
  183.04
  244.37
  246.33
  237.80
   25.60
   33.78
   37.07
  173.84
  206.32
  233.87
  231.89
  263.38
   53.80
   53.15
   52.47
  187.94
  344.42
  346.37
  341.13
  264.37
  273.88
  193.52
  190.91
  192.24
  204.33
  267.65
  165.65
  154.16
  162.03
  199.44
  270.60
  282.09
  258.79
   16.74
   15.74
  209.60
  206.97
  204.02
  209.91
  160.08
   17.73
   16.08
   93.81
   35.42
  184.99
  210.90
  214.19
   55.44
   17.05
   83.00
   70.85
   75.44
  100.69
   18.04
   16.40
  111.51
  148.92
   63.63
  140.71
  134.17
   16.74
   28.54
   30.84
   97.75
  103.33
   99.39
  126.29
  101.03
   32.79
   34.77
   33.78
  142.04
  186.30
  187.94
  195.16
   17.05
   16.40
  331.93
  345.72
  331.93
  318.17
  314.23
  127.60
  123.32
  307.35
  266.35
  343.09
  343.74
  338.16
  131.19
  124.31
  343.09
  228.63
  238.14
  349.32
  284.70
  103.98
  126.60
  307.35
  323.41
  183.01
  277.82
  219.09
  282.06
  284.70
  308.31
  308.31
  234.83
  219.09
  225.35
  136.77
  147.62
  228.29
  231.24
  286.99
  301.43
  310.61
  305.71
  102.34
  291.61
  292.26
  287.33
  290.28
  306.02
  110.55
   18.38
   86.93
   92.17
  123.32
  150.22
  117.74
   29.85
   29.53
   30.50
   33.78
   29.53
   31.83
  100.69
   31.49
   32.48
   31.15
   31.83
   29.53
   32.14
   32.79
   31.49
   33.47
  103.64
  114.48
   63.63
   63.97
   63.97
   32.14
   35.08
  224.69
  226.00
  226.65
  225.35
  219.77
  106.92
   30.84
  262.72
  238.26
  168.26
  203.03
  207.31
   30.84
   79.37
  229.93
  162.03
  161.38
  274.53
  190.57
  110.55
  108.91
  236.81
  270.28
  339.49
  311.60
  310.95
   56.10
   55.76
  175.48
  317.18
  272.89
  297.19
  341.13
  114.48
  317.83
  328.67
  319.16
  225.01
  134.17
  163.67
  220.76
  107.26
  227.95
   53.46
   53.80
  285.04
  170.89
   41.99
   30.50
  180.72
  293.56
  310.61
  218.78
  208.95
  107.58
   51.82
  157.44
  125.61
  127.94
  135.13
  127.60
  130.54
  133.83
  207.96
  219.12
  223.05
  223.05
  227.95
  139.74
   27.55
   16.74
  148.27
  341.44
  443.13
  447.72
  445.76
  370.64
  430.33
  424.10
  426.73
  440.84
  438.54
   60.03
   57.40
  126.29
  336.21
  319.16
  332.27
  329.98
  114.15
  334.56
  331.93
  265.70
  278.81
  280.76
  281.75
  118.42
  118.08
  297.19
  272.24
  276.51
  205.01
   88.89
  145.97
  146.62
  145.63
  143.00
  140.71
  217.47
  130.23
  145.29
  144.98
  114.15
  115.45
  150.87
  110.86
  245.03
  119.07
   69.21
   89.23
   94.47
   92.51
   97.10
  209.60
  201.08
   16.74
   16.40
   57.40
  114.48
  342.10
  448.71
  435.60
  437.89
  437.24
  436.90
  435.60
  439.19
  439.53
  311.29
  310.30
  324.40
  438.54
  448.71
  442.14
  441.18
  227.30
  215.49
  270.60
  266.66
  254.85
  250.60
  257.15
  113.49
  112.19
  214.19
  212.55
  193.86
  215.18
  213.54
   94.80
   35.42
   68.56
   64.28
   60.03
   65.61
   61.99
  129.89
  331.28
  408.16
  543.46
  547.08
  395.47
  356.88
  283.39
  149.57
  247.63
  254.54
  259.13
  260.77
  255.19
  219.43
   68.22
  153.51
  144.64
  146.28
   34.12
  136.77
   33.78
   30.84
   29.85
  151.86
  259.78
  300.44
  302.42
   34.12
   32.79
  164.32
  218.78
  240.44
  240.44
  262.41
  271.59
  191.22
  208.95
  201.73
  201.73
  128.90
  135.13
   64.62
   66.57
  193.21
  275.52
  282.74
  271.59
  281.10
   19.34
   21.32
   19.03
   20.02
   75.12
   72.49
   77.73
   28.54
   26.25
   26.90
   28.85
   99.39
  147.93
  177.77
  165.65
  162.03
  199.75
  226.00
  195.81
  192.87
  200.09
   72.49
   67.90
  184.34
  153.17
  169.25
  165.97
  155.80
   75.78
   74.13
  215.83
  210.59
  252.56
  250.92
  252.25
   67.25
   62.64
  181.71
  250.60
  153.85
  247.97
  246.67
  167.61
  167.95
  306.02
  293.90
  289.62
  225.66
  136.12
  113.49
  228.29
  245.34
  212.55
  201.39
  191.88
  211.24
   90.87
   91.83
  134.17
  134.84
  132.83
  134.82
  137.42
   44.94
   47.23
  227.64
  218.78
  190.91
  148.58
  148.27
  115.79
  113.49
  135.13
  134.82
  225.66
  233.53
  258.48
  210.90
  206.32
  249.27
  260.12
  257.82
  256.49
  256.18
  165.65
  165.97
  263.38
  252.56
  261.42
  253.55
  250.60
  162.68
  166.30
  309.96
  304.72
  283.73
  281.44
  278.81
  171.88
  281.75
  248.31
  202.04
  304.72
  210.90
  225.66
  173.19
  175.82
  317.52
  304.38
  297.50
  283.06
  306.67
  320.46
  175.82
  298.15
  255.50
  264.37
  272.89
  267.65
  196.46
  268.30
  265.36
  269.63
  202.38
  204.33
  132.18
  196.80
  208.95
  213.54
  224.69
  180.72
  218.12
  236.50
  168.60
  167.61
  256.18
  215.49
  200.74
  214.19
  214.19
  108.26
  109.56
  219.43
  218.78
  218.46
  203.03
  204.67
   56.10
   58.70
  286.68
  242.39
  210.25
  265.02
  249.61
  118.73
  110.55
  193.86
  196.80
  218.78
  193.21
  176.13
  107.92
  113.15
  215.83
  220.42
  228.29
  200.74
  217.78
  110.55
  112.50
  314.54
  309.96
  305.71
   87.58
  113.15
  118.42
  109.87
  340.48
  333.26
  135.81
  102.99
   62.33
   61.02
   56.75
  136.46
  142.35
  143.34
  131.19
   44.29
   75.78
  160.73
  162.68
  158.09
  164.66
   25.91
   26.25
   29.19
   27.21
  138.10
  126.94
  260.43
  250.92
  260.43
  295.85
  287.98
  302.74
  295.85
  300.78
  365.06
  388.37
  423.45
  427.39
  381.14
  376.87
  381.14
  391.31
  378.85
  402.47
  411.33
  409.01
  394.60
  373.27
  383.44
  379.50
  259.78
   94.47
  247.63
  286.34
  260.77
  260.43
  262.41
  200.09
  280.76
  302.74
  298.15
  316.53
  321.45
  220.76
  100.04
  101.03
  187.94
  223.05
  239.76
  279.80
  269.29
   89.88
   76.77
  143.34
   63.97
  118.08
  117.74
  116.78
   23.28
   20.67
  190.23
  326.35
  320.12
  299.14
  305.06
  101.37
  102.34
  129.55
  120.71
  121.68
  123.01
  120.37
   52.81
   52.16
   83.00
   33.78
   51.51
   48.22
   42.31
   35.08
   34.77
   35.42
   38.06
   32.14
   32.14
   33.47
   32.48
   34.43
   41.65
   37.41
  281.44
  417.56
  406.40
  342.78
  344.42
  374.92
  378.85
  383.78
  385.08
  307.01
   96.11
   89.88
  169.59
  208.61
  186.98
  229.28
  217.84
  163.02
  103.33
  162.03
  212.55
  197.45
  272.89
  251.91
   48.54
   46.89
   66.57
   44.94
   44.94
   33.47
   58.70
   37.07
   38.71
  216.82
  200.09
  148.58
  153.85
  136.77
  142.35
   20.67
   21.97
   20.33
   18.38
   19.68
   18.69
   18.04
   18.38
   17.73
   17.73
   17.73
   18.38
   19.03
   19.68
   19.68
   19.68
   18.04
   18.38
   19.34
   19.34
   19.03
   19.03
   20.33
   24.27
   22.96
   22.31
   20.98
   23.28
   23.96
   22.63
   22.63
   24.27
   22.31
   19.03
  128.25
  160.08
  327.03
  369.34
  369.68
  370.33
  375.91
  364.75
  369.34
  292.26
  287.67
  230.58
  230.27
  244.03
  212.89
  170.24
  159.42
  166.62
  186.30
  183.04
  293.90
  374.26
  154.16
  193.86
  196.80
  274.53
  140.06
  267.65
   71.84
  286.68
  370.98
  424.78
  420.51
  419.51
  419.20
  419.20
  418.52
  418.21
  417.56
  417.22
  393.26
  421.50
  314.54
  315.22
  315.53
  316.19
  316.53
  316.19
  319.16
   28.85
   27.21
  224.01
  224.35
  241.40
  246.02
   32.14
   31.83
   33.47
  206.97
  206.66
  208.61
  208.27
  210.90
  207.96
  209.91
  209.60
  213.20
   58.39
  211.56
  213.20
   42.96
   42.96
   80.02
  115.45
  120.71
   35.76
  116.78
   81.67
  126.29
  173.53
  160.73
  171.54
  170.24
  170.55
   48.22
   42.96
  215.83
  216.82
  217.47
  216.48
  216.82
   83.65
  126.29
  274.87
  244.03
  245.34
  178.76
  117.09
   49.53
   43.64
  196.80
  303.73
  221.41
   82.66
   83.96
   45.93
   43.30
  257.49
  261.08
  270.94
  223.36
  263.71
  146.62
  144.98
  245.68
  229.28
  285.69
  237.80
  144.98
   91.18
   89.88
  122.36
  291.27
  238.14
  242.39
  240.75
  241.09
  201.73
  234.21
  245.03
  256.18
  251.26
  243.69
  251.57
  253.55
  248.96
  249.27
  251.57
  254.85
  252.90
  237.80
  246.98
  249.27
  203.03
  252.25
  253.55
  170.89
   87.58
   89.54
  268.30
  229.59
  256.49
  262.41
  262.41
  265.02
  254.85
  253.89
  250.60
  262.41
  256.83
  258.14
  201.73
  203.03
  275.86
  290.62
  272.58
  343.09
  343.09
  301.77
  301.12
  325.70
  356.23
  384.43
  381.80
  324.74
  267.99
  143.34
  233.22
  213.85
  232.57
  239.11
  238.80
  232.88
  240.10
  238.80
  236.81
  242.73
  182.05
  185.33
  157.78
  160.08
  262.72
  253.55
  260.77
  260.77
  265.39
  177.46
  164.32
  368.69
  139.40
  112.50
  256.83
  357.84
  353.59
  354.58
  384.09
  400.82
  405.75
  391.65
  406.06
  286.99
  359.48
  401.82
  416.88
  424.44
  413.94
  415.92
  292.57
  276.83
  362.12
  379.16
  370.98
  390.97
  385.73
  408.70
  416.88
  445.42
  469.38
  478.55
  481.50
  456.58
  554.95
  637.04
  631.07
  625.83
  619.91
  559.71
  501.66
  497.87
  494.30
  456.47
  433.62
  431.32
  429.03
  427.73
  427.39
  426.40
  299.14
  382.14
  416.88
  415.92
  414.59
  411.98
  410.65
  415.27
  418.58
  419.85
  265.70
  129.89
  252.25
  245.68
  318.17
  427.73
  427.07
  429.03
  428.69
  192.21
  196.80
  243.69
  194.17
  273.57
  277.82
  250.60
  128.59
  133.83
  221.72
  228.29
  234.21
   52.81
   79.37
   69.86
   69.86
  249.27
  141.36
  117.09
  246.67
  165.31
   76.09
   76.43
  146.28
  138.75
  208.61
  229.59
  259.47
   42.31
   71.81
  281.44
  280.76
  133.17
  133.83
  197.79
  130.88
  131.53
  290.62
  305.06
  333.26
  286.99
  287.98
  205.67
  209.60
  246.67
  246.67
  279.80
  181.40
  133.83
   57.74
   64.28
  137.42
  106.92
  188.28
  438.54
  432.31
  428.69
  485.44
  510.04
  509.73
  512.68
  517.92
  515.28
  514.97
  492.01
  250.92
  151.86
  267.65
  259.78
  102.34
   86.93
   96.45
  250.26
  311.29
  312.59
   90.19
  204.02
  205.33
  173.19
  270.94
  248.31
  198.78
   90.19
   87.90
   21.32
   19.68
   94.80
   96.76
   97.75
   95.12
  105.28
   44.29
   52.81
   64.62
   55.44
   60.68
   62.98
  117.74
   80.02
  147.28
  293.90
  211.90
  229.59
  211.24
  220.08
  177.77
  116.44
  176.78
  245.34
  278.16
  279.80
  272.89
  148.58
  121.03
  207.96
  200.74
  194.51
  229.28
  243.04
   25.26
   41.00
   37.41
  112.50
  167.61
  184.97
  203.03
   96.76
   73.48
  176.78
  200.74
  187.94
  141.70
  144.33
   70.85
   75.78
  148.92
  146.94
  100.69
  101.35
  107.92
  112.84
  114.15
  148.27
  156.79
  149.57
  150.56
  130.88
   71.50
   62.64
   93.47
   97.10
   98.40
   93.16
  101.35
   67.25
   62.98
   95.77
   96.11
  101.69
  104.32
   97.75
   61.33
   56.75
   78.38
   95.46
   86.93
   94.13
   89.54
   61.67
   62.33
  138.75
  135.47
  158.43
  153.17
  155.80
  101.03
   96.11
  133.17
  146.28
  136.12
  181.40
  185.65
  134.48
  137.42
  215.83
  215.83
  198.78
  208.27
  207.62
  123.66
  124.31
  225.35
  223.70
  229.99
  221.41
  231.58
  147.93
  148.92
  216.82
  222.40
  221.07
  223.36
  203.37
  119.38
  117.74
  241.74
  210.25
  247.63
  261.76
  282.09
  180.41
  174.49
  194.17
  184.00
  200.09
  199.75
  220.76
  103.64
   90.19
  110.86
  273.88
  275.52
  263.38
  218.12
   24.27
   26.56
  267.31
  257.15
  265.36
  204.02
  135.81
   21.66
   24.61
  272.24
  276.83
  271.93
  275.18
  267.31
  109.56
   63.63
  227.30
  131.19
  133.83
  199.10
  195.81
  120.37
   60.68
  170.55
  162.03
  154.50
  160.39
  156.14
   51.17
   49.21
  107.58
  111.20
  114.15
  102.68
  112.50
   46.89
   46.89
   67.25
   69.86
  148.58
   79.06
   57.74
   35.08
   65.27
  185.33
  134.82
  100.04
  180.07
  117.74
   92.51
   43.64
  146.94
  138.41
  126.29
  145.97
   68.22
   24.61
   24.61
  176.13
  106.92
  101.69
  106.92
  106.27
   23.96
   30.50
   64.28
   63.63
   80.02
   83.65
   74.78
   24.92
   39.70
   73.14
   83.96
   80.70
   23.96
   23.62
   32.48
  243.38
  249.61
  229.59
  219.77
  238.34
  196.32
  157.53
  236.45
  399.75
  330.00
  313.50
  322.70
  320.57
  204.25
  209.06
  261.93
  253.21
  290.84
  267.11
  240.35
  112.79
  108.20
  138.53
  169.31
  200.12
   69.74
   92.26
  101.23
  113.38
   92.51
   66.54
  233.13
  275.27
  266.77
  232.91
  171.09
  270.31
  290.73
  179.93
  225.23
  223.93
  291.78
  421.92
  420.62
  417.67
  409.29
  403.18
  408.24
  368.83
  301.94
   77.64
  352.32
  396.10
  396.44
  329.89
  134.62
  115.05
   90.73
  123.55
  210.25
  278.33
  233.39
  378.85
  378.85
  376.50
  370.95
  321.06
  312.08
  316.44
  241.88
  116.47
  210.62
  216.40
  228.55
  213.08
   81.89
  145.49
  443.64
  494.72
  579.39
  580.33
  522.47
  446.81
  444.80
  447.63
  446.22
  444.09
  310.66
  449.42
  499.03
  554.22
  554.53
  502.14
  445.06
  444.80
  444.80
  443.87
  445.06
  444.57
  370.24
  348.78
  345.69
  345.69
  345.69
  165.31
  146.06
  282.23
  196.46
  229.03
  237.04
  195.16
   73.62
   64.42
   74.70
   38.82
   43.78
   43.18
   41.77
   18.77
   22.06
    2.94
   19.48
  385.36
  616.83
  640.98
  640.84
  612.35
  631.44
  563.22
  454.97
  566.56
  624.33
  588.51
  469.97
   26.90
  243.52
  466.35
  621.98
  543.40
  392.19
  534.76
  577.95
  600.69
  599.86
  610.37
  534.37
  451.65
  460.86
  462.64
  433.02
  298.63
  314.09
  274.19
  213.31
  204.96
  216.14
  210.14
  207.65
  181.71
  202.83
  150.79
  151.86
  245.65
  255.33
  267.96
  261.70
  251.20
   61.59
   31.15
  155.74
  142.29
  141.47
  144.78
  154.44
   29.96
   28.20
   91.32
   94.04
  126.24
   94.52
   24.66
   24.18
   24.30
   23.73
  122.36
  116.69
  128.50
   92.62
   58.98
   63.12
   84.61
   77.39
  183.83
  283.88
  224.89
  228.32
  243.30
  284.58
  261.93
  226.31
  233.13
  231.86
   89.79
   85.66
  188.53
  165.31
  166.59
  168.71
  168.71
   82.60
   94.52
  152.91
  181.82
  232.91
  441.03
  427.95
  203.77
  201.76
  151.01
  204.82
  234.10
  206.37
  206.49
  152.57
  144.90
  127.31
  114.46
  115.99
  117.03
  122.84
   88.38
   90.13
  151.50
   94.27
  187.12
  130.26
  141.70
   89.79
   88.38
  168.71
  200.94
   22.43
  242.82
  278.92
  243.30
  196.58
  164.83
  250.49
  251.31
  277.62
  278.21
  219.46
  225.49
  254.37
  261.70
  261.59
  261.22
  258.76
  255.22
  165.54
  215.58
  276.32
  434.89
  432.54
  423.93
  424.16
  420.02
  419.32
  420.39
  421.44
  419.68
  419.32
  335.21
  299.11
  437.38
  434.44
  446.92
  445.40
  364.35
  297.92
  296.02
  200.34
  448.82
  387.01
  369.31
  309.73
  195.75
  185.84
  309.47
  306.76
  312.42
  252.95
  270.09
  200.82
  192.07
  334.37
  327.77
  333.80
  333.43
  331.19
  138.27
  141.95
  308.31
  359.28
  241.40
  339.09
  308.65
  255.79
  257.09
  307.35
  296.62
  314.20
  308.17
  249.07
  145.49
   84.02
  356.20
  325.64
  224.78
  256.38
  290.47
  256.49
  245.42
  224.64
  229.37
  231.38
  210.85
  291.55
  301.09
  298.52
  298.97
  298.63
  176.39
  189.61
  212.49
  342.75
  335.21
  355.74
  303.81
  300.87
  299.11
  295.68
  298.15
  294.72
  278.92
  244.23
  237.86
  308.88
  242.22
   55.59
   55.81
  201.98
  205.67
  177.21
  172.85
  235.03
   66.20
   64.90
  168.15
  175.79
  163.19
   64.79
   60.17
   79.51
   63.12
   61.59
   40.46
   25.37
   77.64
   79.77
  128.95
  136.86
  185.84
  210.85
  218.04
  230.67
  212.26
  227.02
  193.97
  206.71
  213.68
  211.33
  209.66
  182.87
  115.62
  101.35
  237.97
  255.33
  245.17
  282.94
  195.05
   82.12
   85.55
  111.85
  120.94
   54.28
   31.38
   28.20
   28.80
   27.27
   25.71
  269.60
  245.42
  301.80
  139.46
   31.26
   29.25
   98.29
  105.59
  166.36
  113.86
   51.08
   48.03
  172.02
  512.99
  648.37
  650.92
  602.84
  644.58
  641.07
  638.86
  634.38
  635.12
  633.39
  625.32
  505.00
  385.59
  437.98
  435.48
  428.07
  325.05
  345.35
  380.52
  255.22
  256.64
  274.19
  281.87
  283.76
  282.35
  286.93
  225.01
  225.23
  267.71
  256.98
  183.58
   72.21
   46.84
  180.63
  340.28
  448.48
  453.55
  451.65
  451.43
  448.48
  442.56
  443.64
  424.87
  406.46
  436.56
  428.77
  428.66
  435.14
  219.23
  242.11
  182.64
  161.77
  157.98
  437.98
  434.32
  419.20
  387.94
  383.58
  410.37
  325.16
  329.30
  338.61
  346.99
  341.59
  343.12
  261.82
  154.21
  158.57
   52.27
   51.56
  122.13
  123.40
  121.88
  118.59
  117.51
  100.04
   70.54
   76.46
   26.67
   47.91
   43.78
   40.58
   38.82
   40.24
   47.54
   44.97
   41.54
   48.51
   78.95
   67.48
   42.84
   44.60
   73.74
   70.68
   73.74
   66.91
   65.84
   72.58
   70.79
   73.28
   63.60
   64.08
   66.06
   35.06
   35.06
  118.82
   46.01
   52.27
   19.00
   32.56
   29.51
   32.22
   53.46
   38.00
   38.45
   46.01
   39.42
   42.96
   44.12
   21.61
   26.67
   20.30
   23.36
   20.76
   23.02
   20.42
   23.13
   21.72
   23.02
   20.19
   20.42
   39.16
   21.46
   22.06
   21.61
   22.31
   74.11
   68.89
   20.53
   22.88
   68.19
   64.79
   88.15
   93.45
   90.61
   37.04
   48.14
   53.80
   43.55
  137.45
   33.98
   30.81
   18.77
   19.34
  133.57
  141.58
  149.14
  184.77
  238.68
   50.97
   50.86
  144.78
  204.96
  229.03
  278.92
  315.25
  176.64
  229.59
  233.73
  231.01
  229.96
  227.13
  222.77
   73.99
   76.46
  240.35
  245.42
  235.51
  256.15
  248.59
   32.93
   31.97
  214.87
  113.64
  117.03
  162.00
  118.22
   34.69
   64.79
   92.85
   89.20
   94.38
  152.57
  152.57
   34.35
   31.52
  168.49
  165.77
  215.21
  232.79
  237.75
  117.40
  118.34
  227.13
  232.42
  227.24
  257.34
  237.27
  114.68
  121.54
  266.29
  260.29
  254.63
  257.91
  249.41
  149.85
  149.26
  237.15
  235.14
  235.26
  256.64
  244.60
   96.87
  110.92
  249.07
  243.19
  232.68
  275.38
  263.46
  266.89
  164.72
  146.31
  265.47
  267.37
  274.90
  270.91
  271.36
  270.65
  270.79
  273.48
  273.74
  221.35
  222.29
  218.63
  214.98
  220.39
  203.88
  216.51
  221.58
  183.58
  219.82
  219.82
  249.30
  244.35
  245.65
  322.47
  296.51
  226.05
  322.10
  196.69
  194.90
  196.32
   47.09
   40.83
   42.96
   42.96
  259.69
  248.37
  347.48
  340.03
  345.95
  342.29
  342.63
  360.33
  337.68
  336.97
  331.42
  342.75
  346.77
  338.50
  351.02
  375.57
  378.14
  338.50
  325.87
  278.69
  130.03
  250.38
  249.07
  250.72
  253.44
  273.37
   88.97
   80.00
  331.68
  234.80
  130.85
   99.11
   98.77
   93.11
   98.29
  277.87
  304.29
  290.02
  285.89
  270.20
  290.13
  287.19
  286.82
  351.72
  356.31
  266.40
  271.02
  274.79
  276.80
  332.61
  314.20
  339.58
  437.98
  316.55
  262.53
   95.80
  277.99
  272.66
  419.57
  280.22
  269.94
  176.05
  138.87
  311.60
  313.61
  195.75
  188.90
  230.67
  162.60
   94.27
  172.51
  164.35
  236.11
  288.01
  303.10
  234.69
  183.46
  183.58
  239.65
  242.70
  255.22
  218.27
   42.96
   36.47
   43.07
  151.27
  146.20
  242.93
  151.61
   28.68
   28.80
  349.23
  294.61
  324.34
  275.75
  346.54
  176.27
  101.35
  178.62
  232.68
  235.96
  264.88
  323.63
  418.27
  429.71
  417.79
  489.65
  487.42
  471.93
  413.20
  316.92
  555.24
  693.28
  699.94
  707.72
  712.82
  709.82
  708.12
  707.04
  701.32
  694.16
  687.50
  679.97
  472.52
  453.07
  456.27
  553.20
  624.08
  619.26
  614.99
  535.84
  443.16
  440.10
  437.61
  433.84
  431.12
  419.68
  318.34
  290.47
  276.68
  283.54
  293.67
  288.95
  296.85
  299.45
  242.11
  231.60
  228.32
  147.13
  235.14
  182.76
  289.65
  314.69
  224.89
  148.55
   21.95
   20.05
   19.48
   31.04
   25.26
   22.88
   52.87
  172.96
  164.01
  168.49
   64.31
   27.84
   29.51
   31.63
  146.31
  185.48
  150.79
   29.73
   28.68
   30.92
  109.02
  115.05
  105.96
   30.21
   30.67
   54.28
   51.79
   74.44
   59.95
   58.87
   63.23
   49.07
   19.60
   19.23
   18.29
   34.91
   19.71
   20.76
   54.51
  110.66
   20.53
   19.71
   83.65
   18.89
   20.05
   20.05
   18.18
   18.29
   18.77
   19.60
   42.59
   18.29
   40.72
   21.35
   18.18
   18.18
   17.58
  182.05
  243.04
  233.02
  239.76
  227.61
  289.06
  281.75
  242.00
  245.65
  252.13
  114.09
  115.28
  115.76
  115.62
  128.13
  157.27
  137.11
  130.37
   56.15
  111.96
   99.93
  205.78
  121.17
  199.41
  169.56
  179.47
  188.79
  190.43
  178.17
  180.18
  191.73
   92.62
   95.09
  208.24
  214.87
  212.86
  220.05
  210.62
  116.81
  116.47
  207.31
  220.39
  216.85
  196.58
  204.11
  115.99
  115.39
  183.24
  134.28
   55.59
  132.49
  139.35
  156.45
  129.92
  198.59
  197.99
  171.32
   88.38
   97.35
   85.66
   89.42
  172.85
  102.65
   79.66
   75.63
   73.62
   56.75
   59.69
  112.33
  120.01
  119.30
  139.83
  146.20
   73.99
   75.04
  169.19
  161.18
  166.36
  167.89
  161.63
   77.53
   73.40
   86.48
   63.37
   33.50
   19.48
   86.48
   30.55
   32.34
  224.78
  230.56
  264.54
  278.21
  267.48
  123.18
  124.00
  196.80
  213.91
  212.86
  212.86
  217.11
  154.55
  155.86
  288.61
  294.38
  277.28
  288.61
  290.73
  157.38
  155.86
  175.79
  279.86
  232.91
  164.46
  238.34
  236.93
  230.19
  147.62
  238.23
  236.67
  234.55
  296.85
  240.21
  209.43
  253.32
  258.16
  254.96
  254.63
  257.20
  174.52
  178.88
  265.36
  269.12
  270.43
  274.56
  280.79
   54.74
   60.88
  233.73
  226.90
  229.85
  228.77
  200.94
  142.89
  159.17
  204.25
  100.89
  151.50
   92.51
  104.43
  107.01
  105.71
  268.67
  222.88
  283.54
  284.58
  278.81
  280.11
  286.37
  288.83
  310.55
  306.30
  267.48
  223.48
  138.53
  136.86
  243.30
  235.26
  244.60
  240.21
  237.15
  139.12
  140.51
  221.24
  234.55
  271.50
  244.12
  302.88
  141.36
  139.83
  298.03
  282.83
  247.89
  185.96
  182.76
  110.66
  107.26
  241.51
  228.55
  239.87
  240.69
  223.70
   67.85
   69.60
  238.46
  264.99
  263.46
  263.94
  260.18
   99.59
   92.85
  241.40
  188.31
  191.51
  181.71
  183.01
  177.69
   90.84
  176.27
   87.78
  393.26
  403.26
  423.22
  292.74
  286.11
  348.30
  357.27
  425.94
  429.93
  421.33
  357.27
  350.79
  356.31
  352.54
  333.80
  354.56
  428.41
  301.46
  353.62
  327.17
  326.46
  245.54
  241.15
  215.92
   34.57
   33.75
  158.46
  204.96
   95.34
  250.72
  240.69
  136.29
  143.71
  363.64
  367.41
  338.75
  377.10
  363.05
  374.26
  384.17
  383.81
  382.99
  206.71
  155.74
  257.91
  295.09
  237.52
  239.16
  243.41
  240.10
  209.91
  227.47
  167.30
  174.04
  268.08
  314.54
  392.19
  393.49
  391.37
  257.34
  261.93
  342.29
  371.55
  222.29
  184.29
  198.70
  180.75
  144.78
  252.95
  256.27
  270.79
  273.48
  266.40
   75.86
   44.26
  263.12
  171.20
  112.45
  112.56
  112.93
  109.73
  137.70
  269.83
  233.39
  229.96
  219.57
  219.57
   66.77
   61.25
  207.79
  455.42
  447.63
  439.73
  435.48
  437.86
  426.54
  424.27
  429.11
  429.11
  432.17
  431.49
  434.78
  437.72
  437.86
  437.01
  433.47
  431.83
  319.50
  156.93
  153.51
  321.62
  410.96
  443.53
  277.84
  289.06
   98.88
   87.56
  282.69
  264.54
  272.32
  199.41
  201.76
  119.04
   49.78
  113.04
  136.40
  115.50
  203.99
  199.75
   52.27
   52.61
  197.99
  192.67
   83.65
   80.00
  139.46
   38.60
   36.81
   58.28
   58.53
  170.61
  150.31
  167.89
  159.06
  166.84
  174.26
  165.65
   83.90
   84.36
  168.85
  157.53
  224.64
  226.53
  222.06
  223.36
  223.00
  223.82
  225.94
  225.23
  224.41
  230.07
  235.03
  235.03
  235.85
   94.97
   95.68
  110.80
  114.80
  112.33
  113.75
  117.18
   62.67
   62.07
   60.99
  124.37
  216.51
  221.35
  221.69
  226.65
  226.76
  229.85
  229.14
  227.13
  226.19
  225.94
   84.02
   86.82
  223.59
  224.18
  225.60
  166.36
  164.61
   20.90
  221.47
  226.05
  230.30
  229.96
  230.56
  229.37
  229.14
  229.25
  229.25
  229.37
  173.33
  175.22
  137.70
  144.90
  172.73
  169.90
  191.14
  220.16
  145.12
  144.42
  237.15
  228.06
  271.02
  267.96
  281.98
  230.78
  230.67
  113.98
  112.08
  215.09
  219.68
  216.62
  219.46
  220.87
  116.81
  110.21
  257.57
  218.04
  222.51
  214.73
  222.51
   94.61
   87.90
  200.82
  149.97
  183.83
  156.56
  166.47
  140.99
  145.12
  211.33
  157.98
  204.96
  252.25
  204.96
  142.89
  147.02
  238.23
  218.97
  221.58
  214.87
  210.48
  152.32
  175.56
  216.99
  223.22
  223.00
  206.01
  194.57
  145.24
  135.92
  208.36
  240.21
  250.83
  241.17
  218.27
  175.79
  177.46
  158.69
  193.15
  191.25
  171.54
  137.00
  155.40
  127.54
  261.59
  263.57
  264.42
  199.41
  256.04
  120.71
  121.99
  238.34
  245.88
  274.67
  229.48
  231.38
  232.42
   69.38
  148.32
  135.81
   64.90
   21.83
  197.17
  207.90
  219.68
  212.74
  198.81
  198.10
  197.17
  214.39
  198.70
  199.63
  206.37
  211.78
  207.53
  197.74
  190.54
   23.02
   22.31
  193.74
  199.15
  206.83
  219.34
  218.86
   84.47
   85.55
  258.62
  257.91
  241.51
  253.92
  293.67
   89.20
   21.29
   20.98
  209.77
  221.95
  230.44
  234.55
   95.09
   94.38
  226.31
  180.04
  181.82
  260.18
  265.58
   54.40
   54.62
  188.19
  143.93
  150.56
  153.39
  150.79
   24.78
   28.91
  172.62
  180.04
   87.56
   57.12
   53.69
   27.72
   25.37
  159.99
  176.39
  112.22
   24.78
   25.37
   26.42
   23.96
   24.44
  101.94
  102.88
  103.24
  112.45
   72.43
   48.14
  171.69
  177.69
   98.88
   90.27
   35.51
   29.96
   38.60
   84.24
  109.84
  107.01
  110.21
   99.00
   25.15
   23.59
   49.78
   77.28
   49.44
   54.51
   60.17
   57.71
   58.16
  279.63
  280.82
  292.48
  170.98
  175.45
   25.71
   25.49
  102.88
   93.56
  245.05
  241.29
  168.15
  291.32
  255.33
  432.31
  429.23
  424.75
  432.77
  435.14
  525.25
  572.45
  573.33
  570.07
  514.04
  425.46
  418.49
  418.38
  419.20
  417.19
  410.71
  428.07
  421.58
  418.27
  436.08
  451.77
  439.28
  320.80
  427.24
  523.24
  588.25
  592.67
  594.82
  591.62
  587.66
  581.77
  580.72
  577.89
  577.18
  574.63
  499.08
  458.73
  464.28
  471.96
  474.53
  473.97
  470.65
  469.01
  468.16
  466.52
  466.18
  405.64
  147.62
  158.69
  281.98
  280.22
  273.03
  271.36
  265.84
  186.78
  186.18
  243.19
  244.83
  232.79
  349.01
  424.27
  209.66
  211.19
  276.80
  269.83
  215.80
   87.19
   26.19
  159.51
  258.50
  253.92
  255.79
  181.71
  174.86
  176.05
   52.50
   52.39
  137.56
  140.65
   89.68
   88.26
   90.39
   36.47
   39.53
  165.17
  191.14
  184.17
  169.08
  191.37
   19.00
   21.24
   93.81
   97.92
  128.50
  137.34
   22.17
   19.23
   14.75
  355.38
  477.37
  490.33
  494.95
  495.06
  496.25
  494.61
  493.19
  492.83
  492.60
  477.51
  437.86
  490.25
  492.46
  493.65
  494.72
  500.16
  487.87
  504.27
  504.63
  429.11
  397.37
  396.44
  299.22
  263.71
  288.35
  308.06
  286.11
  282.57
  269.83
  231.97
  212.15
   41.17
  129.55
  125.30
  121.17
  199.29
  188.79
  216.51
  257.68
   45.68
   28.80
  172.39
  178.99
  197.99
  182.16
  245.31
   86.14
  140.99
  264.88
  291.89
  313.38
  279.52
  280.11
  151.86
  213.79
  195.16
  227.13
  232.08
  204.70
  189.95
   93.45
   76.23
  185.70
  183.35
  204.70
  206.12
  201.98
   73.62
   80.48
  237.15
  231.38
  141.10
  142.07
   69.15
   70.68
   70.79
  143.82
  144.53
  106.90
  127.31
  129.07
   68.89
   69.38
  130.74
   95.34
   82.60
   81.52
   83.19
   59.35
   65.36
  169.19
  201.53
  183.35
  173.33
  140.88
   57.00
   59.13
  235.03
  244.46
  232.31
  189.84
  227.72
  114.91
  101.12
  250.49
  313.38
  321.28
  237.52
  241.51
  100.64
  104.06
  280.79
  188.68
  262.04
  272.44
  239.39
  123.18
  107.83
  264.28
  269.60
  268.30
  252.84
  258.87
  204.82
  198.44
  210.14
  230.56
  217.93
  230.56
  233.39
  214.98
  214.02
  205.30
  239.99
  145.72
  150.67
  130.03
  153.14
  153.39
   63.60
  147.62
   94.97
   81.18
   97.21
  142.29
  154.47
  234.21
  165.54
  188.79
  144.64
  140.99
  148.07
  150.19
  169.67
  178.62
  134.39
  116.92
  155.40
  171.80
  159.28
  160.10
  156.45
  156.93
  201.16
  157.05
  115.62
  119.53
  141.36
  147.73
  151.50
  112.93
  108.79
  108.09
   57.82
  198.70
  176.87
  193.26
  189.84
  196.80
   80.70
  175.93
  167.18
  137.82
  145.94
  176.50
  190.91
   82.12
   26.42
  138.27
  131.90
  131.67
  148.18
  134.99
   55.22
   64.19
  144.64
  147.25
  145.35
  176.64
  191.62
   81.78
   29.85
  112.33
  113.98
  134.50
  121.42
  132.61
   59.24
   58.16
  113.15
  111.37
  114.80
   97.10
  112.08
   54.40
   57.23
  107.12
  109.02
  110.32
   60.40
   66.43
   65.02
   65.13
   93.93
   91.55
   90.73
   94.52
   90.39
   60.99
   60.06
   88.72
  121.54
  102.76
  130.14
  120.35
   50.04
  115.16
  334.51
  277.51
  205.41
  214.61
  212.38
   58.05
   32.56
  101.46
  165.17
   60.29
   91.92
  249.56
  265.47
  111.51
  210.48
  218.52
  128.36
   32.79
  149.85
   99.82
  109.13
  193.74
  178.88
  182.16
   62.07
   84.72
  117.40
  164.61
  234.10
  115.16
  118.11
  299.82
  345.47
  275.61
  247.18
  224.30
  413.91
  281.64
  346.40
  162.71
  212.86
  370.24
  257.57
  321.25
  313.84
  339.69
  318.68
  325.16
  180.63
  272.32
  206.06
  143.57
  223.34
  340.34
  116.47
  115.99
  330.17
  269.97
  110.66
  149.43
  130.17
  131.96
  128.42
  127.99
  135.61
  137.39
  128.90
   89.20
   61.28
   66.86
  172.02
  163.19
   76.00
   88.07
   35.79
   31.86
   30.92
  242.39
  158.43
  134.08
  268.08
  276.29
  218.41
  217.93
  311.88
  290.84
  215.94
  303.22
  209.54
  227.98
  274.28
  168.17
  182.22
   91.35
   19.31
   17.92
   18.12
   19.23
   57.79
   68.61
   26.70
   31.55
   66.91
   18.97
   20.87
   19.99
   17.73
   19.17
   21.29
   18.07
   18.07
   18.86
   17.92
   19.91
   38.17
   32.65
   32.99
   33.61
   33.50
   31.40
   32.88
   27.84
   16.99
   20.61
   22.37
   29.02
   35.68
   38.00
   38.96
   33.33
   36.98
   36.30
   36.93
   38.82
   32.39
   38.85
   27.04
   21.52
   21.95
   19.09
   39.76
   40.24
   34.69
   22.17
   18.01
   19.99
   17.73
   17.41
   19.23
   19.03
   19.94
   21.01
   17.27
   17.19
   17.30
   21.44
   20.42
   25.37
   66.32
   63.15
   63.60
   55.84
   37.97
   38.34
   41.43
   38.23
   23.73
   16.85
   54.54
   95.23
   85.23
   89.65
   74.73
   49.70
   49.02
  124.59
  131.19
  150.53
  151.50
  151.81
   95.03
   98.94
  130.14
   59.47
  110.44
  120.06
  109.42
   98.20
   91.29
   71.61
  139.60
  121.11
  121.39
   88.07
   40.41
   36.27
   37.04
   40.32
   35.93
   41.94
   42.67
   75.35
   71.33
   72.12
  214.92
  235.20
  238.71
  223.17
   99.45
  100.89
  189.30
  223.67
  332.50
  311.74
  324.85
  315.48
  309.96
  260.26
  260.71
  259.81
  258.42
  257.80
  247.46
  247.89
  258.90
  260.03
  260.83
  262.41
  253.80
  217.11
  237.61
  244.01
  245.79
  266.35
  266.80
  257.68
  168.32
  166.90
  229.11
  238.09
  238.63
  268.93
  256.64
  124.06
  131.59
  216.31
  218.35
  215.24
  212.12
  212.72
  112.59
  116.44
  226.51
  224.30
  229.93
  207.31
  213.08
  176.33
   66.26
  270.48
  281.24
  259.50
  281.24
  290.36
   99.56
  101.32
   82.71
  299.85
  296.25
  208.89
  143.91
   87.92
   90.78
  167.81
  167.66
   55.98
  334.82
   56.38
   58.64
   55.39
  142.94
  146.57
   58.70
  264.48
  169.11
   56.95
   56.80
  181.74
  183.12
  211.22
   99.08
   18.86
   18.60
   18.52
  154.24
  130.99
  130.97
   62.52
  147.62
  187.83
  142.77
  141.33
  141.02
  180.07
  143.96
  127.48
  119.24
   99.68
  118.34
  123.40
  128.87
  127.77
  242.56
  108.06
  113.83
  123.26
  129.32
  257.60
   27.10
  130.77
   53.94
   58.47
  130.91
  128.33
  128.25
  133.80
  151.10
   64.11
   57.91
  131.96
  137.68
  144.22
   45.79
   55.59
   41.40
   41.82
  137.34
  180.80
  188.08
  155.46
   44.20
   43.49
   43.72
  158.94
  161.77
  155.54
   41.65
   31.57
   31.23
   28.85
  354.36
  360.30
  313.75
  216.82
  235.26
   27.95
   27.89
  219.97
  225.54
  183.12
  131.50
  136.52
  150.19
   77.73
  192.19
  222.34
  134.36
  253.66
  223.99
   82.77
   17.64
  242.62
  335.30
  327.34
  239.39
  114.60
   54.57
   54.82
  118.45
  180.38
   82.57
   67.28
   39.08
   39.81
   35.71
  109.47
  105.65
   57.28
   31.38
   50.77
   29.82
   27.61
   35.93
  198.39
  210.25
  131.76
  237.95
  172.42
   88.83
  113.52
  154.47
  239.02
  172.96
  224.18
   96.96
   29.87
   96.08
  218.72
  246.36
  235.57
  115.16
   67.88
   22.57
   75.12
   80.79
   83.90
  136.60
   34.77
   24.15
   29.48
  110.63
  119.21
   30.87
   27.38
   31.46
   37.10
   18.66
  163.81
  244.46
  216.14
  220.81
  229.00
  180.94
  137.39
  206.26
  241.03
  125.76
  128.59
  128.76
   45.56
   18.43
  135.52
   56.97
   76.03
   84.13
   28.06
   27.84
   37.04
   37.58
   30.81
   33.13
   32.22
   37.18
   32.93
   37.75
   82.12
  217.39
  188.96
  185.93
   18.04
   17.41
   17.30
   29.36
   19.48
  115.53
   95.99
   30.36
   36.25
   35.57
   33.39
   30.53
   27.01
   29.00
   25.60
   25.32
   25.29
   32.73
   17.19
   78.18
   32.79
   76.17
   96.59
   62.67
  188.96
  334.17
  321.14
  116.50
  160.10
   17.22
   17.16
  116.21
  251.94
  106.90
  192.67
   23.16
   37.18
   36.61
  286.48
  259.10
  171.09
   86.00
   17.84
   17.25
   17.90
   95.03
  163.13
   85.23
   47.71
   32.96
   62.18
   18.01
    0.00
   17.92
   80.73
  114.40
  199.27
   43.49
   22.26
   31.40
   65.70
   87.16
  114.60
   60.29
   36.81
   37.21
   68.78
   69.18
   38.77
   38.88
   20.93
   30.13
   20.08
   20.39
   41.85
  147.87
  281.24
  227.30
   40.10
   36.78
   47.71
   36.56
   46.33
  127.26
  134.02
  167.61
  109.33
  215.46
  235.40
  146.96
   37.29
   37.63
   30.64
   39.16
  134.28
  147.84
  133.09
  128.73
  129.52
   44.51
   93.16
   58.90
  120.12
   79.91
   99.59
   99.00
   31.12
   32.76
   97.35
   41.63
  137.11
  243.52
  131.81
  128.76
  118.62
  180.46
  240.78
  168.88
  132.55
  196.75
   38.11
   38.48
  239.19
  234.44
  162.96
   53.66
  137.70
   53.38
   76.51
  141.87
  132.58
  241.03
  305.23
  266.01
  174.23
   92.88
  200.96
  348.52
  265.02
  264.56
  140.48
  190.94
  182.64
  378.51
  278.33
  235.77
  348.13
  251.57
  155.12
  139.94
  274.59
  243.10
  353.90
  244.52
  364.61
  143.28
  149.37
  264.22
  266.86
  253.97
  256.52
  302.76
  143.62
  135.01
  251.99
  256.69
  231.18
  246.78
  136.54
  133.20
  166.70
   91.46
   95.37
   20.44
   24.38
   44.71
   43.61
   94.38
  222.57
  270.09
  248.11
  179.95
  144.33
   52.84
   44.26
  230.47
  238.12
  251.06
  134.05
   20.25
   19.96
   19.91
   20.39
   19.79
   19.91
   20.36
  135.38
  303.36
   25.54
  185.76
  362.97
  356.31
  264.88
  266.07
   20.56
  228.01
  363.39
  242.56
   73.68
  326.55
  242.90
   24.41
   20.50
  362.03
  210.51
   80.59
  130.29
  140.51
   19.20
   19.00
  227.58
  119.19
  226.68
  237.01
  139.01
   43.07
   43.55
  128.08
  160.19
   19.20
  276.23
   32.65
   40.75
   38.43
  125.08
   98.00
   69.38
   22.12
   22.43
   21.95
   50.38
  145.80
  257.00
  166.90
  144.16
  107.55
  114.46
  148.75
  241.77
  266.01
  185.65
   33.02
   26.59
   32.93
   69.06
   87.22
  130.23
   47.40
  129.27
  229.96
   48.39
   54.17
  141.13
   52.10
   57.03
   66.54
   61.45
   56.55
   43.55
   47.91
  134.90
  114.09
   47.88
   37.89
   58.28
   34.38
   84.95
  344.28
  355.12
  317.69
   52.56
   41.60
   43.78
   44.17
   52.05
   51.25
   41.09
   46.35
   42.48
   47.29
   40.89
  148.55
  115.42
   45.65
   44.57
   37.10
   30.44
   50.83
   57.23
  197.59
   51.88
   49.72
   46.61
   58.47
   48.68
   48.51
   60.74
   54.62
  216.77
  136.54
   30.50
   31.77
  169.48
  308.91
  125.61
  254.60
   60.40
   98.26
  112.96
  146.48
   50.09
   46.72
  293.93
  132.15
   33.33
   43.98
  176.07
  140.65
   46.61
   52.81
   47.74
   51.90
   48.65
   87.56
   49.47
   44.46
  108.48
  102.68
  156.93
  245.31
  326.72
  276.03
  311.63
  310.83
   84.24
   75.61
  302.57
  306.67
  298.43
  302.88
  300.92
  104.80
  108.45
  180.43
   94.97
  102.54
   41.82
   41.68
   44.09
   49.24
   41.12
   41.40
   49.87
  146.20
  138.30
   43.13
   46.47
   42.82
   48.11
   51.37
   43.83
   53.43
   57.65
   49.30
   69.72
   60.43
   63.23
   54.79
   51.68
   57.40
   62.38
   66.69
   61.25
   59.98
   51.59
   53.24
   53.18
   53.12
  167.24
  161.15
  123.38
  126.86
   56.41
   55.84
   55.19
   55.05
   24.81
   22.03
   26.05
   18.04
   20.44
   20.81
   36.78
   37.15
   26.14
   25.94
   30.47
   26.08
   44.54
   41.31
   44.12
   38.77
   33.75
   38.43
   39.22
   38.96
   39.02
   36.64
   37.27
   37.18
   39.47
   36.13
   36.19
   35.99
   40.58
   38.99
   44.12
   42.98
   43.69
   44.68
   40.86
   39.45
   38.51
   31.32
   31.97
   24.47
   20.84
   31.63
   33.81
   34.12
   37.60
   35.00
   50.74
   37.01
  170.98
   66.01
   71.75
   24.41
   20.95
   18.15
   21.01
   50.77
   33.16
   28.01
   39.39
   44.37
   24.86
   25.49
   51.17
   55.08
   65.27
   62.75
   52.53
   32.68
   30.10
   85.43
   64.87
   85.04
   73.09
   81.95
   44.12
   44.46
  126.60
  120.46
   36.95
  101.43
   64.28
   71.13
   66.20
   65.78
   68.53
   66.49
   73.57
   64.05
   62.50
   64.45
   75.63
   85.57
   70.28
   70.03
   78.38
   45.25
   45.56
   62.61
   63.20
   59.49
   64.31
   58.02
   46.86
   18.49
  379.28
  223.34
  220.56
  219.20
  215.26
  135.24
  134.45
  319.81
  310.10
  318.20
  319.19
  278.47
  160.02
  168.54
  274.39
  331.05
  340.82
  326.92
  329.13
  207.59
  164.04
  172.99
  239.62
  344.76
  375.08
  256.61
  247.72
  202.55
  272.52
  364.69
  270.06
  376.08
  374.69
  201.36
   45.42
  104.15
  224.72
  372.82
  144.56
  180.60
  147.90
  136.88
  255.11
   55.39
  275.72
  358.60
  420.79
  189.89
   81.13
  369.96
  376.70
   25.71
  388.31
  283.82
  140.96
  172.87
  348.41
  362.17
   40.63
  214.39
  241.20
  171.83
  108.31
  227.53
  132.13
  282.32
  203.06
  220.33
  238.65
  178.62
  263.06
  265.19
   59.35
   59.24
   49.36
   18.77
   39.25
   33.07
  244.35
  111.94
   52.44
  135.18
   94.41
   57.14
  318.99
  336.63
  337.85
  345.98
  314.43
  359.51
  255.56
  243.75
  196.52
  155.77
   19.17
   71.61
   50.89
   55.30
  317.15
  322.98
  138.47
  277.96
  324.96
  135.98
  125.76
  293.76
  283.59
  351.30
  304.12
  106.10
   47.54
   51.28
   72.07
  220.64
  180.29
   90.67
   49.67
   52.47
   48.00
   52.47
   42.22
   44.06
   44.29
   52.33
   19.34
   35.76
   40.49
   33.10
  106.81
   25.49
   15.15
   42.25
  373.64
  351.36
  227.24
   23.36
  334.99
   17.81
   17.73
   18.12
  157.05
  186.24
  425.91
  400.54
  182.42
   19.37
   32.20
   31.46
   37.10
   33.56
  134.82
   43.47
   18.80
  194.88
  143.09
   44.26
  153.19
  133.12
   65.98
   19.60
   66.37
   86.88
   90.73
   60.99
   75.12
   49.02
   40.89
   48.42
  145.55
  104.63
   50.69
   54.76
   72.09
   89.42
   41.82
   31.63
  111.60
  255.39
  191.82
  321.17
  598.67
  667.48
  662.47
  657.06
  645.06
  544.53
  340.96
  239.48
  264.56
  242.85
  292.29
  274.39
  289.62
  116.55
   32.68
   43.27
  105.31
  453.52
  107.52
   71.16
   39.47
   42.02
   45.14
  122.16
   63.40
   44.74
   44.12
   49.33
   44.85
   47.80
   42.02
   46.13
   48.25
   56.29
   46.10
   45.73
  152.40
  241.77
  260.32
   49.47
   44.51
   50.72
   46.95
   34.01
   47.18
   96.16
   45.05
   47.32
   57.74
   44.03
   18.63
   21.69
   18.01
   18.04
   61.87
  148.55
  142.32
  135.24
  143.79
  154.33
   54.91
   59.58
   56.29
   51.93
   56.80
  110.18
  110.21
  104.46
  118.85
  108.48
   18.35
   18.69
   67.39
   42.02
   45.59
   28.91
   27.30
   31.18
   37.72
  118.62
   42.16
   35.65
   92.85
   62.10
   92.40
   55.44
   48.45
   39.59
   54.79
   50.32
   32.45
   38.14
   49.64
   53.60
   41.14
   20.30
   26.67
   21.01
   49.10
   21.69
   23.59
   21.92
   38.37
   57.37
   26.70
   41.06
   49.50
   30.95
   17.95
   25.20
   45.34
   27.07
   19.51
   42.62
   40.61
   39.56
   40.66
   43.89
   43.49
   41.06
   44.77
   41.46
   45.53
   50.86
   49.89
   46.35
   46.10
   54.96
  153.90
  140.68
  144.10
   22.43
   21.69
   19.57
   19.40
  146.06
   84.50
  143.68
  150.48
  146.74
   21.61
   24.24
   21.38
   21.24
   20.84
   19.45
   19.65
   19.91
   19.51
   88.94
  240.95
   20.59
   19.51
   31.06
   19.88
   19.43
  140.62
   87.39
  143.54
   49.84
   19.11
   51.45
   46.27
   33.90
   60.77
  141.36
   51.20
  101.20
   56.86
   49.89
   20.13
  141.67
  133.60
  121.05
   19.74
   59.58
   18.92
  160.08
  172.85
  157.44
   27.16
   92.99
   77.47
   21.44
  145.35
  155.18
  122.30
  319.67
  391.91
  277.28
  147.62
  150.84
  153.85
  272.46
  136.91
  192.64
  144.10
  135.95
  139.40
  222.15
  134.05
  143.11
  136.46
  139.29
  141.58
  270.28
  137.45
  140.62
  255.02
  137.14
  134.93
  135.50
  111.91
  149.57
  229.39
  257.54
  231.58
  136.52
  125.84
  124.85
  133.40
  139.12
  246.78
  189.52
  257.88
  142.01
  130.77
  252.73
  143.17
   97.83
  124.42
   47.69
  118.79
  210.39
  128.93
  126.80
  138.67
   79.83
   19.23
   18.83
   19.45
   19.40
   88.72
   19.23
  282.29
   18.26
   19.65
  198.39
  303.92
  391.28
  305.91
  208.55
  105.25
   95.68
  110.95
  125.30
  311.60
  262.27
  304.29
  300.07
   45.08
  231.04
  181.65
  293.28
  254.51
  108.99
   59.13
   49.21
  202.27
  167.21
  188.14
  185.93
  118.42
   62.04
  104.23
  196.18
  171.23
   23.50
   22.03
   30.13
   20.39
  130.40
   70.17
  276.97
  174.21
  184.88
  201.93
   19.37
   20.05
  220.62
  237.95
  244.63
  264.17
  257.85
  268.02
  211.92
  303.67
  277.02
  370.92
  356.42
  323.01
  318.71
  319.81
  323.46
  320.74
  323.32
  275.18
  264.76
  253.83
  248.57
  318.99
  328.99
  290.87
  306.56
  338.10
  313.44
  175.93
  289.62
  281.98
  265.36
  286.79
  274.98
  315.45
  280.20
  266.35
  296.45
  292.99
  320.94
  324.88
  313.95
  309.39
  312.82
  312.70
  329.18
  326.13
  319.39
  400.71
  407.90
  409.69
  409.38
  209.97
  266.60
  356.31
  328.93
  160.84
  269.94
  315.76
  273.65
  133.83
  129.12
   74.19
   74.19
  240.01
  245.11
  242.42
  142.89
  133.00
  195.36
  138.30
  121.20
  121.11
   20.53
  235.96
  283.90
   40.01
   19.85
  262.81
   19.65
   72.86
  274.02
   20.90
   20.16
   21.89
   36.64
   23.11
  136.40
  345.30
  281.81
  182.64
   36.98
  314.80
  245.99
  344.59
  172.85
  165.37
   20.05
   19.54
  317.80
  531.42
  482.55
  409.12
  430.44
   89.25
  401.22
  459.47
  463.18
  464.11
  463.55
  533.40
  589.36
  586.87
  586.02
  505.12
  453.81
  452.11
  452.90
  261.17
  258.59
  293.28
  259.01
  285.15
  292.91
  278.33
   95.54
   90.76
  276.20
  223.87
  228.94
  248.23
   28.83
   36.39
   36.67
   94.38
  148.86
   91.77
  455.70
  286.96
   54.42
   42.50
  202.18
   58.13
   38.37
   30.81
   29.85
   28.29
   31.77
   33.47
   27.67
   32.71
   21.18
   20.67
   57.31
   58.56
  195.67
  196.77
  248.74
  258.82
  271.73
  244.97
  250.60
  312.73
  283.28
  367.33
  211.30
  283.65
   56.58
   60.09
  267.57
  229.48
  255.90
  157.55
  156.93
   42.14
   42.11
  211.73
   18.46
  461.68
  756.14
  881.45
  880.74
  879.92
  885.16
  752.27
  603.57
  609.58
  615.50
  592.13
  230.95
  343.45
  334.90
  351.30
  340.14
  273.63
  146.54
  150.11
  145.61
  343.31
  210.37
  207.53
  210.48
   33.78
   36.25
  289.65
  333.32
  319.50
  310.61
  282.97
  344.30
  160.61
  254.48
  299.08
  259.84
  268.02
  305.09
  146.26
  149.48
  251.65
  243.04
  282.60
  297.21
  266.63
  141.67
  152.66
  234.66
  215.97
  208.58
  203.74
  197.76
   20.25
   25.32
  308.60
  128.42
  243.64
  308.68
  333.97
  319.53
  369.22
  380.10
  417.67
  376.42
  378.68
  376.50
  132.61
  120.46
  321.51
  323.32
  326.55
  325.98
  322.50
  121.85
  142.94
  297.78
  186.10
  152.09
  154.69
  145.15
  172.02
  179.53
  305.23
  306.11
  316.10
  277.22
  273.26
  205.86
  204.31
  267.51
  269.60
  268.81
  270.57
  275.44
  186.15
  182.98
  261.82
  286.79
  285.83
  303.81
  287.08
  212.63
  210.93
  361.12
  358.07
  349.85
  398.36
  403.63
  298.83
  250.12
  382.90
  411.61
  385.87
  399.24
  388.31
  278.64
  258.16
  152.57
  446.39
  414.79
  437.04
  354.39
  140.25
  105.51
  327.48
  298.43
  274.98
  286.65
  266.94
  129.86
  125.64
  348.78
  325.45
  307.41
  331.02
  402.04
  153.14
   87.81
  185.82
  407.11
  250.75
  209.20
  288.32
  219.65
   35.03
   39.05
  354.61
   73.43
  260.66
  433.96
   19.71
  298.37
  381.40
  419.80
  414.50
  407.14
  409.35
   92.71
  216.88
  340.48
  395.95
   77.19
  143.74
  400.23
  239.67
   67.82
  410.31
  393.49
  275.10
  199.38
  148.01
  125.33
  163.47
  144.44
  158.35
  404.65
  402.89
  161.41
  146.57
  237.47
  175.08
  393.15
  121.79
   19.60
   80.05
   18.38
   70.11
  115.05
  402.35
   29.11
   18.12
  141.13
  117.57
  402.47
  129.07
  118.31
   21.89
   20.93
  107.55
   78.83
  181.91
  394.99
  529.92
  569.03
  571.07
  406.43
  431.92
  398.36
  424.13
  428.09
  568.66
  408.41
  532.24
  400.34
  327.34
  402.18
  286.99
  295.80
  308.88
  496.22
  410.68
  150.53
  182.70
  408.64
  422.77
  540.74
  445.85
  228.89
  201.02
  140.34
  128.95
   50.91
  257.43
  124.25
  262.61
  273.71
  515.82
  354.05
  205.78
  160.92
   41.65
   88.91
   22.31
  434.13
  509.59
  521.34
  501.29
  268.42
   74.61
   66.57
  276.94
   20.81
   54.34
  322.30
  278.30
   96.36
  259.16
  193.12
  125.30
  202.01
  225.86
  269.24
   46.75
   48.14
   41.12
  351.81
  245.22
  116.38
   59.98
  176.73
   32.76
   36.93
  149.37
  149.54
   88.60
   84.81
  449.93
  414.22
  425.94
  423.11
  429.31
  481.36
  436.08
  413.91
  328.90
  414.79
  420.08
  419.97
  409.07
  189.30
  153.48
  165.03
  254.31
   18.63
   18.66
  408.95
  302.40
  354.61
   34.43
   40.04
   58.79
   26.73
   22.12
   18.63
   18.55
   86.54
  449.08
  386.78
  438.60
  285.46
  238.85
   29.00
   18.52
  150.96
  137.03
  169.39
  246.07
   18.29
   18.43
   18.43
   43.41
  256.58
   55.84
   18.15
   18.18
   18.52
   19.71
   18.21
   18.15
   34.66
   18.32
   18.18
   18.21
   18.43
   20.39
   18.26
   22.80
   18.12
   17.90
   18.09
   18.12
   18.09
   18.21
   35.96
   18.07
   18.29
   18.41
   18.35
   18.43
   18.60
   24.75
   18.21
   18.12
   18.12
   18.24
   18.35
   17.98
   37.89
  172.00
   31.35
   25.12
   17.98
   32.17
   17.98
   32.14
   35.23
   47.54
   37.94
   39.08
   35.93
   50.35
   37.77
   45.02
   39.93
   29.34
   44.46
   46.52
   48.62
   57.94
   49.92
   44.71
   31.18
   28.46
   55.25
   34.72
   36.73
   48.51
   18.52
  109.44
   61.90
   56.29
  236.81
  133.15
  228.06
  304.49
   27.30
   18.52
  185.96
  259.61
  285.35
  237.13
  289.28
  143.09
   70.28
  141.90
  171.63
  214.16
  246.50
  377.21
   18.35
   48.76
  140.88
  176.39
  180.43
  335.21
  322.93
  285.92
  126.75
  310.52
  308.48
  299.59
  278.81
  281.44
  223.87
  219.31
  359.14
  216.31
  260.20
  265.33
  268.25
  147.33
  137.03
  324.03
  143.40
  165.74
  185.25
  234.75
  134.65
   81.81
   89.59
  142.80
  141.98
  133.88
  142.38
   48.90
   57.77
  359.96
  134.48
   97.61
  267.93
  347.79
  271.33
  109.10
  229.31
  285.80
  247.46
  318.85
   50.94
  201.25
  114.17
  477.62
  367.16
  312.84
   88.80
   18.49
   47.83
   42.08
  223.02
  251.48
  319.19
  237.86
  190.97
   18.49
  128.81
  395.50
  183.63
  138.21
  198.53
  258.45
   18.55
   54.82
  363.02
  187.91
  187.83
  133.94
  270.51
  196.18
  200.60
  188.22
  139.15
  302.08
  469.72
  468.42
  545.98
  657.04
  701.15
  768.49
  765.72
  956.32
  834.36
  780.64
  819.21
  817.48
  815.21
  811.96
  711.15
  612.72
  613.00
  614.14
  608.50
  616.34
  531.85
  469.72
  466.15
  437.07
  433.87
  463.66
  456.21
  397.29
  467.62
  469.30
  426.54
  423.93
  427.30
  429.40
  430.53
  434.01
  436.08
  439.11
  444.66
  441.94
  394.14
  445.14
  434.55
  391.42
  435.54
  434.83
  390.89
  266.07
  323.04
  322.25
  120.97
  182.56
  129.95
  262.27
  278.18
  230.33
  296.17
  333.91
  133.03
   98.71
  420.73
  417.02
  407.73
   19.23
  265.07
  111.68
  108.45
  354.89
  284.58
  228.21
  354.87
  324.09
  163.70
  166.33
  351.98
  362.99
  198.53
   18.24
  264.14
  257.82
  266.91
  284.16
  254.74
  254.74
  257.46
  269.97
  305.79
  401.22
  479.52
  473.49
  471.05
  462.07
  335.78
  621.13
  377.80
  446.22
  424.02
  513.75
  449.93
  436.05
  374.43
  365.34
  477.59
  459.58
  500.27
  503.19
  431.32
  445.03
  377.78
  515.85
  498.74
  497.53
  486.29
  283.11
  153.99
  270.57
  432.82
  388.88
  387.43
  349.15
  361.78
   96.56
   53.58
  396.63
  212.66
  244.54
  401.96
  269.10
  127.68
  181.17
  222.54
  279.69
  271.70
  270.82
  241.46
  189.72
  342.44
  439.08
  286.48
  145.92
  153.62
  213.03
  311.60
  199.66
  160.33
  173.04
  119.50
  112.70
   91.55
   26.90
   26.62
  201.25
  147.36
  116.01
  238.71
  253.46
  144.33
  108.40
  216.26
  101.03
  214.25
  241.97
  245.73
  166.62
  166.96
  198.10
  168.68
  161.49
  220.62
  278.10
  282.35
  251.40
  244.43
  398.30
  440.95
  369.68
  369.05
  113.49
  116.55
  161.15
  174.35
  278.64
  197.48
  177.21
   18.55
   18.75
  208.72
  143.25
  351.81
  343.31
  194.57
   29.96
   18.43
   18.58
   18.43
   18.29
   18.46
   18.43
   18.29
   18.63
   38.06
   18.69
   30.78
  123.74
   99.82
  158.46
   50.01
   76.99
  159.51
  213.14
  119.67
  163.84
  200.48
  166.59
  271.67
  260.43
  208.84
  213.20
  217.16
  149.82
  140.71
  157.64
  187.46
   84.07
   84.58
   79.23
   40.55
   47.32
  238.91
  218.80
  285.18
  235.00
  251.37
   17.92
   17.98
   84.44
  118.05
  150.08
  163.47
  182.98
   18.15
   47.46
   61.39
   18.46
   24.01
  174.15
  199.44
   38.28
   33.56
   52.70
  120.12
  189.27
  392.44
   27.44
   18.49
   20.19
  151.58
  356.08
  275.35
  362.77
   95.43
   68.81
   58.64
  200.91
  240.35
  150.87
  103.64
  226.22
  263.52
  284.50
  125.81
  323.01
  143.71
  258.99
  283.51
  217.64
  321.54
  150.05
  311.34
  376.22
  330.54
  383.67
  395.50
  421.52
   95.29
  257.74
  232.76
  238.23
  362.97
  161.46
  145.75
  129.61
  180.32
  279.60
  364.75
  409.24
  111.12
  179.70
  111.14
  152.88
  261.68
  304.09
  356.65
  351.19
  367.01
  457.97
  425.32
  425.89
  425.55
  440.04
  283.62
  442.82
  297.86
  319.16
  348.64
  352.23
  385.11
  313.64
  498.23
  268.19
  325.30
  256.07
  189.07
  198.98
   63.85
  156.90
  309.45
  312.19
  278.07
  273.99
  228.38
   94.92
  107.24
  269.07
  273.82
  254.82
  261.17
  252.93
  107.69
  242.34
  245.79
  264.14
  154.67
  132.55
  136.83
  328.19
   95.99
  262.10
  274.19
  266.52
  276.06
  273.40
  158.26
  139.86
  216.91
  280.87
  273.60
  299.85
  305.31
  243.21
  144.64
  187.12
  308.60
  304.07
  401.73
  439.79
  372.48
  399.52
  403.52
  452.19
  273.34
  429.11
  418.18
  242.31
  311.29
  427.10
  319.07
  296.45
  175.82
  150.96
  307.18
  239.76
  330.23
  190.69
  310.44
   18.58
   61.16
   57.96
  263.69
  422.46
  413.14
  415.55
  337.14
   30.30
   47.97
   77.70
  386.67
  383.21
  327.23
  390.80
  383.81
  116.27
   40.95
  142.41
  211.78
  237.78
  271.16
  147.56
   28.32
   52.44
   89.68
  407.56
  169.16
  297.75
  279.15
  163.87
   50.01
  296.05
  225.83
  114.91
   69.74
   54.14
  172.05
   46.33
  306.78
   80.36
  179.53
   18.69
  152.32
   48.99
   56.32
   53.41
   58.22
   43.41
   35.62
  138.24
   60.26
   18.63
  188.28
  144.39
  130.06
   49.27
   57.20
   56.27
   56.95
   41.91
  276.46
  259.13
  410.96
   98.00
   18.58
   26.59
   76.68
  325.42
  409.83
  380.75
  415.55
   43.92
   37.77
  244.88
  251.37
  389.78
  334.96
  346.15
   79.60
   37.75
  154.92
  333.46
  245.71
  285.60
  241.77
   18.83
   45.00
  143.34
  309.90
   18.69
   18.83
   18.52
   23.53
   23.33
   28.54
  102.54
  153.93
  487.50
  378.65
   31.63
   40.78
  375.45
  187.77
  147.96
  106.95
  162.00
  362.34
   28.32
  496.03
  399.27
  391.42
  321.65
  258.36
   84.07
   81.10
  550.82
  260.91
  276.88
  325.64
  314.86
  148.52
  132.75
  248.51
  289.94
  273.51
   41.37
  156.37
  159.42
  352.71
  260.91
  248.57
  280.82
  265.24
  340.20
  181.77
  164.58
  421.16
  415.97
   57.45
   18.66
   18.58
  293.42
  271.05
  413.31
  296.42
   18.66
   18.80
   18.55
   21.12
   21.15
  160.13
  181.40
   29.53
  176.58
  399.32
   40.49
   42.59
   43.10
  367.24
  155.91
  368.09
   42.96
   50.86
   43.44
   18.38
   39.73
   79.15
  122.67
   67.88
   40.07
   39.22
   37.97
   40.80
   51.93
   43.66
   46.58
   49.58
   45.84
   49.27
   44.23
   49.07
   49.13
   44.63
   45.00
   46.30
   44.37
   46.72
   51.20
   47.20
   46.52
   43.13
   18.32
   18.24
   18.41
   18.55
   18.38
   18.09
   18.35
   18.26
   23.84
   26.53
   26.59
   26.73
   20.95
   18.32
   18.24
   37.04
  320.04
   66.20
   25.82
   18.83
   18.49
   18.58
  143.79
  144.59
  144.84
   72.97
   56.41
   29.73
   34.72
   50.72
   53.72
  126.07
  131.93
  136.29
   32.22
   26.67
   74.33
   31.77
   38.77
   35.79
   41.54
   41.54
  112.53
  197.96
  190.43
  204.87
  200.06
  224.64
  202.44
  131.65
  208.64
  220.19
  171.74
  158.18
  180.58
   62.78
   81.44
  183.24
  172.82
  220.56
  315.14
  332.50
  103.98
  100.78
  135.41
  138.75
  140.37
  138.92
  133.68
   72.04
   53.01
  177.26
  233.70
  126.86
  171.18
   69.38
   18.26
   51.34
  121.14
  119.87
  225.63
  221.98
  217.13
  218.01
  275.52
  146.37
  185.90
  102.59
  164.86
  178.31
  246.33
  153.00
  300.02
  176.19
   64.25
  198.64
  213.14
  126.41
   51.96
  317.12
  130.00
  114.51
  226.00
   83.99
  129.29
  120.69
  125.92
  108.88
  127.40
  116.10
  108.23
   46.98
   67.76
  221.15
  223.67
  236.08
  206.68
  203.54
  125.44
  128.62
  194.40
  203.97
  203.91
  201.19
  198.50
   34.09
   39.84
  322.33
  238.88
  236.42
  230.56
  224.64
  128.93
  129.78
  224.18
  252.56
  267.93
  281.44
  267.99
  142.49
  144.27
  209.29
  195.30
  214.95
  149.65
  277.53
  264.73
  262.81
  154.33
  190.43
  242.99
  309.70
  441.91
  416.00
  319.16
  465.22
  428.94
  298.69
  345.27
  339.89
  338.24
  486.26
  497.13
   97.64
   49.41
   56.83
  103.24
  108.17
   54.26
  109.90
  140.14
  203.65
  109.67
  108.00
   62.78
  105.48
  300.84
  295.26
  294.24
  178.85
  276.54
   32.03
   27.52
  191.54
  240.30
  288.95
  233.05
  213.65
  224.30
   32.65
  206.60
  212.40
  194.48
  195.58
  196.72
   60.51
   55.08
  253.12
  254.31
  275.95
  263.40
  233.30
   92.51
   93.25
  147.30
  166.50
  164.83
  249.16
  293.02
  140.08
  130.88
  301.04
  230.22
  178.79
  190.49
  215.35
  202.35
  205.16
  277.84
  317.88
  245.22
  238.71
  309.56
  274.14
  307.38
  461.62
  475.95
  466.55
  200.62
  218.21
  204.08
  208.44
  427.56
  420.36
  286.57
  260.09
  262.16
  198.95
  232.17
  466.75
  343.99
  349.32
  289.09
  398.42
  277.53
  198.93
  202.64
  186.86
   63.17
  181.88
  182.90
   48.87
   79.57
   79.43
   89.54
  100.58
   60.71
  236.02
   18.72
   18.43
   69.55
  240.18
  197.31
  160.36
  160.53
   94.80
   85.60
   95.26
  420.59
  412.97
  495.09
  489.57
  334.71
  333.15
  510.58
  533.38
  440.64
  514.15
  358.43
   57.91
   67.39
  290.50
  428.49
  385.08
  394.43
  359.74
  118.59
  115.19
  195.64
  223.96
  220.76
  213.25
  219.14
   63.06
   54.28
  244.88
  178.14
  218.35
  200.29
  139.60
   32.48
  159.40
  262.92
  236.28
  127.99
  221.44
  230.39
  147.73
   30.70
   93.93
   31.63
  154.67
  188.28
  189.04
   48.48
   36.61
  164.78
  152.68
   82.32
   81.38
   76.80
   45.05
   45.96
   97.16
  105.31
   54.57
   58.79
   56.10
   45.00
   46.67
   49.84
   45.05
   45.59
   42.56
   43.35
   43.44
   51.20
   45.70
   51.17
   54.20
   50.86
   46.61
   50.55
   54.14
   53.41
   52.07
   50.52
   52.50
   50.15
   50.55
   48.51
   51.73
   54.48
   49.95
   51.93
   52.27
   52.30
   83.36
   94.24
  108.14
  108.20
   97.61
   53.26
   68.27
   55.64
  104.12
   63.09
   54.85
   57.48
   57.40
   57.60
   48.82
   62.10
   49.27
   48.70
   52.10
   52.39
   52.24
   53.15
   52.24
   49.41
   60.71
   34.86
   34.52
   21.29
   18.12
   38.20
   35.06
   48.79
   35.00
   35.03
   37.58
   18.60
   23.73
   20.30
   25.71
   26.93
   32.22
   43.58
   46.38
   54.51
   42.59
   36.78
   39.08
   40.80
   36.78
   38.37
   35.25
   39.19
   41.12
   34.80
   46.50
   46.75
   47.01
   63.77
  124.68
  121.03
  119.58
  120.69
  114.57
   70.03
   83.53
   81.67
   83.11
  215.29
  213.45
   58.30
   58.79
  154.24
  164.58
  166.73
  128.30
  125.50
  108.03
  111.85
  174.09
  117.66
  217.76
  198.27
  206.29
   90.30
   92.31
  178.06
  169.87
   86.42
   84.84
   85.55
   63.37
   58.56
  128.45
  120.94
  126.97
  128.16
  125.33
   80.56
  102.45
  177.09
  134.25
  134.76
   84.55
   36.84
   49.72
   44.00
   88.80
   91.72
   93.42
   91.66
   87.50
   46.21
   54.00
   80.53
   75.04
   85.74
   86.34
   73.77
   51.59
   51.34
  125.39
  144.02
  180.26
  177.18
  176.61
  103.38
  103.21
  199.97
  276.37
  241.71
  247.97
  233.33
  183.35
  189.30
  212.43
  171.97
  173.21
  194.96
  169.50
  118.51
  124.74
  190.71
  188.96
  189.10
  213.62
  204.36
   75.69
   85.52
  152.46
  153.90
  163.22
  179.42
  216.11
   95.71
   95.34
  119.64
   62.67
   58.30
   64.62
   77.73
   47.03
   34.69
   44.94
   46.30
   46.35
   52.56
   79.51
   52.30
   52.50
   96.02
   92.99
   94.30
   94.83
   98.20
   57.26
   41.29
  106.47
  112.39
  121.05
  120.04
  114.97
   59.27
   34.49
  154.72
  145.15
  170.98
  172.90
  168.74
   39.11
   39.05
  101.26
   78.07
   90.78
   86.14
   94.83
   55.59
   43.41
  102.03
   98.71
  101.83
  106.07
   19.74
   20.02
   19.57
   24.30
   19.48
   19.45
   20.73
   46.75
   29.96
   43.52
   47.20
   56.49
   48.68
   48.14
   24.69
   24.72
   28.52
   28.15
   29.28
   29.59
   30.78
   30.84
   17.73
   17.58
   17.64
   17.58
   18.43
   19.62
   19.51
   19.57
   19.82
   25.26
   19.40
   41.37
   44.26
   41.74
   34.15
   33.61
   41.94
   41.46
   19.48
   36.42
   33.67
   32.34
   31.60
   36.47
   36.13
   29.17
   33.70
   33.87
   34.80
   38.99
   39.02
   35.54
   27.89
   29.11
   27.78
   38.37
   39.36
   36.13
   36.19
   34.89
   34.43
   35.51
   35.37
   38.48
   32.31
   32.31
   66.29
   70.08
   64.31
   40.01
   18.60
   18.69
   18.52
  137.62
  139.74
   19.60
   35.08
   35.42
   43.61
   39.45
   46.38
   44.88
   83.82
   72.09
   66.86
  115.16
  107.63
  107.41
  106.36
  132.58
   98.46
  103.30
  131.87
  120.43
  112.84
  131.28
  130.31
   59.86
   63.34
   89.57
   83.82
   90.53
   83.08
   57.17
   42.93
   43.18
  157.98
  202.13
  186.52
  202.49
  125.10
  104.80
  107.80
  225.88
  209.06
  207.48
  201.76
  225.60
  127.48
   48.22
  113.92
  245.99
  215.46
  246.41
  201.28
  107.92
   97.72
  142.29
  121.31
  177.21
  147.81
  146.54
   62.98
   45.59
   40.83
   40.61
   41.88
   46.01
   43.69
  153.87
  121.20
  143.31
  134.59
  167.55
  164.29
  155.20
  142.66
  122.36
  162.65
  141.02
  142.43
  140.17
  134.87
   90.64
   86.56
  146.79
  147.76
   36.67
   38.14
   37.55
   33.02
   31.94
   35.65
   34.09
   38.00
   92.57
   35.65
   18.94
   18.89
   19.00
   19.26
   19.14
   19.20
   19.11
   19.23
   19.11
   50.18
   44.26
   19.28
   19.31
   18.86
   18.52
   18.55
   19.57
   18.55
   18.41
   19.00
   21.07
   32.42
   33.70
   86.51
   52.95
   49.13
   35.59
   52.24
   28.23
   31.46
   67.68
   67.71
   70.45
   67.59
   67.76
   32.37
   32.45
   42.73
   18.29
   18.15
   31.69
   30.13
   35.37
   43.83
   32.56
   35.20
   35.23
   32.31
   34.32
   37.94
   37.21
   37.10
   37.24
   36.59
   38.88
   43.86
   40.46
   40.69
   50.29
   51.42
   49.07
   51.34
   51.51
   51.00
   59.44
   55.93
   54.65
   52.27
   48.87
   56.75
   56.32
   58.84
   65.21
   71.98
   68.50
   71.67
   71.81
   72.09
   46.47
   85.77
   93.64
   76.34
   87.70
   82.35
   95.51
   96.53
  158.21
  111.09
  106.19
  107.32
  102.51
   83.05
   82.32
   88.83
   82.52
  104.46
  106.19
   70.59
   63.37
   52.92
   96.87
   91.27
   88.29
   83.39
   87.24
   67.68
   77.90
   88.15
   81.86
   90.87
   86.20
   87.64
   71.36
   65.24
  127.88
   46.47
   32.79
   35.82
  116.89
   86.85
   91.29
  170.61
  161.04
  192.04
  203.60
  204.50
  165.34
  114.40
  192.70
  209.49
  248.76
  266.24
  296.42
  220.50
  204.56
  227.50
  215.72
  214.13
  208.55
  201.19
  122.33
  121.71
  206.74
  203.65
  141.22
  135.84
  142.83
  103.72
   94.04
  291.89
  137.79
  134.82
  113.47
  114.34
   66.91
   61.11
   69.12
   95.43
   95.31
  108.14
   91.80
   38.60
   38.17
   30.30
   32.65
   32.59
   31.57
   35.54
   32.56
   32.76
   69.32
   73.71
   78.18
   78.64
   78.95
   60.65
   61.53
  173.89
  191.48
  198.33
  182.02
  141.22
   59.75
   97.27
  151.16
  155.43
  144.36
  147.22
  115.99
   47.88
   44.80
   95.91
   85.40
   89.68
   90.56
   88.21
   44.06
   44.26
   85.15
   74.30
   73.23
   81.47
   73.91
   56.41
   25.82
   38.45
   50.29
   38.26
   38.74
   38.28
   31.38
   35.68
   34.15
   22.99
   26.42
   26.11
   26.16
   18.43
   18.55
   18.52
   20.61
   20.78
   18.55
   18.55
   18.63
   18.09
   52.75
   35.54
   37.69
   35.65
   35.51
   36.95
   34.35
   53.58
   53.24
  122.33
   47.32
   54.09
   54.23
   51.03
   61.76
   66.26
   66.77
   66.66
  166.98
  166.25
   68.16
  173.87
  178.88
   87.61
  158.94
   55.56
   27.38
   19.51
  301.12
  351.89
  447.18
  345.69
  240.92
  206.49
  205.30
  278.78
  253.35
  240.58
  239.82
  228.69
  232.34
  234.07
  236.90
  170.07
  174.83
  162.91
  154.58
   86.14
  223.53
   92.09
  162.88
   17.75
   54.99
  483.40
  417.02
  446.78
  415.61
  415.72
  440.84
  368.32
  350.25
  324.03
  307.69
  194.59
  213.23
  193.94
  185.33
  189.52
   95.03
   94.86
  110.44
  116.86
  118.00
  113.44
  132.32
  103.19
  110.49
  109.81
  124.68
  134.59
  127.68
  149.37
   84.38
   80.50
   87.78
   89.08
   94.10
  102.79
  113.58
   94.35
   96.36
   62.67
   95.26
  102.00
  116.67
   96.76
   51.79
   40.10
   18.49
   56.21
  138.61
  166.02
  166.45
   44.23
   41.37
  284.58
  204.48
  218.12
  261.51
  291.81
   17.78
   21.27
   19.65
   19.28
   19.28
   19.06
   18.89
   19.28
   19.06
   18.94
   19.00
   19.09
   19.17
   19.17
   19.11
   19.20
   19.06
   19.28
   22.57
   20.81
   19.26
   19.11
   19.14
   19.06
   19.09
   19.11
   20.59
   19.11
   19.11
   19.14
   19.23
   19.20
   18.83
   26.90
   19.17
   19.23
   19.26
   19.20
   19.54
   18.69
   18.55
   18.46
   18.60
   18.46
   18.46
   19.14
   18.46
   18.41
   20.11
   31.97
   32.17
   36.98
   36.98
   39.13
   37.10
   37.66
   37.49
   18.15
   18.18
   20.56
   20.19
   20.05
   18.12
   18.24
   18.12
   34.86
  153.22
  152.71
  154.44
  190.09
  158.69
  182.28
  364.58
  394.14
  393.86
  392.27
  388.31
  121.88
  123.04
  112.45
  223.00
  194.90
  460.66
  447.18
  240.58
  242.87
  236.96
  209.20
  257.12
  275.64
  280.20
  200.68
  195.07
  181.26
  209.71
  239.48
  226.87
  229.56
  245.65
  291.21
  154.41
  134.59
  126.35
  194.99
  272.44
  321.85
  273.68
  262.27
  298.23
  287.50
  242.19
  220.73
   70.59
   68.33
  152.26
  164.80
  157.07
  159.34
  161.07
   41.77
   21.35
   88.89
  184.40
  190.69
  148.72
   68.87
   89.74
   77.93
  102.79
  145.38
  116.21
  115.56
  166.08
  115.93
   87.27
   59.13
   74.61
  153.28
  162.23
  154.04
   68.50
   47.71
  125.02
  143.57
  125.25
  132.69
  118.93
   47.37
   18.77
  125.84
  119.98
  123.06
  140.73
  140.85
  130.20
  129.69
  170.04
  167.15
  167.13
  173.61
  175.39
  156.45
  147.76
  200.68
  213.28
  171.80
  170.41
  124.62
   80.33
   74.44
  200.94
  204.96
  202.69
  207.62
  201.84
   85.94
   41.68
  127.71
  167.75
  171.12
  243.07
  233.30
   94.30
   91.21
  157.87
  164.63
  163.56
  151.33
  141.87
  118.62
  114.34
  174.43
  175.00
  163.13
  147.67
  162.43
   83.99
   83.87
   64.34
   18.32
   18.38
   18.43
   18.21
  111.85
   18.01
  315.59
  312.84
  409.89
  408.81
  410.06
  277.48
  281.21
  343.96
  357.39
  346.51
  345.24
  344.56
  237.21
  228.01
  335.04
  341.27
  347.25
  336.29
  164.41
  215.55
  225.15
  298.06
  297.47
  294.33
  298.37
  299.68
  228.72
  226.11
  311.09
  315.76
  312.50
  330.09
  327.40
  244.66
  253.35
  369.14
  467.91
  466.12
  481.39
  459.02
  258.02
  289.48
  421.41
  381.77
  135.92
  476.20
  608.50
  608.39
  606.72
  607.28
  609.83
  612.89
  615.55
  616.97
  622.43
  530.57
  528.56
  455.00
  457.66
  468.05
  471.65
  471.08
  468.16
  374.12
  410.11
  461.31
  459.38
  458.93
  458.53
  456.81
  454.97
  452.67
  430.84
  484.36
  530.74
  475.58
  463.83
  473.20
  486.79
  489.17
  486.43
  421.18
  479.26
  479.69
  576.36
  686.74
  688.92
  611.39
  297.33
  442.37
  423.65
  584.18
  705.51
  702.12
  660.80
  550.65
  546.68
  543.03
  404.39
  256.55
  277.28
  326.63
  350.22
  187.29
  160.41
  164.24
  155.63
  131.25
  134.67
  103.30
  147.13
  115.11
  382.53
  423.48
  447.09
  454.40
  458.36
  417.62
  274.08
  305.17
  497.92
  535.67
  499.88
  441.60
  425.77
  424.84
  497.64
  526.27
  565.09
  662.93
  608.08
  553.48
  581.29
  597.94
  597.03
  596.01
  595.11
  591.79
  594.29
  592.64
  453.27
  439.76
  444.43
  442.76
  432.94
  212.29
  143.99
  208.41
  243.67
  262.33
  276.23
  265.47
  279.23
  254.43
  153.76
  144.30
  140.65
  135.47
  160.39
  219.51
   82.15
  112.02
  107.92
  150.84
  272.86
  127.74
  223.79
  171.60
   98.57
  141.70
  203.68
  170.92
  171.43
   17.73
   17.87
   49.44
  113.27
  174.32
  190.32
  241.40
   17.87
   17.98
   98.23
  100.61
  132.13
  174.91
   83.79
   18.07
   18.04
   17.98
   17.95
   17.98
   18.01
   17.90
   17.90
   17.81
   32.73
   25.60
   27.35
   26.19
   18.01
   17.95
   17.98
   20.95
   25.29
   26.84
   17.73
   24.98
   25.26
   17.81
   17.81
   17.78
   17.90
   17.98
   17.98
   21.86
   19.77
   17.84
   20.50
   17.87
   23.16
   18.43
   20.05
   18.29
   80.53
   65.89
   65.19
  111.57
   63.09
   30.24
   33.05
  190.40
  187.60
  160.47
  146.96
  127.65
  121.79
  104.06
  103.38
   93.11
   85.80
   85.32
   80.79
   92.43
   86.11
   93.59
   92.20
   96.31
   92.26
  145.97
   99.42
  106.78
  196.83
  149.46
  211.02
  205.89
  206.77
  162.99
   76.37
  133.40
  135.13
  134.39
  114.80
  116.30
  117.23
  114.85
  123.01
  138.13
  100.07
  140.06
  117.49
   93.64
   90.56
  134.25
  116.24
  139.49
  161.92
  167.47
  116.98
  112.25
  125.13
  133.57
  128.47
  126.01
  132.24
   55.61
   55.73
   99.65
   85.09
   76.37
   73.26
   71.81
   69.01
   71.73
   95.71
   95.91
  109.30
  111.91
  112.79
  103.21
  105.28
   85.55
   68.98
   71.90
   96.56
  165.09
  164.12
  153.02
  136.63
  150.56
  142.18
  145.97
  148.83
  120.12
   80.02
  146.28
  150.76
  151.16
  143.25
  145.89
  151.61
  152.51
  181.99
  165.85
  159.59
  166.05
  161.92
  119.87
   72.49
  194.28
  227.36
  230.05
  237.38
  228.55
  114.37
   83.99
  162.68
  199.15
  222.91
  218.61
  212.69
  158.72
  219.60
  202.83
  175.39
  164.92
  171.37
  165.57
  129.27
  129.78
  159.00
  140.39
  165.14
  169.05
  142.35
  115.93
  113.07
  143.34
  134.87
  130.60
  167.66
  126.86
  105.71
   97.38
  130.00
  156.31
  156.25
  156.08
  153.99
  102.11
  103.02
  166.05
  167.61
  160.87
  165.68
  176.24
  115.79
  114.03
  179.02
  165.51
  162.96
  164.07
  150.22
   84.78
   92.68
  142.15
  131.45
  142.72
  140.85
  145.49
   95.20
   94.92
  144.61
  153.62
  107.26
  104.40
   98.85
   73.85
   73.79
  166.81
  168.60
  175.93
  172.31
  173.98
  115.42
  114.43
  178.88
  184.46
  184.57
  189.35
  181.88
   86.34
  116.55
  184.46
  184.71
  169.93
  181.23
  172.22
  112.53
  114.65
  160.90
  165.20
  162.85
   18.83
  179.90
  150.25
  148.58
  169.05
  180.43
  141.73
  255.64
  304.94
  233.93
  235.26
  419.37
  429.11
  418.95
  425.26
  281.95
  139.77
  203.91
  517.41
  518.14
  514.46
  263.86
  280.11
  117.66
  121.65
  237.21
  250.26
  246.75
  256.35
  282.74
   86.17
   98.34
  200.14
  146.96
  137.51
  133.32
  126.58
   47.60
   49.70
  213.54
  196.94
  206.03
  206.03
  201.73
  109.13
  107.75
  164.92
  182.64
  155.32
  211.92
  281.07
   92.85
   88.94
   88.49
   95.88
   89.59
  111.60
  110.21
   75.92
   74.95
  163.42
  163.59
  160.75
  212.26
  295.43
   83.19
   79.34
  159.79
  187.63
  210.03
  232.31
  234.86
  151.50
  152.09
  273.97
  211.24
  230.75
  224.21
  179.73
   78.30
   72.92
  137.31
  141.10
  135.44
  137.31
  121.56
   52.84
   53.63
  132.01
  140.25
  156.31
  140.99
  132.21
   85.15
   84.38
  248.57
  306.56
  396.83
  438.23
  569.68
  559.40
  348.86
  522.19
  389.75
   20.61
  204.84
  264.56
  266.60
  255.59
  443.75
  460.83
  534.28
  538.44
  407.65
  228.94
  228.74
  298.60
  289.43
  263.38
  288.04
  290.50
  183.72
  187.57
  284.16
  222.85
  290.64
  216.11
  226.00
   18.29
   18.32
  105.03
   82.63
  121.00
  119.84
  149.51
   72.55
   73.65
  343.99
  215.58
  193.23
  197.03
  187.51
   47.01
   69.26
  399.01
  394.68
  415.69
  405.19
  409.80
  148.41
  140.42
  148.18
  161.29
  147.50
  187.29
  123.66
  125.19
  122.33
  229.03
  141.53
  147.33
  145.66
  141.56
   56.55
   58.79
  180.04
  196.38
  149.14
  152.26
  166.87
   31.46
   28.52
   73.91
   86.90
   86.90
   86.45
   95.09
  101.09
   48.17
  153.87
  160.81
  162.79
  164.10
  160.58
   93.93
   93.11
  129.15
  155.74
  146.37
  143.00
  148.13
   95.99
   81.52
   97.72
  123.83
  160.47
  116.27
  124.51
   67.68
   99.11
   82.46
  116.10
  109.95
  113.44
  133.06
   99.90
  104.97
  213.88
  310.32
  338.39
  336.97
  333.66
  270.96
  268.13
  303.67
  331.70
  307.72
  299.45
  308.63
  164.89
   97.52
  153.19
  154.86
  154.27
  153.05
  153.90
  124.48
  195.87
  202.89
  232.65
  210.90
  197.26
  201.19
  109.81
   97.61
   60.00
  163.90
  155.52
  176.58
  137.20
  104.35
  105.71
  162.68
  162.99
  190.23
  194.40
  194.40
  144.67
  144.33
  163.84
  174.83
  167.24
  165.68
  169.82
  132.58
   86.82
  165.20
  167.86
  167.98
  169.31
  172.56
  105.31
   96.93
  150.82
  153.79
  174.29
  174.88
  180.21
  138.78
  126.66
  162.45
  166.39
  166.62
  166.16
  220.31
  125.73
  131.36
  224.41
  223.11
  231.07
  227.61
  272.29
  180.10
  190.77
   19.94
   18.29
   17.70
   27.84
   30.78
   30.70
   27.78
  165.91
  159.34
  160.25
  160.08
  176.56
  105.34
   72.94
  223.96
  192.50
  231.46
  234.86
  224.81
   74.78
   72.01
  229.71
  223.79
  224.44
  223.76
  228.86
   69.80
   73.03
  221.38
  229.22
  231.49
  244.77
  236.11
   71.30
   74.84
  253.32
  242.93
  236.56
  234.27
  232.20
   68.89
   65.95
  215.69
  218.52
  215.92
  226.36
  207.56
   75.04
   67.25
  208.19
  201.45
  217.93
  216.85
  221.10
   72.49
   71.84
  214.33
  210.56
  172.59
  175.65
  175.82
   59.78
   66.49
  137.05
  119.50
  132.55
  188.28
  196.38
   80.73
   82.88
  200.99
  203.34
  202.92
  222.03
  204.08
   54.57
   61.82
  204.50
  194.08
  194.20
  140.82
  141.16
  112.39
  104.57
  253.49
   65.81
   18.26
  225.43
  248.99
  330.85
  335.78
  418.32
  363.36
  308.94
  449.93
  515.37
  515.99
  515.85
  515.62
  517.97
  517.43
  515.59
  516.30
  214.33
  209.26
  290.25
  370.10
  427.70
  429.85
  430.19
  249.67
  225.74
  255.96
  289.62
  326.32
  332.72
  324.60
  333.29
  329.92
  332.33
  311.88
  302.03
  218.01
  216.57
   92.77
  105.03
  156.73
  298.63
  452.81
  218.97
  301.74
  223.19
  213.34
  295.17
  268.44
  271.81
  272.86
  272.89
  168.17
  162.62
  344.28
  514.77
  492.32
  406.01
  412.60
  386.78
  386.10
  405.81
  398.79
  408.47
  458.48
  468.73
  319.24
  353.51
  271.79
  277.11
  196.58
  186.35
  199.12
  196.86
  192.95
  222.12
  210.65
  204.76
  185.76
  188.70
  174.49
  174.29
  210.42
  219.03
  218.38
  175.71
  168.57
  112.84
  111.03
  227.53
   83.56
  134.93
  216.45
  222.51
  207.85
  276.54
  157.05
  151.78
  202.64
  225.97
  232.42
  118.59
  114.34
  111.74
  111.06
  114.23
  113.15
  115.93
   28.12
   30.95
   34.57
   31.01
   28.01
   30.36
   30.78
   44.83
   51.37
  113.27
  115.31
  120.77
  132.78
  127.03
   17.90
   18.97
  103.53
   55.67
   59.78
   17.67
   17.67
   41.14
   43.32
   60.91
   61.42
   62.27
   62.86
   60.94
   54.76
   60.15
  112.13
  109.93
  112.79
   93.67
   88.77
   58.25
   64.45
   49.64
   51.17
  112.11
  157.92
  155.37
   95.03
   88.41
  142.60
  145.80
  148.13
  144.39
  143.37
  127.68
  132.83
  134.05
   78.27
   74.70
   74.56
   74.19
   50.46
   46.18
  117.80
   56.44
   58.59
   63.51
   58.53
   61.82
   58.79
   64.02
   58.56
  114.48
  114.48
  144.05
   78.07
  101.35
  101.52
  145.94
  141.73
  143.93
  142.89
   67.48
   73.48
  205.33
  105.76
  109.47
  161.49
  158.12
   73.00
   70.34
  228.80
  200.88
  214.25
  202.81
  164.72
  116.64
  118.68
  176.95
  192.04
  186.89
  181.14
  189.38
  125.19
  139.06
  173.81
  170.67
  175.73
  183.95
  193.49
  134.45
  139.80
  153.22
  170.16
  184.80
  180.10
  242.05
  238.17
   29.87
  163.56
  140.06
   60.12
   19.28
   19.28
   32.90
   33.27
   78.69
   68.30
   64.76
   66.66
   19.31
   19.17
   19.14
   88.35
   89.68
  113.55
  131.28
  201.87
  144.61
  150.67
  276.80
  291.47
  281.41
  309.16
  282.06
  240.16
  237.69
  144.95
  226.65
  239.65
  229.82
  227.95
  196.86
  193.86
  247.38
  227.98
  224.69
  175.45
  186.64
  160.64
  152.49
  186.98
  188.45
  202.89
  213.25
  207.36
  143.03
  152.06
  202.10
  206.32
  183.12
  194.00
  186.38
   84.92
   87.44
  180.43
  186.27
  179.19
  170.69
  175.25
  141.64
  150.93
  208.27
  212.83
  208.10
  210.68
  210.51
  125.16
  128.13
   80.84
   17.70
   17.75
   18.83
   91.32
  121.28
   83.51
  159.23
  184.85
  185.14
  187.17
  180.75
  128.39
   84.95
  187.32
  160.67
  163.93
  166.70
  164.80
  126.24
  133.83
  225.86
  215.55
  236.90
  231.49
  241.91
  140.88
   80.93
  282.46
  242.76
  261.82
  258.76
  259.92
  142.72
  139.89
  258.59
  252.08
  250.89
  256.98
  257.49
  120.54
  126.77
  237.44
  252.22
  236.25
  242.68
  242.82
  136.83
  136.97
  237.35
  242.53
  233.02
  238.12
  240.66
  132.49
  137.08
  242.00
  249.84
  245.82
  248.71
  246.78
  142.97
  143.74
  244.57
  229.45
  242.53
  107.58
  101.66
  237.89
  253.07
  245.54
  244.15
  254.60
  256.10
  251.17
   59.92
   55.19
  212.63
  213.14
  203.94
  187.37
  232.08
   53.69
   56.83
  180.15
  197.37
  184.71
  137.73
  131.98
   51.88
   47.80
  106.44
  189.44
  188.56
  200.37
  250.38
  255.47
   18.89
   18.86
   19.09
   19.14
  231.12
  228.32
  131.59
  134.87
  134.65
  128.76
  409.29
  432.88
  439.02
  264.34
  270.94
  300.13
  311.46
  322.90
  287.47
  281.38
  116.04
  121.76
   18.12
   18.04
   17.95
   18.07
  289.28
  679.21
  681.95
  681.81
  681.16
  678.90
  680.28
  680.48
  677.62
  660.58
  662.90
  611.98
  290.39
  248.76
  634.18
  562.80
  667.09
  667.20
  733.04
  811.79
  799.50
  738.25
  671.00
  668.45
  665.39
  661.76
  658.39
  652.56
  648.12
  644.01
  639.39
  634.72
  516.16
  513.95
  513.53
  514.72
  462.84
  461.51
  514.18
  513.10
  452.70
  433.56
  438.46
  407.14
  408.92
  289.65
  300.81
  409.07
  459.89
  485.07
   23.28
   24.64
  455.59
  364.78
  377.72
  374.43
  367.78
  127.28
  130.57
  223.73
  227.19
  221.21
  215.41
  185.87
   65.89
   66.01
  180.63
  156.20
  163.27
  170.44
  125.92
   56.01
   56.72
  117.51
  121.73
  134.42
  133.12
  103.84
   56.61
   19.17
  237.66
  223.02
  223.02
   19.06
  250.86
  168.32
  172.00
  292.06
  284.39
  288.61
  252.84
  232.23
  171.20
  176.27
  151.04
  207.22
  204.14
  207.42
  205.55
  126.75
  123.80
   19.74
  174.77
  409.83
  464.79
  470.74
  325.56
   26.42
  127.68
  517.38
  729.70
  749.60
  685.24
  601.87
  586.07
  602.70
  615.52
  537.28
  534.79
  402.78
  295.20
  298.77
  407.03
  346.65
  351.89
  358.09
  244.83
  234.12
  235.65
  238.74
  188.34
  198.02
  211.10
  184.17
  174.29
  172.45
  280.51
  360.19
  409.86
  427.02
  256.92
  221.47
  298.37
  370.13
  243.86
  452.16
  522.16
  417.87
  425.09
  452.70
  436.70
  467.62
  448.82
  507.21
  506.96
  394.99
  382.45
  264.93
  260.23
  234.29
  327.65
  326.13
  276.80
  266.94
  199.92
  293.36
  371.97
  422.74
  701.01
  810.63
  861.77
  925.88
  923.07
  849.22
  769.45
  771.97
  775.00
  777.75
  783.22
  785.25
  698.58
  633.48
  637.92
  633.08
  533.26
  392.58
  457.60
  458.65
  455.96
  403.66
  189.07
  104.86
  246.36
  349.60
  369.56
  405.75
  399.64
  222.51
  220.19
  243.41
  242.22
  250.60
  257.00
  300.10
  139.77
  220.53
  270.14
  295.34
  263.26
  261.17
  265.36
  155.94
  150.59
  187.12
  169.33
  255.25
  243.07
  214.16
  157.36
  199.27
  185.02
  190.63
  216.79
  222.77
  221.04
  147.33
   93.59
  235.79
  282.60
  347.16
  349.68
  335.41
  200.00
  186.78
  214.02
  283.48
  288.61
  234.44
  301.60
  152.68
  157.78
  202.89
  317.66
  300.07
  280.45
  315.96
  229.03
  218.69
  304.69
  290.84
  287.76
  286.14
  288.24
  142.18
  137.37
  273.94
  289.23
  292.97
  301.46
  292.99
  204.73
  204.28
  298.63
  302.40
  184.99
  170.84
  167.58
  143.85
  134.70
  207.62
  236.45
  168.20
  155.83
  241.29
  196.15
  179.50
  241.51
  285.55
  295.17
  268.81
  284.78
  194.25
  187.03
  260.32
  228.55
  257.57
  245.48
  240.38
  181.45
  194.96
  252.22
  234.80
  284.53
  222.83
  243.07
  197.00
  183.35
  214.36
  191.14
  205.41
  206.03
  216.48
  173.50
  171.77
  162.85
  161.69
  166.16
  112.02
  105.74
  102.59
  141.10
  201.62
  267.03
  267.59
  268.53
  245.03
  182.25
  186.47
  279.20
  312.56
  252.84
  181.28
  182.30
  299.00
  229.65
  256.66
  512.14
  538.27
  535.98
  534.40
  430.10
  438.34
  303.30
  291.69
  290.64
  287.56
  308.85
  262.78
  270.51
  389.33
  444.77
  431.27
  421.84
  410.23
  332.30
  323.12
  480.08
