19850101
   44.15
  103.58
   77.39
  114.15
   64.22
   55.98
   56.92
   59.30
   66.69
   58.22
   61.02
   23.13
   22.74
   71.53
   85.63
   52.81
   52.81
   37.77
   23.84
   82.37
  140.00
   97.52
   22.94
   40.66
   43.86
   22.71
   22.71
   39.25
   38.14
   34.04
   37.97
  156.99
  135.67
  106.67
  110.15
   70.93
   29.85
   33.75
   90.10
   23.39
   22.63
   55.76
  117.26
  100.84
   35.85
   24.81
   37.04
   37.46
   37.49
   37.21
   37.52
   33.53
   26.96
   23.16
   22.91
   22.82
   36.33
   56.97
   59.04
   22.85
   22.57
   22.71
   37.27
   62.27
   36.64
   40.80
   24.49
   22.82
   22.85
   22.88
   22.74
   48.51
   55.47
   22.85
   22.94
   22.77
   23.11
   23.16
   23.13
   23.28
   23.56
   23.02
   23.25
   23.16
   22.88
   78.95
   49.84
   23.02
   23.05
   22.94
   22.82
   22.71
   43.13
   23.39
   23.62
   23.64
   23.30
   22.99
   22.94
   22.94
   23.28
   22.74
   22.77
   22.94
   22.91
   22.91
   22.85
   22.91
   22.88
   22.80
   22.91
   49.07
   22.96
   24.04
   44.34
   23.05
   22.71
   23.13
   22.71
   22.65
   22.85
   22.85
   22.82
   22.85
   24.21
   22.82
   22.71
   22.77
   22.94
   22.85
   22.74
   22.74
   22.77
   22.94
   22.91
   22.57
   22.82
   22.82
   22.63
   23.02
   22.99
   22.63
   32.76
   22.37
   22.63
   22.80
   22.71
   23.05
   23.02
   22.77
   23.02
   22.71
   23.22
  145.89
   23.16
   36.67
   23.08
   22.74
   22.99
   22.94
   22.96
   22.91
   28.09
   23.08
   23.28
   22.91
   23.02
   22.99
   22.96
   23.13
   30.67
   29.31
   23.22
   41.65
   29.45
   80.87
   54.57
   49.72
   59.75
   22.68
   22.74
   35.57
   24.32
   57.40
   22.85
   54.45
   36.25
   38.20
   36.16
   36.70
   36.39
   36.02
   85.35
   36.25
   38.85
   74.42
   35.82
   36.05
   36.02
   80.76
   88.66
   88.55
   95.23
  108.60
   97.49
   80.82
   44.74
   36.59
   36.02
   85.01
   88.97
   99.48
  121.37
  123.91
   56.49
   39.76
   95.71
   87.47
  123.63
  116.35
  134.84
   98.57
   83.85
   81.55
   89.62
   98.32
   98.66
   49.04
   66.80
   36.33
   84.95
  102.14
  101.26
   92.82
  109.59
   57.17
   36.50
  105.71
   94.47
   88.49
  112.76
  106.47
  102.17
  101.15
   73.68
   74.93
   52.70
   53.52
   79.68
   61.70
   62.61
   80.42
   89.74
   93.45
   75.21
   46.95
   36.73
   48.11
   37.27
   91.35
   66.43
   66.43
   67.51
   38.77
   50.80
   39.13
   47.37
   37.58
   64.87
   49.04
   51.28
   36.25
   60.57
   78.98
   54.65
   68.75
   50.86
   34.60
   36.44
  119.38
   47.06
   44.17
   32.05
   36.76
   27.13
   31.06
   74.19
   58.70
  101.52
   36.36
   23.98
   38.68
   35.85
   63.97
   37.86
   47.18
   46.58
   40.46
   36.08
   37.32
   36.25
   39.19
   38.17
   31.09
   37.41
   36.90
   36.61
   37.27
   44.26
   57.60
   53.58
   45.17
   36.30
   36.61
   99.08
  111.91
   91.18
  111.62
   98.40
   40.12
   40.44
   48.11
   41.29
   69.23
  112.90
  104.46
   92.06
   43.66
   83.05
  103.72
   60.51
   60.71
   58.87
   45.39
   23.45
  133.26
  178.14
  173.95
  117.12
   98.20
   44.12
   43.95
  129.58
  178.03
  101.57
  102.42
   55.02
  108.28
  107.83
  111.23
   87.98
   94.86
  123.66
  130.51
  133.60
   52.84
   44.34
   23.70
  108.34
  109.22
   76.46
   55.78
   55.70
   55.87
   69.89
   60.31
   61.39
   36.08
   40.21
   40.66
   81.35
   72.77
   73.23
   70.79
   22.82
   22.91
   22.77
   60.26
   67.45
   89.11
   71.84
   23.13
   23.22
   23.05
   48.70
   68.02
   67.65
   63.97
   67.05
   24.30
   23.96
  135.33
  151.78
   81.44
   47.01
   23.39
   23.50
   23.42
   22.94
   22.88
   47.09
   79.60
   80.93
   68.67
   70.79
   57.79
   89.11
  132.81
   99.85
   93.53
   36.02
   52.07
   59.10
   60.71
   68.58
  145.01
  133.74
   57.17
   45.93
   67.54
   88.60
   44.46
   22.63
   22.48
   63.80
   27.75
   43.64
  120.49
  109.67
  104.77
   83.00
   22.74
   22.94
   70.65
   58.28
   55.22
   33.61
   22.65
   22.99
   28.57
   44.88
   52.05
   48.85
  112.05
  119.87
  138.16
   38.79
   48.48
   23.08
   22.77
   23.05
   22.91
   23.28
   22.85
   33.13
   23.19
   23.59
   23.33
   46.38
   22.80
   23.59
   22.54
   22.82
   22.23
   23.02
   22.80
   22.37
   23.59
   23.36
   22.63
   22.51
   22.71
   22.63
   22.54
   22.82
   30.47
   22.71
   22.82
   22.71
   25.63
   23.33
   22.99
   23.79
   22.80
   23.02
   23.25
   22.77
   23.05
   23.11
   23.13
   23.33
   22.99
   22.99
   24.41
   22.77
   23.22
   23.13
   23.45
   23.39
   22.74
   31.15
   22.34
   22.85
   23.33
   22.77
   22.74
   22.71
   22.65
   22.99
   23.05
   22.77
   22.77
   23.28
   31.26
   32.73
   23.13
   23.67
   30.10
   33.13
   28.12
   28.91
   23.84
   24.52
   23.79
   24.61
   27.50
   28.37
   28.01
   28.43
   24.92
   24.61
   35.71
   30.44
   30.27
   39.08
   50.49
   61.31
   38.28
   79.54
   37.89
   34.69
   34.24
   58.90
   34.35
   34.26
   43.10
   42.62
   39.28
   39.62
   38.31
   39.13
   42.56
   54.26
   57.23
   56.49
   55.36
   55.47
   46.33
   47.18
   64.25
   74.30
   84.67
   86.20
   75.44
   44.32
   45.08
   54.82
   44.91
   54.85
   46.35
   48.65
   57.09
   63.88
   49.10
   54.45
   45.02
   46.84
   46.35
   44.83
   46.35
   45.14
   46.55
   45.56
   45.28
   45.84
   45.59
   46.27
   45.56
   46.21
   46.27
   45.14
   45.79
   46.55
   45.79
   48.11
   50.32
   55.36
   46.50
   45.82
   46.04
   45.96
   46.38
   50.15
   45.39
   44.88
   46.18
   45.36
   46.07
   45.82
   45.84
   45.48
   45.59
  115.93
   53.69
   61.67
   90.16
   78.55
   93.81
   48.37
   48.76
   48.68
   48.39
   48.39
   48.85
   48.14
   47.80
   49.07
   48.28
   48.17
   48.14
   46.67
   47.69
   48.99
   48.87
   48.39
   48.39
   48.08
   48.11
   48.82
   48.59
   48.96
   48.25
   47.80
   49.10
   48.28
   49.07
   49.07
   49.36
   48.65
   48.68
   48.76
   49.87
   49.58
   49.33
   49.04
   48.76
   48.85
   48.85
   48.82
   48.45
   47.91
   47.69
   48.70
   51.00
   48.76
   48.34
   48.48
   48.65
   48.62
   48.31
   48.39
   48.08
   48.54
   48.59
   48.34
   48.76
   50.46
   48.82
   48.76
   48.85
   49.84
  102.65
   91.44
   70.06
   64.22
   87.39
   97.64
  100.44
  117.40
   96.50
   73.94
   70.85
  104.69
  105.23
   98.80
   96.59
   86.82
   47.20
   46.86
  106.56
  115.76
  120.63
  115.05
  113.66
   87.67
   51.42
   66.23
   75.01
   84.75
   92.96
  131.73
   97.21
   96.96
   85.23
   84.95
   97.18
   84.36
   87.41
   50.89
   50.72
   82.01
   70.59
  104.12
   62.50
   68.22
   51.31
   53.66
   90.81
   92.99
   99.68
   78.52
  117.66
   83.65
   60.51
   60.77
   56.15
   89.08
   79.49
   87.16
   47.97
   49.19
   52.81
   52.61
   24.61
   24.49
   24.44
   24.47
   24.41
   41.09
   56.52
   59.81
   44.37
   66.01
   45.93
   52.47
   32.08
  120.60
   81.44
   87.98
   60.03
   68.61
   85.72
   36.87
   43.21
   48.25
   36.59
   38.28
   24.13
   24.21
   29.02
   24.27
   23.76
   24.13
   24.30
   24.38
   24.04
   24.52
   23.98
   39.81
   24.44
   23.42
   24.15
   24.41
   50.06
   76.71
   24.27
   56.01
  156.88
  120.49
  118.11
  155.77
   97.21
  104.55
  132.66
  126.46
   90.22
   90.64
   94.44
  107.75
  158.09
  103.61
  133.91
   91.21
   91.92
   63.91
   64.19
   71.81
   68.07
  152.29
   23.87
   25.43
   23.81
   24.15
   80.48
   23.96
   31.94
   25.20
   24.10
   23.90
   71.22
   63.80
   48.51
   63.49
   24.41
   24.07
   54.45
   27.52
   23.76
   80.82
  108.48
   82.32
  127.26
  165.91
  211.56
  185.84
  215.89
  370.10
  397.51
  399.35
  381.68
  331.53
  272.86
  269.01
  311.77
  394.96
  391.68
  313.27
  274.50
  273.43
  269.55
  269.97
  226.17
  224.92
  261.28
  185.79
  181.28
  185.42
  192.58
  186.75
  103.05
  109.02
  113.49
  101.69
  108.40
   92.62
   59.30
   39.67
  117.71
  101.86
   97.38
   93.02
   94.89
   85.06
   45.11
   59.41
   99.25
  116.24
   96.76
   91.44
   61.28
   68.19
   78.78
   87.56
   84.87
   67.39
   60.77
   57.17
   48.22
  141.75
   96.53
   60.65
   97.49
   89.74
   60.29
   61.05
   73.17
   69.40
   73.26
   69.52
   76.80
   42.48
   32.48
   56.07
   76.23
   82.86
   75.95
   68.84
   67.99
   60.91
   61.14
   84.10
   85.15
   72.55
   60.34
   47.29
   47.77
  100.10
  101.35
  118.68
  114.51
   94.92
   62.21
   60.46
   89.31
   94.44
   93.28
   92.74
   93.93
   68.72
   58.62
   84.44
   92.60
   82.23
   80.42
   83.56
   87.81
   77.50
   87.19
   93.02
   93.42
   84.78
   83.51
   74.53
   56.35
  108.20
   92.48
   72.32
   75.18
   73.62
   66.74
   65.86
   64.82
   65.30
   65.50
   64.19
   73.31
   50.72
   51.28
   66.01
   81.01
   65.98
   56.12
   86.08
   51.73
   55.70
   59.92
   55.95
   57.54
   56.78
   57.14
   56.38
   57.57
   56.21
   56.35
   55.08
   52.81
   51.54
   51.23
   51.76
   51.54
   61.39
   51.37
   58.45
   51.42
   51.82
   51.71
   87.02
   51.62
   51.93
   51.23
   51.34
   51.68
   51.59
   51.56
   51.76
   51.71
   51.71
   51.99
   51.62
   51.59
   52.10
   51.73
   51.82
   51.93
   51.59
   51.82
   51.90
   52.10
   52.53
   78.13
   73.34
   58.53
   52.36
   52.16
   54.48
   56.01
   57.57
   52.33
   53.69
   53.15
   54.03
   79.77
   65.55
   77.73
   79.54
   80.87
   50.12
   52.61
   50.29
   50.38
   61.53
   50.38
   50.38
   50.38
   50.38
   50.38
   50.38
   50.38
   50.35
   50.38
   50.38
   50.38
   50.38
   50.38
   50.38
   50.38
   50.38
   50.38
   50.38
   50.38
   50.38
   40.95
   39.36
   39.36
   39.36
   39.36
   39.36
   42.50
   42.50
   42.50
   42.50
   42.50
   42.50
   41.82
   39.39
   42.50
   42.50
   42.50
   42.50
   42.50
   42.50
   42.50
   42.50
   39.36
   39.36
   39.36
   39.36
   39.36
   39.36
   39.36
   39.36
   39.36
   39.36
   39.36
   55.95
   39.36
   39.36
   39.36
   39.36
   28.09
   24.24
   24.47
   39.36
   24.58
   23.98
   24.41
   24.78
   23.84
   23.87
   24.24
   40.01
   53.07
   53.69
   24.35
   53.43
   62.01
   60.74
   42.50
   67.90
   43.47
   43.13
   43.75
   42.76
   33.16
   24.10
   24.21
   51.65
   24.52
   24.07
   24.30
   40.83
   49.21
   27.92
   33.75
   33.24
   33.58
   33.75
   33.58
   33.70
   49.84
  170.86
   34.12
   34.55
   36.08
   34.55
   46.52
   31.71
   73.71
   24.52
   27.55
   34.24
   34.35
   33.13
   33.81
   33.53
   33.73
   34.01
   33.13
   33.53
   44.06
   50.69
   33.22
   33.33
   33.75
   32.96
   39.59
   36.10
   36.76
   36.70
   36.22
   36.42
   35.76
   54.34
   37.41
   37.07
   35.71
   36.95
   36.90
   35.54
   35.71
   36.25
   29.73
   30.47
   30.04
   33.73
   33.22
   22.57
   39.96
   32.90
   36.42
   37.29
   37.43
   40.66
   42.08
   48.11
   42.56
   40.86
   40.66
   39.42
   38.77
   34.35
   27.92
   23.45
   23.59
   23.96
   23.96
   23.79
   23.98
   24.30
   26.48
   30.02
   33.13
   34.57
   36.90
   36.19
   24.61
   24.69
   25.85
   23.45
   26.79
   26.36
   26.96
   26.53
   27.64
   32.56
   27.41
   24.07
   27.69
   32.20
   31.01
   27.75
   23.84
   28.26
   28.37
   25.74
   25.43
   24.30
   23.98
   24.21
   24.41
   23.87
   24.30
   33.27
   24.15
   24.38
   24.52
   24.69
   24.49
   24.21
   26.31
   28.15
   26.11
   28.23
   28.20
   31.71
   34.26
   34.55
   36.42
   45.84
   44.94
   45.28
   44.60
   44.40
   44.60
   46.13
   46.41
   47.26
   47.60
   48.00
   47.66
   47.49
   49.38
   51.65
   47.40
   41.77
   41.29
   42.16
   40.97
   54.71
   37.12
   38.77
   39.45
   39.47
   39.13
   38.60
   38.62
   38.60
   39.08
   39.76
   40.12
   40.18
   40.61
   40.24
   38.37
   36.67
   37.18
   37.41
   37.55
   37.94
   36.53
   36.10
   34.18
   34.24
   34.35
   35.65
   41.29
   40.78
   40.46
   39.39
   38.91
   39.13
   37.72
   37.86
   36.67
   37.43
   36.93
   37.15
   37.49
   37.29
   36.84
   35.23
   35.45
   35.71
   35.48
   36.02
   36.81
   38.06
   36.10
   35.65
   35.25
   35.48
   37.27
   38.28
   44.77
   36.47
   42.59
   38.96
   37.24
   37.15
   37.12
   36.33
   34.01
   33.90
   34.63
   35.57
   36.19
   29.76
   23.56
   23.36
   23.39
   31.40
   32.20
   30.67
   26.08
   24.69
   25.23
   33.53
   30.16
   29.70
   29.42
   29.70
   34.41
   37.35
   37.35
   37.21
   36.42
   33.67
   27.55
   23.16
   32.51
   39.39
   27.52
   29.82
   27.72
   25.91
   25.97
   24.30
   25.51
   26.16
   26.39
   27.16
   27.33
   26.93
   26.25
   26.45
   27.33
   28.63
   29.05
   29.99
   30.44
   27.10
   26.84
   26.65
   32.25
   34.94
   32.28
   29.08
   30.21
   29.36
   29.90
   30.64
   31.09
   26.31
   24.81
   23.76
   24.81
   24.83
   24.18
   27.10
   29.79
   28.23
   26.70
   27.84
   26.99
   24.66
   22.99
   23.81
   23.47
   23.59
   23.42
   23.28
   23.33
   23.64
   23.45
   23.08
   23.96
   23.59
   23.33
   22.94
   23.02
   23.08
   23.25
   22.82
   23.05
   22.96
   23.05
   24.01
   24.27
   23.13
   22.85
   22.99
   23.13
   22.82
   23.13
   22.85
   23.19
   23.42
   23.42
   23.02
   23.62
   22.96
   23.02
   23.13
   23.30
   23.11
   23.33
   22.94
   23.05
   23.02
   23.13
   23.05
   23.28
   23.28
   23.28
   23.56
   23.39
   23.45
   23.28
   22.99
   22.88
   23.28
   23.22
   23.53
   23.28
   23.22
   39.98
   23.64
   23.45
   23.81
   23.33
   23.13
   23.25
   23.22
   23.39
   23.08
   23.13
   54.96
   55.67
   46.52
   24.21
   23.79
   23.39
   23.42
   23.67
   23.25
   23.22
   22.99
   23.25
   23.08
   23.39
   23.22
   23.16
   23.08
   23.28
   23.22
   23.25
   23.28
   23.36
   23.64
   23.56
   23.59
   23.59
   23.42
   23.39
   23.59
   23.70
   23.67
   23.42
   23.19
   23.67
   23.62
   59.01
   92.03
   46.78
   83.22
   80.65
   23.62
   23.64
   42.31
   93.36
  142.49
   89.37
   51.45
   23.42
   23.56
   23.47
   72.94
  140.93
   37.24
   30.07
   23.36
   23.56
   22.82
   40.83
   25.54
   42.39
   24.78
   23.87
   21.10
   22.60
   23.67
   23.16
   23.76
   23.36
   23.33
   23.08
   23.08
   23.33
   23.28
   23.22
   22.99
   23.05
   22.82
   22.96
   22.99
   22.82
   22.82
   22.60
   22.82
   22.80
   23.16
   80.53
   83.79
   23.45
   23.36
   23.08
   23.16
   23.67
   23.28
   24.21
   28.20
   27.72
   32.54
   35.65
   31.63
   26.65
   29.36
   25.71
   25.77
   25.15
   25.06
   23.87
   82.40
  180.43
  156.45
  178.51
  138.81
  137.42
  195.16
  234.44
  134.25
  191.42
  167.61
  132.72
  134.84
  130.06
  130.60
  109.30
  110.41
  129.41
   28.88
   29.00
   80.62
   32.28
   31.97
   56.21
   75.69
   81.35
   44.46
   38.51
   64.59
   63.17
   74.11
   68.33
   59.72
   46.13
   35.62
   34.35
   33.98
   43.89
   22.80
   22.77
   23.08
   53.77
   69.83
   96.53
   74.53
   23.28
  116.04
  169.33
   23.67
   81.41
   46.52
   79.17
   91.97
   94.32
   92.88
  112.08
  112.45
  105.68
  104.49
  116.41
   67.93
   68.58
  122.44
   58.67
   92.99
  113.89
  133.46
  113.35
  135.04
  125.92
  114.60
  133.71
  135.13
  113.69
   77.81
   57.48
   83.03
  105.48
  103.55
  101.40
  119.92
   55.27
   52.70
   87.90
   89.71
   92.03
  100.33
   97.41
   73.91
   73.77
  103.10
   95.12
   98.40
   94.58
   99.79
   57.94
   56.95
   57.17
   47.15
   46.52
   49.92
   49.75
   48.70
   48.85
  114.09
  118.51
  115.65
  108.31
   94.72
   73.71
   64.68
  114.71
  125.90
   82.09
  105.57
  141.30
  116.67
  118.48
  111.20
   97.81
   91.61
   80.76
   99.25
   94.75
   56.63
   55.90
   98.15
   98.23
  105.88
  116.44
   54.42
   53.94
   88.86
   92.60
  100.92
   81.04
   84.24
   98.17
   97.64
  113.30
   95.23
   86.39
   88.41
   90.10
   68.75
  104.04
  122.19
  100.61
  120.40
  115.65
  113.04
  124.91
  120.40
  164.66
  138.19
  129.32
  136.15
  128.45
  114.20
  117.71
  111.57
  109.36
   80.87
   97.58
   97.98
   84.95
   82.49
   99.36
  114.17
  117.83
  122.24
  121.59
   99.90
   97.69
   96.22
  109.36
   97.10
   99.19
  102.39
   56.07
   89.85
  108.31
   98.43
   95.57
   69.49
   78.75
   54.54
   54.03
   63.01
   62.78
   67.76
   79.09
   82.52
   47.03
   45.79
   23.22
   81.86
  133.00
  140.00
  162.43
  142.04
  102.59
   85.23
   81.44
   83.70
   86.96
  145.72
   79.29
   78.72
   91.15
  106.13
  109.98
  124.31
  124.57
   80.31
   79.68
  126.92
  136.23
   81.24
   66.69
  118.76
   21.58
   20.93
   74.47
  123.18
  136.46
  182.25
  128.39
   91.94
   86.93
  125.16
   84.47
  114.63
  140.62
  185.16
  191.14
  161.75
   80.79
   49.02
   29.82
   29.34
   29.28
   29.39
   29.53
   29.00
   80.45
   71.90
   76.63
   74.81
   60.71
   60.77
   69.55
  101.32
  154.64
  116.89
  116.04
   66.15
   65.89
   52.19
   51.73
   51.73
   37.21
   66.49
   59.07
   43.27
   51.00
   50.32
   59.72
   79.29
  130.85
   78.86
   46.13
   71.50
   93.47
  154.75
  162.40
  162.99
  108.99
   78.15
  124.76
  130.77
  147.87
  141.07
  162.60
   86.73
  164.35
  158.89
  193.72
  186.98
  167.52
  229.28
  222.85
  224.98
  231.77
  237.10
  204.39
  202.95
  158.72
  111.29
  109.93
  147.96
  170.92
  146.68
   95.14
   64.68
   73.82
  100.27
   87.22
  106.61
   96.28
   83.90
   83.31
   26.53
   26.73
   27.10
   26.93
   30.89
   35.00
   76.06
  211.70
  206.18
  196.21
  168.37
  197.65
  173.84
  116.04
   27.16
   27.27
   74.11
   76.00
   70.45
   63.03
   68.22
   27.13
   27.18
   26.93
   61.59
   99.99
   50.74
   96.56
   27.52
   27.27
   43.95
   40.80
   41.14
   41.14
   41.06
   26.50
   27.69
   27.18
   26.96
   27.35
   57.60
   27.50
   27.10
   33.39
   34.69
   69.18
   85.60
  107.18
   79.71
   34.15
   35.25
   50.06
  101.88
  115.76
  121.42
  140.62
  147.98
  112.19
  108.68
  163.81
  153.51
  159.14
  182.98
  129.41
  119.84
  120.37
  118.11
  128.25
  129.32
   62.81
   58.45
   59.01
  102.42
   85.63
   97.72
  115.31
  149.29
   55.81
   55.56
   54.54
  135.75
  190.97
  166.98
  172.96
  142.80
  100.75
  100.19
   75.32
   74.84
   94.72
  109.16
   83.76
   66.15
   82.83
   69.43
   63.01
   75.78
   65.64
   80.84
   76.34
   82.29
   85.89
   87.92
   83.68
   65.55
   65.64
   67.05
   69.57
   68.10
   69.43
   60.23
   58.45
   54.17
   54.65
   54.26
   53.66
   52.53
   52.50
   53.21
   51.62
   51.14
   66.74
   74.42
   73.57
   56.27
   57.91
   59.64
   59.38
   59.18
   59.41
   60.09
   60.60
   58.76
   57.26
   60.80
   58.02
   60.48
   60.94
   58.16
   57.77
   67.14
   60.71
   58.28
   57.45
   59.38
   58.81
   59.01
   58.87
   58.67
   59.38
   59.66
   59.35
   58.36
   58.22
   58.87
   59.15
   59.10
   72.60
   65.67
   58.19
   58.42
   58.45
   59.38
  103.58
   89.28
   59.55
   73.11
   59.32
   73.65
   73.62
   88.49
   80.73
   78.86
   58.36
   62.41
   59.27
   57.91
   57.65
   58.33
   89.20
   89.34
   97.81
   60.43
   60.68
   88.07
   86.59
   55.08
   53.97
   53.83
   53.21
   52.27
   54.34
   54.71
   54.88
   75.63
  114.68
   53.43
   53.94
   74.02
   53.66
   53.24
   52.19
   76.29
   53.49
   53.72
   54.37
   54.26
   52.95
   54.06
   58.30
   53.49
   52.36
   54.06
   51.93
   76.85
   51.79
   51.76
   45.53
   42.42
  114.85
  116.18
  123.80
  127.20
  152.00
  121.82
   43.01
  129.41
   42.62
  122.81
  122.24
  115.16
   41.77
   44.60
   64.39
   63.83
   42.28
   40.61
   40.72
   42.33
   44.43
   77.42
   97.92
  105.00
  125.33
  125.36
   52.27
   52.78
   51.31
   51.20
   39.70
   41.34
   41.48
   47.63
   76.43
   76.06
   46.75
   45.59
   45.82
   47.46
   54.68
   50.12
   46.13
   46.67
   46.67
   47.69
   48.62
   48.20
   48.85
   48.82
   72.46
   48.03
   47.74
   47.18
   43.69
   43.52
   44.00
   44.88
   44.23
   45.68
   44.83
   44.40
   45.56
   44.51
   53.66
   43.81
   42.48
   42.87
   21.32
   21.07
   30.87
   21.32
   21.35
  120.71
   92.17
   88.49
   88.91
  166.36
  105.51
  103.61
  105.17
  139.29
  118.96
   61.79
   85.52
   97.86
  102.99
  104.86
   71.75
   41.37
   41.14
   80.25
  108.91
   99.17
  103.87
   85.57
   65.86
   49.53
   65.04
  101.52
  113.10
   74.78
   21.89
   24.21
   24.61
   50.32
   23.70
   24.95
   84.50
   74.08
   24.10
   24.01
   51.14
   25.71
   25.60
   25.74
   66.23
   25.51
   25.32
   25.54
   25.12
   23.87
  141.67
  183.72
  124.11
   32.11
   76.20
  107.29
  174.57
  198.33
  215.89
  236.93
  191.82
   77.84
  147.02
  123.29
  140.08
  145.92
  112.96
  183.52
  170.69
  168.63
  182.08
  171.63
  197.31
  126.43
  124.62
  116.81
  118.36
  136.97
  119.67
  176.07
  192.10
  117.46
  118.25
  126.58
  119.75
  118.14
  115.25
   99.82
   83.31
  136.37
  134.62
  142.52
  168.57
  205.52
  224.72
  216.23
  228.32
  231.15
  230.27
  232.93
  231.32
  178.31
  173.98
  148.10
  117.74
   70.03
  103.44
   64.56
   56.29
   50.66
   56.18
   50.91
   45.11
   46.44
   53.46
   23.22
   77.62
   72.26
   70.71
   89.62
   92.03
   75.97
   23.87
   23.81
   27.55
   40.72
   69.21
   76.82
   78.04
   30.64
   29.68
   31.55
   28.52
   25.97
   26.62
   28.40
   35.00
   40.27
   36.44
   28.66
   33.24
   24.44
   23.81
   23.64
   23.87
   24.04
   23.98
   40.75
   32.22
   45.84
   29.22
   29.59
   36.98
   38.37
   95.29
  107.97
   88.83
   51.93
   34.80
   54.42
   84.70
   72.97
  108.31
   75.80
   26.08
   25.94
   37.35
   38.71
   35.42
   35.20
  100.47
   35.17
   35.45
   38.96
   49.27
   97.13
   77.11
   85.40
   47.23
   47.35
   46.47
   81.44
   81.44
   46.55
   46.04
   45.90
   45.96
   50.43
   76.26
   80.82
   56.69
   54.51
   45.65
   45.68
   79.26
   52.47
   53.18
   52.36
   79.85
   57.74
   54.09
   54.06
   52.07
   57.14
   55.53
   53.49
   53.12
   58.22
   55.64
   52.41
   53.63
   92.51
   52.10
   61.70
   53.72
   53.49
   51.37
   51.28
   51.00
   53.97
   54.51
   53.35
   89.28
   78.44
   95.00
   89.68
   81.86
   50.57
   54.17
   51.34
   69.97
   50.80
  115.73
  150.33
   53.32
   54.85
   85.32
   67.37
   64.14
   65.44
   65.81
   55.39
   52.90
   65.53
   64.59
   76.77
   74.95
   76.03
   59.07
   59.01
   58.59
   62.10
   57.71
   52.64
   51.73
   53.29
   58.59
   58.67
   53.66
   54.62
   64.79
   62.92
   56.72
   56.12
  100.16
   80.99
   77.42
   64.00
   58.81
   57.23
   60.94
   70.03
   66.66
   59.24
   71.81
   59.04
   57.77
   57.54
   57.51
   58.93
   56.92
   63.15
   53.46
   47.37
   49.24
   52.16
   46.78
   47.09
   50.04
   56.38
   43.07
   43.21
   44.32
   45.08
   43.69
   37.41
   37.07
   37.10
   39.90
   38.94
   41.12
   40.04
   34.80
   37.32
   39.02
   35.40
   37.92
   34.15
   37.75
   32.25
   34.38
   30.50
   33.78
   28.23
   23.73
   24.27
   24.13
   25.23
   38.74
   40.01
   37.60
   40.15
   26.33
   26.02
   31.26
   32.20
   28.60
   29.59
   29.02
   32.65
   34.38
   39.13
   31.86
   39.36
   34.18
   39.53
   33.75
   38.91
   42.14
   39.84
   38.09
   39.90
   80.19
   81.30
   84.27
   72.01
   67.11
   67.25
   60.82
   51.88
   75.46
   93.87
  117.06
   58.90
   75.12
  103.30
  104.35
  102.73
  127.51
  131.22
   58.73
   53.89
   80.05
   94.27
  121.99
  124.08
   64.96
   81.69
   50.46
   83.85
   95.43
   61.56
  106.64
  115.28
  157.72
  130.48
  115.19
  149.00
  176.47
  150.02
  130.06
   82.03
   56.75
   65.64
   77.19
   72.97
  139.46
  129.07
   54.88
   34.86
   32.51
   27.41
   25.91
   24.64
   26.33
   24.27
   28.18
   25.23
   27.52
   26.05
   29.76
   26.82
   26.62
   25.97
   47.80
   38.91
   39.28
   39.42
   40.89
   22.65
   22.65
   22.65
   22.65
   29.39
   22.65
   22.65
   22.65
   22.65
   22.65
   22.65
   22.65
   22.65
   22.65
   22.65
   22.65
   22.65
   22.65
   29.31
   22.65
   22.65
   22.65
   22.65
   22.65
   22.65
   22.65
   22.65
   22.65
   22.65
   22.65
   22.65
   22.65
   44.29
   72.80
   44.37
   52.84
   62.16
   42.05
   39.19
   39.76
   41.65
  102.90
   22.65
   22.65
   23.05
   24.49
   22.65
   22.65
   22.65
   22.65
   22.65
   48.45
   76.40
  101.32
  107.04
  115.39
   51.34
   23.53
   22.65
   22.65
   22.65
   22.65
   22.65
   22.65
   22.65
   29.87
   33.13
   27.81
   28.85
   33.13
   31.52
   40.29
   40.32
   40.15
   55.67
   40.15
   45.96
   40.27
   40.15
   40.18
   40.15
   40.15
   40.15
   40.15
   40.15
   40.15
   61.45
   63.57
   61.48
   56.89
   87.70
  108.77
   75.38
  106.19
  106.81
   82.91
  103.21
  107.04
   84.47
  100.78
  103.38
  103.72
   79.77
  101.35
  103.44
  102.76
   90.76
   66.49
   68.81
   65.21
   75.01
   91.21
   81.01
   64.70
   55.19
   59.13
   62.04
   69.18
   78.07
  101.94
  130.51
  218.38
  191.39
  187.23
  194.23
  226.85
  227.02
  167.95
  178.57
  183.38
  182.93
  190.57
  114.00
   73.31
   60.34
   87.56
   68.81
   69.49
   71.90
   81.35
   61.93
   66.26
   73.94
   75.18
   95.14
  106.90
   76.23
   50.12
   49.02
   74.33
   95.09
   92.20
   85.43
   90.61
   96.73
  104.23
   97.38
   98.85
  100.44
   89.57
  101.32
   75.49
   42.82
   49.53
   53.04
   67.37
   57.23
   48.62
   48.85
   49.16
   63.06
   73.74
   95.97
   99.68
   88.41
   54.00
   50.60
   70.40
   75.80
   78.18
   77.28
   67.88
   53.18
   48.87
   72.52
   76.71
   76.51
   77.62
   72.69
   48.73
   53.69
   72.29
   80.59
   98.46
   90.25
   81.18
   44.97
   45.79
   55.08
   80.96
   82.83
   80.28
   77.56
   50.23
   62.72
   52.24
   64.00
   60.29
   82.91
   47.43
   47.83
   48.54
   48.39
  106.13
  110.38
   67.00
   86.90
   61.96
   59.69
   96.14
  109.98
  121.17
  105.51
   69.43
   44.63
   79.40
   75.10
   76.00
   71.61
   66.94
   66.94
   43.41
   43.49
   44.60
   48.25
   46.50
   46.38
   47.97
   36.47
   37.27
   37.83
   76.57
   83.62
   83.51
   64.19
   43.78
   43.75
   73.94
   73.14
   71.56
   69.23
  105.31
   46.64
   50.52
   55.64
   75.18
   57.77
   62.92
   63.49
   42.48
   44.20
   48.37
   50.12
   50.18
   47.43
   46.72
   48.03
   44.94
   60.46
   69.55
   65.98
   73.28
   83.39
   48.03
   45.99
   54.40
   78.04
   74.36
   76.57
   55.30
   46.41
   47.20
   80.42
   85.97
   88.09
   88.26
   50.15
   44.85
   45.02
   44.09
   42.53
   63.09
   70.37
   71.75
   68.98
   68.95
  101.63
  109.13
  107.35
   82.18
   75.89
   52.87
   62.47
   68.05
   94.69
   86.73
   79.37
   67.76
   58.22
   66.26
   63.77
   64.42
   67.93
   67.96
   83.36
   43.75
  101.43
  222.77
  218.80
  215.63
  220.19
  222.49
  223.84
  222.03
  213.11
  214.95
  208.81
  219.17
  222.49
  115.08
   99.31
  135.27
  165.34
  174.86
  157.47
  148.13
  129.89
  131.50
  114.51
  126.75
  160.27
  132.30
  116.58
   45.99
   45.48
  120.18
  118.73
  125.08
  129.86
   94.44
   43.75
   44.68
   65.38
   88.38
   92.14
   94.49
   84.95
   22.65
   23.19
   43.78
   55.25
   44.68
   44.09
   43.86
   23.19
   23.45
   90.33
   94.63
   91.41
   32.71
   52.75
   51.96
   76.99
   41.00
   47.46
   75.04
   93.50
   86.76
   23.22
   23.64
   59.13
   68.75
   68.39
   29.14
   32.03
   40.61
   40.15
   23.79
   34.97
   38.94
   37.69
  145.61
  149.48
  130.63
  142.92
  126.29
   94.66
  116.67
  127.06
  124.96
  115.33
  149.94
  230.90
  146.57
   90.59
   87.90
   35.91
   75.44
   72.35
  106.90
  162.48
  234.15
  211.16
  147.45
  142.69
  156.62
  225.23
  231.21
  129.75
  125.64
  217.67
  219.00
  229.11
  225.29
  172.14
  187.09
  128.81
   70.23
   53.69
  122.39
  186.83
  158.52
  179.67
  147.47
   65.36
   76.03
   83.31
   74.13
   63.77
   59.24
   65.95
   23.33
   23.11
   33.98
   29.22
   34.12
   34.57
   34.43
   28.77
   22.99
   28.54
   37.24
   41.68
   50.12
   37.29
   37.21
   42.79
   44.34
   42.28
  105.25
   78.58
  112.33
   94.95
   60.23
   50.46
  108.51
  126.35
  120.74
   91.75
   46.18
   42.70
   44.54
   53.09
   82.83
   70.62
   73.45
   45.42
   58.84
   64.68
   47.83
   49.33
   49.89
   49.02
   44.71
   44.09
   44.54
   62.81
   63.23
   62.98
   62.41
   62.81
   69.55
   44.15
   47.01
   50.21
   49.58
   46.44
   44.54
   49.10
   49.81
   49.50
   49.47
   45.11
   44.77
   44.94
   44.20
   44.26
   44.80
   44.57
   47.06
   48.00
   44.15
   46.58
   54.82
   52.19
   44.57
   42.87
   41.46
   41.20
   40.95
   43.95
   47.49
   49.38
   45.42
   42.50
   45.22
   43.13
   42.96
   52.33
   52.27
   51.79
   49.70
   39.93
   44.34
   49.75
   70.45
   58.98
   51.73
   50.35
   75.01
   53.83
   53.63
   52.81
   52.30
   51.54
   46.58
   46.84
   54.37
   53.26
   52.44
   46.16
   44.46
   44.26
   44.91
   44.66
   52.27
   54.09
   51.42
   48.82
   48.82
   47.63
   49.55
   49.21
   48.99
   48.93
   74.76
   95.77
   64.73
   60.51
   90.13
  103.19
   71.67
   69.86
   86.14
   61.87
   59.64
   63.83
   69.97
   69.94
   57.14
   47.71
   47.88
   48.62
   50.06
   53.60
   51.65
   53.38
   53.09
   52.81
   53.52
   53.69
   53.21
   55.53
   48.90
   71.92
   45.62
   45.34
   45.14
   77.87
   54.68
   54.26
   79.32
   38.77
   47.54
   48.00
   48.48
   48.68
   48.05
   48.25
   47.74
   46.13
   49.87
   47.15
   48.48
   48.37
   48.03
   42.05
   43.95
   42.48
   42.65
   42.82
   42.56
   42.70
   40.92
   40.78
   42.05
   41.54
   41.54
   34.12
   35.37
   34.15
   34.12
   39.47
   36.19
   46.78
   48.99
   45.19
   41.65
   40.78
   41.80
   41.23
   40.83
   40.75
   42.19
   41.97
   42.25
   42.28
   42.16
   42.11
   42.16
   41.94
   41.77
   41.91
   41.85
   41.77
   41.91
   41.85
   41.65
   41.94
   42.59
   41.54
   41.34
   41.65
   41.43
   41.54
   41.40
  100.52
  159.37
  102.51
   42.05
   42.11
   42.14
   41.77
   40.97
   40.78
   41.40
   41.54
   41.54
   41.34
   41.23
   41.31
   41.09
   67.99
   96.96
   92.34
   74.50
   42.16
   40.86
   54.88
   54.45
   53.80
  150.31
  140.99
   63.37
   42.50
   93.36
   86.90
  139.18
   98.46
  104.04
  120.46
  153.31
  168.74
  134.11
  169.11
  154.98
  149.88
  141.87
   94.18
  138.72
  153.59
  203.09
  203.85
  127.37
   42.14
   42.14
   42.25
   41.77
   41.51
   40.97
   40.83
   40.61
   40.69
   74.93
  104.06
  104.77
  104.77
  104.77
  104.77
   41.06
   95.43
   60.12
  105.23
   81.16
  200.62
  320.55
  313.78
  313.92
  317.63
  318.11
  308.14
  313.69
  307.66
  255.67
  224.07
  194.48
  201.11
  206.88
  197.93
  145.41
  149.57
  180.01
  195.30
  218.12
  214.56
  215.21
  187.77
  126.92
  123.86
  172.93
  170.04
  169.84
  189.44
  131.76
  136.57
   75.24
   32.65
   26.53
   31.15
   25.74
   27.47
   25.63
   26.02
   27.18
   28.68
   26.96
   26.90
   26.79
   52.78
  188.90
  249.44
  243.95
  243.04
  242.11
  236.30
  227.81
  223.28
  218.75
  218.75
  223.34
  229.20
  212.80
  216.51
  218.27
  215.46
  234.75
  246.07
  239.39
  235.11
  169.42
  173.89
  197.96
  174.54
  172.59
  131.81
   61.84
   49.72
   55.84
   49.53
   54.79
   83.34
   86.03
   42.90
   38.14
   35.79
   93.13
   50.55
   59.61
   68.72
   70.93
   59.55
   68.10
   76.68
   73.60
   75.66
   85.69
   45.42
   45.34
   47.03
   61.70
   45.00
   43.95
   44.40
   27.89
   39.25
   42.42
   44.46
   40.61
   39.47
   69.32
   43.24
   37.27
   36.81
   43.15
   40.52
   42.59
   41.88
   41.68
   41.82
   41.34
   44.00
   49.50
  101.69
  125.22
   77.62
   45.22
  104.29
   62.89
   80.28
   78.95
   95.12
   46.67
   51.68
   82.06
   73.71
   73.20
   94.80
   65.24
   43.72
   55.13
  105.59
   85.66
   81.21
   79.54
   88.07
   48.08
   47.40
   44.94
   52.70
   43.64
   69.43
   86.62
   67.51
   62.24
   64.48
   75.92
   80.28
   70.11
   73.71
   41.91
   51.71
   51.20
   50.91
   68.02
   62.35
   63.40
   64.48
   87.16
  110.63
   52.58
   53.80
   53.21
   49.41
   57.43
   49.67
   52.47
   63.49
   79.57
   47.83
   73.31
   55.27
   54.00
   66.15
   72.49
   72.97
   73.51
   83.76
   54.23
   53.35
   62.18
  122.05
  160.22
   97.69
  120.12
   92.14
   74.87
  119.98
  111.57
  115.82
  117.46
  104.69
   83.70
   52.70
   78.81
   69.77
   52.56
   52.27
   52.56
   52.22
   52.33
   55.10
  115.90
   81.47
   55.47
   64.73
   52.41
   52.39
   52.41
   54.17
   55.53
   93.59
   53.77
   53.94
   54.40
   73.74
   72.89
   72.80
   72.77
   71.70
   53.58
   53.18
   71.19
   72.94
   73.57
   72.75
   77.47
   52.70
   62.01
   71.73
   54.31
   54.54
   59.83
   60.80
   53.80
   53.29
   55.22
   56.35
   52.73
   52.33
   52.44
   52.53
   52.47
   72.86
   80.00
   79.12
   80.53
   79.88
   70.76
   69.63
   70.57
   70.28
   70.28
   68.70
   81.61
   66.63
   68.78
   85.49
   83.65
   84.67
   83.56
   59.95
   59.49
   60.65
   63.40
   74.59
   75.32
   75.80
   68.19
   55.50
   57.26
   85.01
   61.76
   69.60
   53.58
   53.58
   53.49
   53.49
   53.63
   53.66
   56.29
   54.31
   52.61
   52.70
   52.61
   53.15
   52.50
   52.30
   53.15
   56.29
   53.09
   52.78
   53.89
   53.24
   53.49
   53.43
   54.26
   53.12
   53.49
  105.17
   53.04
   53.12
   53.24
   52.47
   52.64
   53.80
   53.83
   53.49
   53.15
   43.83
   43.86
   43.47
   43.78
   43.41
   43.52
   43.58
   43.61
   43.61
   39.08
   39.13
   39.05
   39.19
   39.11
   39.53
   39.64
   39.25
   39.02
   41.85
   34.52
   31.74
   31.63
   31.15
   29.70
  151.44
  211.19
  210.76
  207.25
  208.21
  202.58
  140.71
  102.11
  121.34
  131.42
  135.89
  160.30
  145.69
   90.13
   70.93
  118.51
  115.08
   36.59
  108.82
   95.60
   63.23
   64.00
  123.69
  123.80
  121.68
  119.19
   87.90
   85.43
   81.38
   89.99
   78.13
   76.09
  169.02
  179.16
  146.68
  150.42
  147.73
  134.87
  130.65
  146.65
  132.92
   71.64
   48.82
   59.18
   58.13
   76.82
  126.04
  123.01
   38.09
   43.58
   90.98
   82.86
   89.93
   92.54
   88.66
   74.33
   77.28
   82.97
   98.74
  128.53
  118.22
   97.44
   36.50
   36.47
   43.66
   35.37
   45.90
   52.53
   49.81
   29.34
   29.62
   31.01
   24.13
   23.64
   23.67
   23.59
   23.13
   23.93
   23.08
   26.99
   23.13
   23.16
   23.08
   23.28
   23.22
   25.91
   26.31
   25.91
   25.88
   26.11
   30.27
   30.89
   31.15
   31.32
   31.38
   35.23
   31.01
   31.29
   31.18
   31.21
   31.04
   23.08
   23.19
   23.22
   23.28
   23.22
   23.11
   23.05
   23.33
   23.02
   23.05
   23.30
   23.19
   23.13
   23.33
   23.19
   23.30
   34.63
   25.40
  140.93
  219.80
  134.50
   97.04
   77.56
   36.30
   57.82
   41.91
   45.17
   37.92
   53.24
   45.08
   40.52
   23.22
   23.25
   23.11
   28.63
   27.38
   31.63
   31.46
   29.11
   29.28
   63.97
   96.02
  100.44
   98.77
   85.23
   47.09
   46.75
   66.20
   61.05
   89.17
   67.39
   58.25
   46.30
   46.52
   46.72
   72.24
  125.19
  107.60
   93.53
   54.76
   62.18
   69.74
   69.15
   98.68
   97.49
   98.49
   89.14
   99.65
   99.00
   98.06
   99.34
  107.52
  105.28
  105.51
  104.91
  104.60
   99.79
   92.20
  101.37
  103.24
   97.98
   99.93
   98.94
   99.31
   94.55
  101.49
  102.00
   62.58
   71.44
   71.84
   72.49
   77.28
   75.07
   70.57
   74.87
   62.86
   85.23
   78.64
   66.63
   71.98
   70.79
   69.43
   59.01
   66.97
   68.10
   74.28
   75.44
   58.56
   53.58
   53.43
   70.23
   74.02
   67.17
   65.19
   53.60
   53.55
   53.24
   53.26
   53.92
   53.41
   52.90
   53.21
   52.81
   53.04
   68.39
   68.61
   69.69
   70.62
   70.03
   53.38
   53.38
   70.54
   69.72
   69.74
   71.47
   61.82
   53.80
   53.80
   51.88
   57.82
   68.92
   68.64
   87.19
   69.46
   70.00
   70.62
   70.42
   70.96
   70.96
   70.93
   70.76
   64.76
   54.51
   54.31
   54.14
   46.47
   46.55
   46.78
   47.32
   47.03
   46.67
   76.34
   91.46
   90.84
   52.24
   52.22
   52.61
   52.36
   52.16
   52.27
   52.22
   52.33
   52.56
   52.41
   52.50
   52.47
   60.29
   57.99
   59.18
   59.15
   58.81
   58.64
   69.12
   61.70
   65.27
   45.93
   46.01
   45.05
   55.22
   57.94
   47.46
   47.06
   57.26
   54.51
   77.96
   86.03
  136.71
  116.98
   78.04
   53.55
   77.56
   68.53
   65.19
   80.31
   81.01
   70.68
   66.86
   51.99
   51.71
   54.31
   52.05
   51.56
   51.23
   51.62
   50.86
   51.06
   54.40
  120.12
   90.81
  101.69
   53.97
   54.40
  129.83
  127.96
  125.16
   96.56
  104.06
   49.55
   48.34
  100.24
  102.65
  101.60
   96.70
   97.30
   49.13
   48.99
   71.92
   72.26
  111.91
  123.04
  127.88
   61.53
   60.17
   50.52
   80.25
  121.08
  124.11
  121.96
   49.95
   49.50
   47.94
   80.67
   77.36
  125.25
  101.71
   39.02
   38.88
  112.79
   90.76
   88.58
   88.35
   85.23
   28.88
   30.21
   71.10
   38.20
   50.57
   55.16
  154.38
  219.43
  217.30
  221.55
  193.04
  147.93
  220.87
  165.14
  183.78
  226.79
  238.23
  231.97
  233.90
  233.64
  230.61
  228.91
  229.56
  232.82
  186.89
  150.62
  196.60
  154.02
  130.94
  132.38
  186.24
  228.23
  227.33
  222.12
  231.69
  228.97
  231.63
  141.47
  145.58
  164.12
  152.37
   85.21
   31.63
   36.13
   68.67
   87.61
   82.60
   73.03
   72.94
   58.19
   61.76
   66.74
   39.53
   46.35
   51.76
   85.15
   58.47
   36.95
   36.95
   27.10
   23.19
   23.96
   23.16
   23.45
   23.36
   23.19
   23.79
   23.64
   23.50
   23.62
   23.56
   23.62
   23.45
   23.81
  102.54
   98.91
   72.89
   24.27
   50.97
   50.77
   55.05
   54.93
   55.16
   54.68
   53.15
   52.39
   54.54
   49.27
   62.72
   23.39
   23.67
   23.45
   23.50
   23.50
   23.42
   23.25
   23.30
   23.33
   23.16
   24.41
   84.47
   46.78
   25.32
   24.38
   24.15
   24.38
   24.52
   30.38
   56.41
   51.17
   23.30
   43.35
   23.81
   29.19
   23.45
   23.36
   65.44
   75.07
   74.73
  109.81
   91.12
   84.10
   62.98
   59.95
   58.93
   77.62
   55.50
   43.30
   66.43
   75.15
   67.45
   86.90
   52.50
   87.67
  171.15
  295.71
  288.27
  261.70
  220.62
  181.34
  145.32
  146.60
  146.17
  133.00
  110.32
  111.62
  111.65
  111.91
  111.71
  110.92
   85.09
   82.52
   87.87
  105.20
   78.49
   70.71
   82.57
   80.11
   99.90
   86.31
   85.23
  102.62
   94.44
   80.93
   94.27
   95.43
   84.55
   52.41
   68.64
   53.60
   74.84
   67.88
   80.99
  101.18
  101.63
   50.94
   50.83
   51.17
   70.85
   63.06
   62.78
   72.38
   71.67
   50.43
   49.50
   75.55
  111.54
  111.14
  110.78
   76.60
   50.72
  107.72
  104.18
   99.93
  103.55
  110.69
   49.84
   49.95
   50.57
   49.61
   49.98
   87.24
  111.60
   50.77
   50.12
   64.99
   63.97
   83.62
   78.24
   69.46
   51.51
   53.32
   99.05
  110.58
  110.27
  106.70
  107.86
   73.20
   65.70
   91.38
  104.46
  109.93
  100.72
  115.99
   54.54
   56.78
   92.11
   77.14
   84.81
   98.37
   87.67
   58.45
   57.51
   55.73
   66.94
   84.50
   93.19
   92.28
   50.21
   48.99
   84.75
  106.30
   88.26
   81.10
   77.98
   49.67
   59.21
   98.06
   93.47
   71.81
  101.35
  100.04
   51.25
   50.46
   80.67
   56.89
   74.67
   69.69
   89.00
   49.95
   50.04
  121.14
   99.79
  103.21
  122.19
   86.25
   48.93
   50.77
   83.36
  135.61
  107.58
   90.98
   92.74
   49.30
   48.85
   96.22
  102.65
   91.69
  108.14
   84.84
   50.15
   49.95
   59.32
   59.86
   49.67
   49.64
   49.30
   49.53
   52.13
   50.52
   50.63
   48.96
   48.28
   48.48
   65.27
   52.64
   67.73
   83.08
   69.91
   91.44
   98.63
   49.58
   32.99
   33.19
   32.90
   99.14
  112.98
  112.42
   50.01
   49.27
   84.64
   84.13
  106.84
   86.62
  122.98
   49.41
   50.35
  142.63
  178.74
   88.41
   91.38
   94.92
   94.58
   95.48
  209.23
   85.57
  100.02
  105.82
  119.75
   56.63
  132.61
  122.22
  115.28
  120.52
  128.11
  169.05
   50.26
   50.15
  104.21
  106.56
  184.40
  181.45
  175.82
   84.61
   83.22
  126.77
  116.89
  119.95
  165.80
  109.73
   61.67
   53.12
   52.81
   52.61
   52.58
   52.19
   51.96
   52.07
   52.47
  138.67
  133.94
  169.62
  184.23
  204.82
  146.03
  145.29
  138.92
  149.71
  107.49
  112.70
  140.22
  118.56
   88.09
   74.64
   72.63
   69.06
  123.89
  106.87
   79.34
   52.19
   75.69
  102.68
  197.96
  178.31
  117.06
   53.35
   52.67
   52.02
   52.24
  127.14
   64.42
   51.20
   50.97
   50.35
   66.12
   52.22
   59.78
   73.51
   64.51
   53.83
   51.40
   66.63
   52.36
   33.84
   34.29
   33.41
   32.96
   32.82
   49.47
   49.07
   50.52
   51.71
   51.23
  207.90
  225.57
  129.49
  166.25
  131.39
  204.76
   80.90
  113.81
  125.56
  109.42
  103.05
  134.62
  164.61
  129.49
  100.78
   76.23
  113.58
  101.03
  171.32
  210.93
   33.75
   34.32
   33.50
  103.92
  183.66
   68.98
  122.33
   45.51
   65.38
   34.63
   53.01
   80.25
   57.14
   58.39
   52.41
   51.62
   36.13
   38.62
   39.76
   35.00
   34.77
   37.10
   32.82
   36.56
   37.15
   37.80
   24.55
   24.18
   40.83
   40.27
   39.62
   40.12
   39.45
  100.47
  107.43
   70.93
   34.77
   45.05
  122.81
   81.89
   90.36
  101.03
   90.30
   83.79
   53.18
  111.68
   85.86
   94.49
   66.80
   59.04
   48.59
   49.92
   61.93
   67.20
   64.22
   63.15
   65.10
   36.70
   35.93
   36.08
   36.81
   66.12
   52.44
   63.12
   65.38
   56.92
   69.35
  227.04
  242.70
  226.59
  213.65
  193.80
  190.29
  115.11
  137.05
  138.41
  146.14
  129.83
   96.79
   54.45
   76.34
   76.57
   76.31
  101.91
  128.11
   70.71
   71.02
   75.27
   71.10
   75.12
   67.48
   67.88
   59.81
   50.46
   83.73
  104.35
   89.85
   46.98
   46.10
   46.27
   65.07
   86.48
  102.42
   95.37
   49.53
   48.65
   49.33
   36.76
   60.23
   57.51
   62.92
   73.51
   74.84
   68.33
   65.41
   90.73
   94.92
   61.62
   64.11
   69.38
   58.79
   55.56
   75.46
   77.25
   96.05
   91.55
   84.33
   85.04
   82.18
  110.69
   73.14
   64.36
   64.93
   90.93
   65.16
   64.45
   78.47
   93.47
   71.50
   76.12
   66.12
   46.44
   48.34
   51.17
   71.42
   81.41
   76.12
   85.35
   49.78
   69.04
   69.40
   61.16
   71.73
   75.83
   64.36
   49.02
   47.37
   62.38
   65.78
   99.17
  105.03
   75.15
   74.61
   44.32
   41.68
   75.69
   72.12
   44.88
   95.68
   45.34
   45.00
   71.25
   66.09
   70.62
   70.31
   67.48
   45.17
   44.88
   69.55
   69.06
   68.36
   64.53
   51.11
   51.28
   50.43
   79.03
   73.23
   67.62
   96.05
   46.27
   48.93
   45.02
   64.28
   76.31
   71.50
   45.68
   45.08
   45.59
   46.27
   89.65
   84.58
  130.85
   67.39
   62.18
   45.48
   44.91
   47.71
   47.69
   64.36
   64.85
   83.73
   44.20
   43.27
   72.55
   81.89
   84.04
  139.23
   58.25
   44.68
   46.33
   84.75
   82.83
   99.90
  102.88
  109.05
   44.85
   45.84
   73.99
  154.21
   69.49
   81.58
  168.88
   40.69
   41.88
   42.33
   44.09
   48.00
   54.11
   47.35
   47.69
   47.74
   68.56
   48.45
   47.09
   45.96
   44.91
   43.86
   44.51
   43.32
   44.00
   43.52
   43.64
   43.64
   44.60
   44.71
   44.94
   44.85
   44.54
   45.17
   44.68
   45.90
   44.49
   44.97
   43.81
   43.95
   44.49
   45.14
   37.63
   39.25
   37.80
   38.48
   38.65
   38.11
   37.35
   37.60
   37.86
   37.94
   36.95
   38.37
   35.20
   39.05
   37.66
   37.07
   39.16
   37.80
   39.02
   37.04
   38.51
   37.21
   38.26
   37.55
   36.76
   37.43
  150.33
  148.75
   37.58
   37.24
   71.02
   64.34
   54.34
  140.90
   80.02
   46.21
   45.11
   44.66
   45.22
   44.06
   40.24
   44.06
   35.68
   25.15
   23.64
   33.02
   73.68
   73.88
  100.69
  136.20
  132.66
  152.85
  154.07
  155.97
  155.32
  154.21
  109.61
   87.02
   95.82
  119.84
  132.69
  120.29
  132.49
  106.36
  101.18
  114.34
  157.84
   79.03
  118.14
   57.23
   48.90
   48.31
  123.94
   63.43
   85.26
   99.70
   98.49
   49.02
   47.91
   48.62
   47.18
   47.54
   47.46
   47.97
   47.37
   47.43
   37.77
   57.48
   61.45
  111.09
  124.51
   24.61
   25.03
   50.66
   92.28
   28.06
   54.71
   51.11
  109.16
  159.65
  158.57
  150.53
  159.62
  156.62
   89.96
   50.18
   50.35
   57.14
  104.23
   50.32
   37.18
   37.43
   48.08
   48.37
   71.67
   74.59
   74.73
   86.59
   90.73
   79.34
   61.14
   74.47
   91.46
  112.25
  113.69
  249.13
  248.68
  247.72
  242.59
  234.69
  235.06
  232.14
  244.74
  249.02
  211.10
  218.83
  177.94
  198.13
  211.53
  207.73
   91.35
   50.91
  188.28
  127.00
  148.10
  142.60
  239.19
  146.85
  165.03
  233.90
  246.44
  240.35
  239.82
  233.08
  120.88
  118.39
  121.71
  134.34
   24.86
   25.40
   25.57
   95.06
  114.65
  126.09
  122.36
  176.73
  182.36
  128.45
  148.27
  126.63
  168.82
  169.42
  125.98
  119.27
  205.47
  130.12
  100.44
   81.10
  171.32
  114.99
  131.79
  164.52
  124.57
  179.08
  191.22
  163.39
  168.17
  163.95
  152.85
   50.29
   47.49
  109.30
  151.89
  166.08
  111.31
  138.84
   74.64
   45.42
  117.57
  101.06
  157.02
  123.60
   75.61
   48.37
   44.94
  107.49
  138.53
   98.80
  141.61
  107.26
   83.39
   51.62
  115.02
  119.95
  126.63
  117.18
  119.19
   72.66
   76.43
  106.53
   82.09
  134.65
  121.96
  119.50
   77.62
   84.53
   97.10
  133.15
  141.90
  122.98
  123.80
   69.26
   76.31
   68.53
   71.90
   92.79
   83.31
   64.87
   51.23
   58.36
   70.71
   89.14
  106.81
  102.31
   96.14
   55.02
   55.53
  101.66
  122.67
   96.87
   93.50
   90.25
   93.67
   96.96
   68.78
   85.21
   85.63
   77.90
   76.06
   57.94
   52.19
   62.61
   61.53
   82.32
   73.68
   51.88
   50.35
   51.20
   48.56
   50.83
   51.03
   51.06
   51.99
   50.86
   51.68
  129.95
  137.14
  132.01
  103.70
   79.34
   52.90
   53.35
   90.05
   91.72
   52.78
   52.36
   53.72
   99.56
   98.68
  120.23
   51.34
   53.43
   51.08
   51.34
   55.02
   52.87
   52.30
   51.06
   41.77
   38.14
   47.40
   47.66
   47.20
   44.66
   44.88
   45.11
   46.38
   39.16
   40.24
   41.17
   41.29
   41.48
   40.41
   71.90
   37.32
   38.26
   41.97
   39.02
   39.16
   39.28
   38.34
   34.57
   34.80
   34.77
   35.48
   35.06
   34.89
   34.94
   34.57
   34.86
   34.74
   35.31
   34.60
   35.08
   34.52
   33.50
   35.14
   34.89
   35.34
   34.83
   35.28
   34.94
   35.23
   34.97
   34.86
   35.23
   34.89
   34.80
   35.06
   34.66
   35.25
   35.48
   37.24
   35.40
   35.06
   35.25
   35.57
   35.08
   35.48
   34.52
   35.28
   81.35
   80.14
   38.57
   36.08
   91.58
   92.82
  112.59
   72.18
   71.87
   82.32
   32.51
   33.90
   44.68
   38.26
   41.80
   45.19
   55.84
   24.01
   24.52
  103.58
  122.50
  116.13
   35.03
   57.14
   41.88
   25.54
   71.19
   83.99
   83.11
   23.33
   24.95
   41.57
   38.94
   47.54
   33.05
   34.66
   34.72
  132.81
   30.50
   23.19
   24.13
  130.99
   64.87
  169.50
   83.17
  116.13
   24.07
   73.45
   50.66
   51.11
   57.54
   65.02
   46.92
   23.59
   24.30
   27.47
   24.41
   23.30
   23.87
   23.50
   23.76
   23.45
   23.64
   24.44
   23.30
   23.45
   23.25
   23.79
   23.42
   23.67
   23.87
   23.39
   23.50
   23.28
   23.22
   23.25
   24.38
   24.04
   23.81
   23.50
   23.42
   23.33
   23.42
   23.39
   23.39
  127.82
   94.38
   55.27
   60.20
   85.69
   69.80
   23.67
   23.33
   81.21
   92.79
  128.19
   64.42
   34.74
   23.45
   41.46
   49.92
   23.30
   23.42
   23.13
   23.36
   23.13
   23.33
   23.47
   23.79
   23.22
   23.47
   23.33
   23.11
   23.47
   23.42
   23.36
   23.13
   23.42
   34.72
   35.59
   35.11
   35.51
   36.56
   37.55
   33.39
   23.08
   23.08
   23.16
   23.02
   23.22
   26.96
   26.65
   23.11
   23.39
   23.39
   23.45
   23.19
   23.22
   23.19
   23.22
   23.05
   23.11
   23.36
   23.36
   23.30
   23.42
   23.05
   23.53
   23.22
   23.36
   23.33
   23.56
   32.85
   21.49
   23.13
   26.05
   23.08
   23.13
   23.39
   23.05
   23.56
   23.56
   23.13
   23.19
   29.42
   28.83
   26.05
   29.17
   29.11
   29.28
   23.08
   25.40
   45.56
   40.41
   40.41
   40.24
   40.61
   45.02
   41.71
   40.61
   41.68
   40.21
   43.86
   43.27
   42.28
   44.60
   42.33
   45.96
   42.59
   43.21
   43.18
   43.47
   43.58
   43.81
   45.02
   43.81
   42.22
   42.28
   42.19
   42.33
   43.55
   33.19
   27.13
   36.95
   32.93
   41.37
   37.49
   39.02
   40.72
   66.77
   41.43
   40.46
   41.60
   42.96
   40.80
   43.98
   95.46
   50.32
   34.07
   41.71
   50.57
   41.71
   41.34
   63.20
   74.33
   70.74
   91.10
   49.78
   41.31
   89.28
  108.43
   91.44
   85.77
   93.90
   67.42
   52.95
   63.06
  102.08
   61.65
   76.74
   73.14
   60.12
   49.58
   49.75
   48.03
   72.26
   79.20
   59.01
   42.48
   41.94
   42.62
   65.53
   63.09
   50.74
   50.63
   61.33
   58.73
   51.56
   61.73
   72.83
   76.06
   72.35
   53.86
   47.94
   73.23
   62.38
   65.55
   56.41
   83.36
   46.04
   46.10
   46.41
   85.35
   93.67
   80.05
   83.19
   46.41
   60.91
   87.81
   75.75
   52.53
   60.20
   46.44
   46.04
   46.07
   66.83
   46.69
   46.55
   46.78
   46.16
   48.85
   46.55
   51.79
   58.05
   53.66
   52.67
   40.83
   36.56
   36.50
   40.41
   36.73
   37.27
   54.76
   36.70
   37.15
   36.81
   61.82
   58.98
   52.05
   36.30
   37.18
   36.27
   36.27
   80.45
   66.86
   78.86
   76.34
   76.99
   35.25
   36.30
   43.64
   36.30
   42.76
   37.27
   36.84
   36.70
   39.70
   37.07
   36.81
   36.59
   55.84
   47.43
   36.61
   36.05
   35.76
   34.77
   35.20
   35.03
   35.54
   35.51
   35.40
   36.10
   35.40
   55.98
   43.58
   44.06
   35.34
   36.13
   36.27
   36.05
   37.35
   36.81
   43.95
   37.46
   37.32
   84.75
   82.12
   81.55
   79.20
   72.94
   52.53
   37.94
  107.86
  100.13
  125.95
   49.67
   49.67
   44.09
   34.72
   66.46
   77.50
   62.58
   76.43
   66.12
   32.82
   43.10
   71.44
   59.83
   97.69
   40.12
   41.71
   33.10
   33.19
   34.66
   29.56
   29.17
   28.54
   31.57
   28.77
   28.37
   32.48
   30.02
   31.57
   29.82
   28.03
   28.15
   27.61
   45.76
   25.74
   24.52
   23.30
   23.25
   23.13
   23.59
   23.22
   23.53
   23.53
   27.61
   63.06
   23.08
   23.22
   23.36
   23.28
   23.05
   38.96
   37.29
   23.39
   23.25
   23.30
   23.16
   23.67
   23.25
   23.30
   23.11
   23.30
   44.37
   23.22
   23.33
   23.16
   23.33
   23.19
   23.25
   23.13
   23.16
   23.13
   23.16
   23.19
   23.42
   23.13
   23.11
   24.01
   23.28
   23.13
   24.21
   23.13
   23.30
   23.16
   23.79
   23.13
   23.59
   23.22
   23.11
   23.79
   23.11
   23.59
   23.13
   23.39
   23.25
   23.39
   25.49
   23.28
   23.56
   23.30
   23.81
   23.28
   23.16
   23.11
   23.50
   23.36
   23.50
   23.45
   23.25
   23.08
   22.99
   23.11
   23.50
   23.11
   23.25
   23.13
   22.99
   23.64
   76.26
  117.40
   24.98
   23.11
   23.96
   23.22
   23.22
   23.02
   38.14
   34.74
   23.22
   23.28
   23.08
   23.16
   23.19
   23.11
   23.28
   23.02
   23.08
   23.08
   23.19
   22.99
   23.05
   73.45
   23.39
   23.19
   23.56
   22.99
   23.28
   23.02
   23.36
   22.88
   23.16
   25.03
   26.62
   26.90
   28.97
   29.82
   30.13
   30.27
   32.62
   32.54
   33.73
   32.71
   39.50
   34.94
   35.68
   34.72
   35.00
   34.74
   34.89
   34.69
   34.80
   29.73
   25.00
   26.93
   27.13
   26.87
   40.24
   44.97
   42.79
   44.85
   44.63
   44.91
   43.75
   41.63
   47.15
   39.11
   45.56
   47.37
   40.61
   41.14
   40.78
   41.54
   45.62
   46.21
   46.44
   46.07
   44.43
   46.92
   43.35
   44.00
   46.75
   45.19
   44.77
   45.84
   45.90
   43.52
   40.63
   40.24
   41.68
   41.48
   43.75
  141.13
   94.38
  166.11
   43.81
   71.67
  160.98
  157.30
   82.03
   44.12
   34.97
   46.38
   35.11
   65.55
   57.82
   39.19
   41.12
   40.63
   43.24
   42.53
   42.50
   38.00
   73.37
   75.15
   98.71
  121.17
   48.00
  135.13
  130.80
  102.96
  103.72
  107.89
  104.63
   83.93
  149.88
  172.90
   82.77
   51.40
  186.66
   66.37
   78.61
  133.09
  104.43
  125.30
  106.61
   86.68
   67.54
   75.49
   93.62
   84.21
   77.33
   74.08
   96.22
   73.62
   45.48
   89.65
   85.18
   94.38
   89.06
   66.49
   47.86
   64.17
   64.53
   77.39
   44.83
   47.54
   46.13
   46.13
   79.80
   54.09
   95.40
   95.03
   89.82
   68.75
   47.88
   47.01
   46.55
   47.23
   47.18
   47.80
   47.18
   50.86
   47.12
   52.39
   47.15
   53.32
   47.43
   53.12
   46.07
   41.34
   55.47
   55.47
   93.62
   95.68
   37.77
   41.43
   39.81
   41.40
   57.96
   39.08
   36.81
   37.97
   37.32
   38.65
   46.67
   38.60
   38.62
   37.80
   36.53
   37.58
   35.14
   35.06
   31.86
   32.45
   32.51
   33.78
   32.34
   32.65
   32.39
   35.88
   32.03
   31.57
   31.35
   31.52
   31.23
   30.47
   28.15
   27.95
   28.06
   41.97
   24.27
   24.04
   69.43
   24.55
   27.86
   28.80
   29.56
   29.70
   31.35
   34.52
   33.75
   30.36
   30.47
   30.16
   30.50
   30.58
   31.04
   30.67
   25.57
   23.81
   28.26
   27.72
   27.75
   27.95
   27.27
   27.84
   27.95
   27.81
   27.81
   28.01
   28.29
   29.62
   37.15
   25.97
   24.58
   26.70
   25.46
   23.79
  102.88
   96.28
   25.17
   25.66
   25.74
   26.79
   26.70
   26.87
   26.31
   25.71
   25.77
   25.88
   26.90
   26.84
   38.43
   43.15
   27.52
   29.59
   27.44
   27.21
   27.33
   27.18
   27.47
   26.65
   27.61
   27.72
   27.81
   27.84
   27.69
   27.75
   28.52
   48.68
   26.14
   22.88
   22.88
   22.99
   22.99
   22.82
   22.88
   22.88
   23.16
   23.13
   23.08
   22.96
   23.53
   23.11
   23.08
   23.25
   22.91
   22.88
   22.96
   22.96
   23.05
   23.22
   23.02
   23.16
   22.80
   22.82
   23.13
   33.61
   23.13
   61.59
   54.62
   55.61
   56.21
  117.20
   22.96
   23.05
   22.82
   22.96
   26.39
   22.99
   23.11
   22.85
   22.96
   40.18
   37.43
   52.78
   85.83
   22.91
   22.94
   23.28
   23.28
   23.19
   23.28
   23.16
   95.40
   42.87
   26.05
   22.94
   22.96
   22.99
   22.96
   23.16
   22.99
   22.96
   23.22
   39.98
   80.50
   22.96
   23.11
   22.94
   33.92
   22.99
   22.99
   26.96
   23.33
   22.94
   23.02
   22.94
   22.94
   22.88
   69.46
   99.70
   29.11
   28.68
   23.08
   22.94
   23.02
   70.20
   60.97
   61.02
   33.36
   22.88
   23.02
   23.39
   23.13
   24.30
   24.10
   25.17
   24.86
   24.78
   34.60
   43.35
   48.28
   29.93
   30.33
   27.44
   27.24
   28.40
   28.26
   28.80
   28.85
   30.87
   32.79
   32.73
   32.85
   33.58
   33.92
   33.73
   33.81
   33.87
   27.86
   23.56
   24.15
   24.41
   26.19
   22.99
   22.99
   22.88
   22.85
   25.68
   23.05
   23.02
   22.99
   23.11
   23.05
   22.99
   24.13
   44.46
   34.52
   51.85
   40.69
   23.05
   64.05
   60.65
   59.41
   56.61
   57.31
   41.57
   34.94
   40.55
   42.90
   45.08
   46.18
   45.93
   46.47
   46.38
   49.55
   47.83
   48.00
   45.99
   46.07
   46.18
   46.52
   46.01
   44.17
   44.54
   61.73
   68.61
   97.13
   48.28
  105.08
  114.12
  115.59
  137.37
  107.21
   41.03
   42.84
   79.68
   83.53
   77.81
   77.08
   84.02
   81.86
   56.29
   67.76
   71.56
   71.25
   68.87
   72.66
   46.44
  210.71
  237.04
   95.51
   96.73
  111.51
  107.38
   94.69
  103.27
  105.65
  109.78
  116.67
  119.87
  102.71
   87.27
   78.07
  146.71
  217.05
  174.69
  140.14
  115.79
   81.58
   83.08
   83.65
  117.80
   97.27
   76.63
   84.61
  110.12
  105.31
  107.60
  110.07
  103.27
   99.36
  108.77
   97.18
   44.12
   43.83
   84.33
   96.62
  114.71
  153.99
  156.22
  130.54
  193.43
  181.48
  134.08
   88.60
   69.01
   43.61
   43.47
   44.40
  108.74
   44.37
  100.30
   75.86
   71.64
   72.29
  130.88
  129.46
   50.38
   44.63
   43.27
   44.88
   44.94
   44.77
   36.02
   37.01
   36.95
   60.88
   50.94
   32.39
   79.15
  101.94
   32.99
   24.38
   25.68
   27.50
   24.04
   27.78
   27.10
   47.71
   48.22
   30.33
   32.45
   29.90
   86.88
   88.09
   67.85
   50.32
   70.62
   54.31
   86.28
   80.45
   55.84
   64.02
  104.18
   67.88
   40.15
   36.50
  108.14
   99.85
  107.46
  100.64
   82.43
   59.83
   36.84
   91.01
  109.22
  117.57
  112.45
   56.24
   41.09
   57.00
   77.39
   67.14
   61.67
   38.34
   36.67
   37.52
   37.38
   60.85
   37.43
   38.54
   47.06
   43.10
   37.46
   37.89
   55.93
   46.33
   44.40
   44.23
   63.26
   37.69
   51.62
   70.17
   43.55
   56.04
   70.34
   37.12
   33.67
   31.71
   30.95
   38.79
   50.46
   96.96
   86.31
   26.82
   26.45
   26.93
   26.31
   25.99
   26.02
   25.88
   25.88
   26.11
   33.92
   26.76
   49.04
   27.10
   53.89
   27.38
   27.84
   34.91
   27.89
   27.35
   32.51
   27.64
   27.30
   27.21
   26.82
   26.82
   29.22
   25.46
   25.60
   28.49
   24.92
   25.34
   25.15
  118.85
  164.49
  167.30
   91.63
   89.59
  157.92
  184.71
  205.01
  141.44
   88.66
   23.02
   23.16
   23.11
   49.44
   39.76
  151.18
   91.46
   23.33
   23.53
   23.42
   63.83
  130.82
   48.39
   63.91
   23.02
   23.13
   27.72
   23.02
   23.13
   23.19
   23.05
   23.19
   22.96
   23.02
   25.82
   27.47
   37.55
   27.35
   27.41
   24.83
   39.05
   37.18
   25.60
   23.47
   26.36
   23.70
   24.07
   23.64
   23.84
   25.85
   23.62
   23.13
   23.22
   33.05
   89.91
   64.28
  114.80
  143.76
  135.52
  104.32
  103.44
  108.23
   88.41
   42.31
   33.05
   34.41
   24.61
   23.05
   23.36
   23.81
   22.99
   29.70
   25.34
   23.47
   22.99
   23.16
   23.05
   23.28
   23.25
   29.93
   23.08
   24.75
   26.08
   25.54
   24.18
   26.31
   26.73
   27.21
   23.45
   24.10
   23.33
   25.12
   26.33
   23.76
   23.08
   23.19
   23.22
   23.19
   23.56
   23.05
   23.05
   23.30
   23.16
   23.05
   23.11
   23.93
   23.33
   23.05
   24.78
   23.96
   24.04
   22.94
   23.11
   28.85
   22.99
   23.22
   23.36
   23.22
   23.19
   23.62
   25.20
   25.51
   26.08
   31.94
   29.14
   29.19
   29.99
   31.15
   44.23
   43.75
   43.58
   51.82
   43.44
   51.54
   43.47
   43.86
   43.64
   43.66
   43.86
   43.66
   43.52
   44.40
   43.47
   43.35
   42.42
   43.27
   43.21
   42.39
   42.45
   42.79
   43.32
   43.75
   43.78
   43.78
   45.14
   47.71
   48.90
   41.63
   43.55
   43.15
   42.45
   48.79
   38.28
   36.33
   36.05
   38.23
   39.53
   40.29
   40.46
   45.68
   45.22
   51.45
   43.32
   40.69
   42.98
   43.35
   44.60
   45.90
   40.92
   38.82
   38.91
   39.28
   39.50
   38.00
   36.98
   35.76
   36.16
   34.41
   40.44
   45.22
   45.22
   73.00
   72.49
   75.46
   94.89
   75.29
   49.36
   47.40
   45.96
   46.07
   46.13
   46.35
   53.66
   46.30
   46.64
   46.52
   46.52
   46.55
   46.61
   45.39
   44.91
   46.81
   44.71
   46.27
   44.77
   44.85
   44.94
   44.51
   43.44
   43.07
   44.97
   44.80
   45.36
   44.94
   45.28
   45.14
   45.59
   44.94
   44.63
   51.90
   43.69
   43.58
   43.13
   43.18
   38.82
   38.79
   38.94
   38.99
   46.67
   39.08
   37.86
   38.65
   37.43
   36.67
   67.93
  114.48
  114.20
   34.57
   39.45
   34.74
   34.60
   97.52
   83.34
  132.58
  116.75
   45.31
   38.94
   26.84
   28.80
   28.68
   28.74
   28.77
   29.68
   29.90
   29.70
   29.79
   29.85
  105.37
   45.14
   28.85
   26.05
  159.06
   27.52
  163.70
  156.08
   68.92
   25.97
   29.17
   33.81
   26.08
   37.21
   23.76
   23.05
   93.87
   23.08
  139.38
  112.81
  135.92
   57.26
   23.13
   23.28
   23.53
   66.15
  107.29
  163.59
  169.48
  169.19
   24.64
   38.03
  155.40
  129.63
  152.77
  125.27
  143.76
  114.94
   60.71
   79.88
   62.38
   64.34
   65.81
   61.11
  105.96
   81.61
  131.08
   96.82
  134.50
  187.51
  179.44
  129.72
  116.30
  131.81
  127.77
  127.45
  136.15
  144.98
  186.78
  187.60
  145.01
  101.91
  156.25
  156.82
  149.80
  126.92
  112.79
  152.74
  123.69
  154.92
  138.07
  148.13
  115.50
  107.18
  125.08
  118.87
   88.32
  118.68
   87.22
  143.31
   97.30
  124.28
  159.00
  156.17
  138.84
   89.88
   90.64
   91.41
   92.17
   93.53
   62.69
   65.19
   65.19
   65.75
   66.06
   65.98
   94.78
   92.91
  115.84
  120.18
  117.09
   69.57
   63.49
   61.62
   60.91
   61.50
   61.02
   23.64
   23.36
   23.62
   85.97
   51.93
   67.31
   48.76
   29.87
   23.11
   23.11
   36.67
   44.37
   44.26
  168.37
  113.98
  184.43
  115.56
  148.35
  159.34
  176.58
  177.97
  193.40
  211.33
  233.27
  229.06
  221.69
  233.02
  232.45
  225.32
  225.74
  166.02
  177.21
  182.42
  169.16
  183.52
   86.39
   82.32
  116.33
  116.95
  122.24
  113.04
  122.27
   24.18
   23.16
  153.45
  141.05
  135.69
   94.72
   23.08
   22.96
   23.08
  173.02
   23.98
   28.35
   23.42
   23.25
   22.88
   23.19
  219.97
  168.74
   22.94
   26.19
   23.05
   22.99
   27.75
   23.19
   23.70
   95.17
   56.72
  200.71
  205.10
  186.44
  109.16
  118.39
  114.20
  106.07
  128.84
  170.33
  115.99
  173.33
  183.32
  154.58
  168.20
  194.28
  130.51
  120.23
  118.76
   93.16
  107.58
  114.29
   96.76
   23.19
   37.01
  170.78
  225.49
  120.23
   23.11
   98.43
   67.45
  133.23
   93.19
   99.48
  141.02
  111.99
  108.09
  138.78
   63.46
   76.54
   50.12
   43.41
   70.23
   84.10
   44.00
   66.09
   44.91
   61.16
   48.17
   58.47
   54.09
   40.29
   55.27
   82.01
   82.26
   86.42
   80.70
   69.49
   79.37
   37.35
   99.19
   98.46
   95.26
  119.53
  150.31
  100.13
  103.78
  135.95
  164.46
  202.83
  158.89
  215.66
  135.21
  118.51
   69.26
  136.80
  147.73
  100.78
  119.67
   43.61
   36.76
   45.19
  174.21
  203.54
  221.35
  173.84
  155.20
  171.94
  147.47
  183.32
  136.06
  169.90
  240.44
  170.01
  170.35
  160.92
  159.28
  151.18
  151.72
  178.00
  101.01
  134.36
  105.00
  119.50
   66.52
   99.65
   83.99
  109.36
   90.22
   79.57
   85.29
   84.70
  120.74
  101.37
  162.74
  229.11
  152.40
  171.15
  113.04
  160.78
  214.75
  186.52
  144.44
  139.52
  219.60
  124.34
  196.29
  108.54
  126.66
  138.24
  191.08
  167.44
  181.85
  129.32
  125.53
  117.26
   87.47
  107.24
  110.97
  113.32
  134.34
  111.26
  106.90
   60.00
  124.48
  128.22
  135.13
  135.10
   96.22
   77.62
   87.47
  119.61
  130.34
   48.54
  120.54
  164.04
   66.91
  117.34
  117.12
  117.09
   81.30
  148.92
  120.66
   37.58
   42.82
  111.57
  149.37
  109.98
  152.43
   90.56
  114.54
  127.06
  171.74
   23.47
   63.91
   32.68
   37.58
   31.40
   32.05
   32.25
  153.59
  103.55
  185.02
   34.38
   67.54
   64.19
  172.14
  156.34
  176.13
  134.90
  122.58
   26.05
   30.13
  154.10
  153.87
   57.71
  155.49
   40.83
   44.49
   31.86
   90.44
  132.98
   91.80
  159.48
  164.75
   27.50
   40.15
   33.05
  125.70
   61.14
  123.57
   62.27
  139.60
   91.49
   75.32
  150.16
  103.61
  150.36
  121.48
   23.96
   23.25
   62.44
   23.05
  130.94
  170.24
  147.28
   66.12
  178.20
  231.35
  229.93
  227.50
  139.46
  196.89
  213.62
   26.90
   55.13
  134.48
  218.66
  178.93
  175.39
  213.00
  113.35
  207.93
   54.37
  181.37
  183.89
  152.43
  214.27
  134.73
  133.49
  206.91
  199.24
  219.85
  224.67
  194.65
  195.24
  177.83
  158.69
  166.81
  176.30
  118.85
  134.11
  107.58
  135.38
  181.57
  168.34
   41.12
   23.16
   91.44
   70.85
  156.51
  214.64
  232.20
  181.54
  169.39
  209.40
   56.78
  119.24
   27.10
   74.81
  146.96
  186.32
  116.27
   59.64
  119.95
  141.07
   61.53
  138.47
  199.04
  121.68
  109.87
   87.53
   62.95
   62.41
   58.02
   62.10
   60.88
   64.56
   63.01
   49.04
   48.76
   48.90
   49.04
  109.87
   68.13
   88.77
   59.92
   23.33
   65.95
  100.38
   23.13
   23.13
   23.19
   25.43
   93.33
   23.36
   23.22
   22.96
   23.05
   22.85
   48.87
   77.79
   87.50
   40.18
   23.02
   22.88
   23.02
   22.85
   23.36
   73.43
   82.91
  124.11
   23.25
  109.53
  111.29
  149.85
  129.92
  122.36
   27.30
   23.25
   23.36
   23.05
   48.11
   23.76
   44.85
   23.19
   23.25
   66.23
  157.33
   45.14
   23.19
   23.45
   23.13
   23.47
   23.22
   23.50
   23.93
  109.76
   23.11
   22.99
   22.94
   25.77
   22.96
   22.96
   22.80
   24.10
   23.05
   22.94
   22.96
   23.13
  136.83
  117.03
   41.82
   27.18
   26.79
   84.84
   80.48
   96.62
   94.66
  107.35
   41.17
   48.48
   37.18
   55.05
  100.67
  105.79
  102.99
  114.12
   80.84
  130.20
   45.68
   23.45
   58.93
   87.61
   62.01
   54.99
   72.66
   79.91
   81.35
   26.62
   27.69
   74.36
   26.67
   41.20
   46.86
   81.18
   69.69
   85.69
   44.17
   46.04
   61.70
   72.80
   50.72
   24.81
   84.95
   75.35
   68.98
  112.02
  106.39
  159.14
  146.57
  103.30
   44.00
  109.95
   99.65
  110.24
  155.63
  101.18
  123.66
   64.87
   62.89
  112.05
   52.64
  147.53
   62.18
   95.99
   59.83
   48.90
   56.18
   29.22
  100.89
  144.16
  142.07
  106.90
  134.34
   94.86
  172.96
  159.57
   81.52
  133.66
  106.16
  122.87
  119.75
  102.76
  103.16
   91.72
   54.37
   48.22
   38.60
   39.96
   90.59
  122.75
   77.76
   62.07
   41.99
   43.01
   42.48
   44.54
   44.63
   52.87
   41.43
   40.58
   41.71
   61.45
   67.93
   76.14
   68.02
   50.66
   35.08
   40.10
   67.71
   69.43
   80.87
   48.82
   39.81
   48.93
   49.78
   85.01
   89.34
   74.33
   51.00
   43.35
   39.02
   38.57
   57.26
   78.72
  125.90
   93.62
  132.78
   57.09
   49.04
   48.39
   92.06
   91.86
   72.97
  110.41
   39.08
   52.16
   44.66
  119.87
  124.34
   57.94
   50.74
   54.99
   51.88
   56.52
  131.31
   79.91
   66.63
   87.61
   83.93
   77.59
  152.54
  228.83
  238.17
  268.10
  217.39
   24.52
   32.54
  165.43
  169.48
  152.43
  102.71
  126.38
   64.11
   60.80
  118.45
  143.17
   85.97
   79.06
   63.57
   24.69
   25.57
   92.54
  138.16
  128.30
  193.12
   63.20
   29.70
   32.17
   44.40
   33.84
   38.26
   88.15
   53.72
  157.67
  171.80
  100.38
  183.04
  136.83
   99.48
   90.67
   35.14
   34.94
  160.50
  136.12
  153.73
  165.94
   67.11
   85.89
   53.01
   95.17
  143.96
   60.65
   94.89
  131.59
   54.71
   42.16
  106.78
  111.94
   58.28
   27.64
   43.58
   41.63
   34.52
  122.30
   77.28
   58.79
   75.61
   79.57
   53.09
   46.89
  116.50
   85.23
  142.92
  112.59
  156.90
   79.94
  123.66
  126.92
  117.66
  148.04
  125.02
   84.44
  112.67
  105.08
  144.78
   94.78
  145.80
  173.58
  178.65
   92.45
  101.46
  149.77
  143.40
  157.61
  155.01
  130.60
  105.45
   87.30
  160.73
  128.13
   84.16
  138.38
  121.82
   72.55
   73.85
   48.90
   60.80
  106.70
  122.41
   48.85
   24.64
   60.09
   79.43
   94.10
   79.66
  104.89
  115.99
   23.76
   63.51
  125.87
   56.83
   62.44
  121.71
   96.67
   39.93
   72.55
  145.52
  188.34
  181.31
  159.34
   99.68
   70.28
   89.48
  192.92
  128.13
   41.51
   43.66
   64.85
   54.20
   76.54
   80.93
   56.95
   84.53
  120.71
  141.16
   97.64
   32.22
   51.34
   95.54
   46.47
   82.15
   94.24
   27.95
   26.59
   60.94
   68.81
   53.35
   77.31
  110.46
   67.28
   36.13
   74.98
   33.70
   29.90
   27.84
   27.16
   24.55
   26.31
   35.00
   82.37
   75.83
   46.89
   23.79
   23.90
   27.30
   97.21
   97.30
  151.10
  156.51
  146.65
   24.15
   24.18
   53.41
   90.36
  133.34
  136.20
   78.35
   37.94
   24.66
   69.12
   86.56
   56.86
   27.78
   30.75
   26.87
   27.58
   28.15
   27.58
   44.37
   33.84
   65.36
  100.44
   61.48
  128.02
  176.92
  212.04
  140.71
   67.48
   86.85
   54.31
  110.55
  105.57
   90.25
   98.97
   75.32
   38.00
   65.47
   26.56
   26.93
   25.09
   40.80
   44.46
   25.40
   28.49
   38.26
   41.14
   38.14
   45.65
   68.41
   94.21
   71.05
  131.53
  153.65
  120.52
  105.45
  116.81
   24.92
   65.89
   38.00
   75.41
  128.53
   84.53
   86.96
   36.50
   27.07
   24.44
   90.30
  162.00
  150.50
  115.73
  132.44
   24.21
   48.96
   33.87
   36.47
   33.50
   33.22
   25.32
   27.21
   32.45
   39.11
   43.01
   65.13
   41.26
   69.04
   78.01
   44.77
   45.42
   84.89
   80.79
   71.13
   67.90
   66.91
   84.44
   49.30
   48.34
   96.73
   44.23
   39.84
   39.98
   39.56
   42.45
   46.21
   50.09
   49.30
   51.73
   50.43
   49.21
   46.07
   45.65
   49.98
   48.11
   46.13
   46.27
   39.84
   45.08
   44.97
   44.80
   72.09
   70.99
   48.48
   59.21
   50.32
   71.42
   28.71
   26.22
   46.13
   31.71
   28.32
   31.83
   28.46
   44.29
   26.31
   41.34
   27.24
   42.28
   38.79
   49.16
   39.84
   43.27
   38.40
   39.50
   68.44
   68.33
   55.93
   39.67
   49.67
   43.32
   45.65
   45.70
   45.51
   42.90
   42.11
   41.46
   43.41
   43.95
   44.77
   45.53
   44.74
   43.15
   45.48
   45.51
   45.36
   45.51
   63.51
   53.97
   42.48
   45.56
   44.97
   44.80
   46.72
   44.17
   47.35
   43.95
   44.15
   44.80
   47.32
   50.40
   45.59
   51.76
   78.44
   60.51
   71.25
   77.39
   89.14
   75.12
   73.26
   68.41
   98.51
   46.35
   46.27
   68.30
   87.78
  109.50
   94.21
   82.52
   77.33
   58.42
  110.15
   78.72
   78.61
   47.20
   47.94
   60.51
   55.70
   58.73
   94.97
  133.80
  165.94
   40.83
   50.01
   40.38
   99.65
   88.01
   79.26
   82.01
   43.75
   39.76
   39.90
   46.55
   39.64
   50.35
   40.61
   40.29
   41.68
   42.59
   42.45
   37.24
   35.88
   33.30
   36.53
   33.24
   39.25
   33.30
   33.56
   33.92
   33.98
   33.87
   33.92
   33.90
   33.73
   33.73
   33.73
   33.87
   33.84
   33.61
   34.07
   36.27
   49.30
   34.09
   35.93
   35.08
   34.09
   33.84
   33.05
   34.04
   33.90
   33.81
   33.78
   33.87
   33.73
   33.98
   34.07
   31.80
   29.76
   29.00
   71.58
   29.76
  105.59
  117.74
   87.30
   81.52
   93.64
   67.82
   29.59
   26.36
   27.81
   85.49
   35.40
   53.92
   26.36
   26.36
   26.25
  120.43
  101.37
   54.28
   35.23
   26.33
   26.14
   26.25
   93.50
   24.55
   24.75
   25.17
   24.44
   24.38
   24.41
   24.32
   45.79
   24.30
   24.41
   24.49
   24.89
   24.75
   24.78
   24.66
   24.38
   24.24
   54.76
   24.55
   24.61
  116.16
  154.27
  147.50
  100.55
   50.18
   43.41
  214.70
   51.85
   56.78
   81.61
   91.29
   24.81
   24.69
   67.05
   52.07
   56.89
   37.29
   25.51
   27.95
   27.61
  167.41
  109.67
  108.99
   70.08
   91.66
   89.23
   24.64
  111.82
   77.76
   25.54
   26.42
   25.34
   54.26
   40.89
   61.31
   39.73
   69.97
   24.81
   46.72
   37.07
   33.67
   96.14
   27.95
   24.78
   27.67
   27.67
   24.81
   24.64
   25.12
   24.32
   24.41
   25.23
   24.27
   24.75
   24.83
   25.77
   24.89
   24.72
   24.92
   24.72
   24.61
   24.55
   24.83
   34.12
   24.64
   24.61
   24.81
   24.75
   24.78
   24.86
   24.89
   25.12
   24.81
   24.86
   24.75
   27.84
   24.75
   24.81
   24.55
   24.32
   24.30
   60.40
   24.47
   24.86
   24.69
   27.04
   26.39
   26.14
   24.64
   24.75
   24.64
   24.69
   32.90
   60.09
   32.82
   71.47
   58.08
  113.49
  112.19
  107.18
   42.39
  110.29
  131.36
   79.46
   79.46
   95.37
   71.42
   87.95
   84.53
   24.35
   24.21
   66.74
   69.72
   79.77
   84.41
   69.26
   28.18
   24.72
   58.22
   24.66
   40.27
   42.90
   24.72
   45.17
   38.31
   66.29
   72.43
   97.78
   75.07
   57.17
   39.62
   89.79
   49.61
  113.13
   91.18
  103.95
  100.55
   58.36
   48.73
   61.67
   45.17
   49.53
   54.00
   54.59
   37.07
   38.14
  104.18
  113.64
   62.75
  126.77
   95.94
   77.73
   51.31
   51.37
   41.26
   65.67
   46.55
   41.48
   42.28
   41.68
   59.86
   66.18
   99.82
   87.02
   51.42
   34.57
   69.69
   58.56
   49.53
   37.86
   83.25
  112.56
   65.78
   65.72
   70.57
   68.64
   57.91
   56.92
   59.30
  104.15
   44.57
   56.78
   43.78
   71.73
   96.48
   82.86
   48.59
   48.56
   48.70
   49.98
   47.52
   43.52
   44.12
   53.86
   51.23
   71.81
   54.85
   57.00
   48.73
   51.08
   44.49
   44.97
   44.71
   84.07
   81.10
   69.63
   74.28
   60.48
   58.13
   92.77
   57.31
   64.59
   56.32
   62.64
   49.50
   50.40
   48.99
   79.80
   84.30
   94.10
   44.63
   49.72
   44.17
   57.34
   55.27
   72.86
   50.97
   54.91
   46.72
   44.60
   47.37
  142.32
  106.02
   55.53
   39.87
   38.74
   64.11
   56.49
   68.56
   68.81
  109.50
  106.84
   56.63
   74.11
   64.42
   33.05
   40.46
   37.43
   36.84
   54.91
   34.41
   63.23
   42.67
   40.80
   43.07
   39.73
   27.92
   27.95
   89.42
   65.16
   83.62
   40.24
   64.05
   48.76
   31.60
   43.47
   40.55
   48.68
   65.98
   80.45
   60.17
   31.32
   34.60
   34.29
   42.14
   44.37
   48.82
   32.42
   27.44
   88.07
   88.18
   90.95
  128.73
   70.23
   68.75
   73.88
   82.91
   73.09
   72.83
  122.58
  105.00
   61.05
   75.04
  118.11
   93.62
   78.24
  103.61
  120.09
   61.56
   64.51
  150.56
  150.14
  120.35
  127.85
  132.13
   83.11
   92.00
  163.08
  148.47
  164.86
  102.54
  112.47
   82.23
   89.91
  120.74
  115.02
  118.34
  104.01
   69.69
   71.02
   95.54
  110.55
  103.58
   86.00
   86.90
  140.14
   83.17
   64.68
   62.35
   24.95
   24.72
   36.19
   24.47
   24.61
   24.66
   64.56
   44.17
   71.53
   28.52
   24.78
   52.10
   24.72
   24.66
   82.01
   32.51
   44.46
   24.66
   28.40
   28.23
   35.17
  138.67
  123.83
  170.01
  140.20
  105.40
  116.16
  186.47
   99.02
  130.48
  145.41
  138.50
   33.24
   24.72
   85.46
  119.21
  107.09
   73.45
   73.51
   34.09
   37.29
   64.05
   90.08
   87.61
   66.83
   44.88
   38.71
   29.53
   51.79
   69.91
   66.35
   96.59
   44.12
   24.27
   24.30
   72.66
   62.30
   27.50
   60.85
   60.65
   23.79
   23.81
   23.87
   24.10
   23.53
   27.35
   24.58
   24.69
   24.86
   24.75
   24.69
   24.86
   24.61
   24.69
   24.66
   24.66
   24.75
   24.75
   24.58
   24.55
   24.66
   24.64
   24.64
   24.72
   24.52
   24.64
   27.72
   24.58
   26.56
   24.55
   24.78
   31.86
   36.64
   24.92
   24.72
   24.47
   24.49
   24.69
   25.80
   24.13
   23.67
   24.07
   23.84
   23.84
   25.26
   25.97
   24.86
   25.43
   24.78
   24.83
   24.72
   24.83
   24.78
   25.29
   24.72
   24.32
   24.66
   24.66
   24.78
   24.72
   26.39
   30.36
   24.69
   24.72
   24.66
   29.19
   24.72
   24.72
   24.64
   24.72
   24.58
   24.83
   25.54
   26.11
   26.14
   26.19
   26.28
   24.72
   24.69
   24.95
   24.72
   24.69
   24.69
   24.75
   24.83
   24.61
   24.44
   24.66
   24.72
   24.69
   33.95
   26.19
   29.79
   28.77
   24.44
   25.54
   25.46
   25.34
   24.58
   32.42
   32.20
   32.00
   34.55
   32.22
   52.92
   34.63
   37.07
   60.68
   54.09
   43.55
   46.89
   41.34
   44.46
   41.77
   40.66
   42.93
   44.66
   89.74
   87.22
   40.24
   44.32
   69.40
   63.01
   70.82
   62.27
   57.28
   47.18
   64.34
   54.65
   60.82
   47.15
   58.87
   54.37
   43.04
   46.30
   46.30
   54.82
   54.76
   56.07
   64.08
   42.05
   42.56
   59.61
   55.36
   49.53
   54.45
   46.27
   47.86
   47.74
   51.23
   47.43
   48.54
   48.03
   48.00
   48.99
   55.10
   46.41
   47.43
   52.56
   44.51
   46.98
   44.34
   44.29
   44.06
   42.11
   46.61
   35.79
   32.14
   36.19
   34.83
   36.76
   38.09
   38.03
   37.80
   78.15
   44.71
   44.54
   38.28
   49.61
   44.57
   44.40
   44.74
   44.71
   44.49
   44.49
   44.85
   42.25
   45.79
   45.48
   44.40
   44.23
   44.15
   42.25
   51.11
   49.95
   57.96
   51.85
   48.90
   44.51
   48.76
   48.79
   48.79
   46.41
   42.19
   40.49
   40.52
   52.50
   48.87
   49.53
   49.50
   49.61
   49.33
   49.87
   48.93
   55.90
   46.58
   45.96
   47.91
   54.99
   52.61
   43.58
   43.72
   43.92
   43.13
   47.26
   46.27
   45.96
   39.90
   39.87
   39.73
   42.14
   49.27
   41.63
   33.78
   39.84
   36.50
   33.67
   26.96
   26.99
   33.61
   33.70
   33.39
   37.21
   36.84
   37.29
   35.96
   36.70
   36.81
   36.90
   41.68
   38.45
   37.69
   37.89
   38.54
   37.27
   35.88
   36.73
   36.67
   36.78
   39.64
   39.73
   39.93
   38.82
   39.79
   39.84
   39.30
   38.20
   45.76
   41.17
   43.47
   44.51
   41.48
   46.04
   50.15
   39.81
   40.07
   44.43
   43.07
   42.90
   37.52
   39.64
   45.56
   43.01
   40.72
   32.42
   37.58
   35.20
   35.34
   33.39
   33.33
   33.84
   33.75
   30.36
   33.58
   31.46
   31.12
   32.34
   33.67
   33.81
   33.84
   33.75
   33.56
   33.58
   33.61
   33.81
   31.35
   29.68
   31.09
   29.08
   27.16
   27.18
   29.45
   27.13
   27.16
   27.13
   27.16
   32.90
   27.35
   27.21
   27.30
   26.76
   27.13
   27.10
   27.30
   26.39
   26.22
   26.14
   26.25
   26.93
   27.10
   27.18
   30.47
   29.45
   28.77
   30.27
   26.84
   26.11
   26.19
   26.16
   26.16
   26.22
   26.14
   26.22
   26.22
   26.19
   26.19
   26.16
   26.19
   26.19
   25.57
   26.16
   26.14
   26.14
   26.11
   26.16
   26.16
   25.66
   23.81
   23.73
   23.79
   23.73
   23.84
   26.50
   23.96
   23.79
   23.90
   23.81
   24.01
   28.97
   24.01
   23.93
   23.76
   23.81
   23.79
   25.74
   23.76
   26.45
   23.73
   23.79
   23.87
   25.85
   23.76
   23.76
   35.79
   35.23
   23.84
   23.79
   23.81
   23.79
   23.81
   23.79
   23.76
   23.81
   23.87
   23.79
   23.76
   23.73
   23.79
   23.81
   23.67
   23.73
   23.67
   23.90
   23.67
   23.81
   23.79
   23.81
   23.76
   23.79
   23.79
   23.81
   23.81
   26.65
   23.73
   23.81
   26.67
   32.05
   29.70
   23.79
   48.14
   23.70
   23.76
   23.76
   24.01
   23.90
   24.13
   23.59
   23.81
   23.70
   23.70
   23.67
   26.25
   23.98
   23.90
   23.96
   23.96
   24.04
   24.01
   23.84
   24.55
   26.22
   25.00
   24.75
   23.87
   23.79
   23.81
   23.90
   23.84
   23.93
   24.04
   24.10
   24.01
   24.07
   23.96
   23.93
   26.96
   24.75
   23.87
   24.01
   26.99
   29.65
   24.55
   24.81
   25.40
   25.54
   26.82
   23.76
   33.19
   24.04
   24.04
   23.64
   31.80
   30.24
   30.98
   29.79
   31.21
   44.51
   41.65
   42.42
   51.08
   42.67
   41.77
   42.50
   43.13
   42.42
   45.82
   45.84
   46.72
   45.17
   48.65
   47.66
   47.71
   47.52
   49.27
   48.70
   46.81
   47.37
   47.97
   48.00
   52.61
   47.94
   47.97
   48.51
   48.54
   48.48
   50.35
   48.05
   48.22
   49.10
   50.01
   48.25
   47.71
   47.60
   45.82
   48.11
   46.24
   45.68
   45.34
   44.17
   46.47
   46.92
   46.52
   46.24
   47.40
   46.35
   46.44
   45.99
   48.37
   49.55
   48.03
   48.68
   46.27
   47.80
   52.61
   47.97
   48.05
   48.08
   48.20
   48.03
   43.83
   47.94
   47.91
   48.00
   47.94
   49.72
   45.34
   43.89
   48.00
   46.35
   46.41
   46.38
   46.35
   47.88
   47.91
   47.80
   48.00
   48.00
   47.97
   47.94
   47.91
   47.91
   47.88
   48.03
   47.80
   46.50
   48.62
   46.89
   43.81
   43.83
   44.83
   46.55
   48.17
   47.88
   45.99
   45.96
   47.77
   48.05
   45.02
   43.64
   43.61
   45.70
   46.21
   46.78
   47.69
   46.84
   46.78
   46.81
   46.81
   46.92
   46.75
   46.89
   49.72
   47.83
   47.94
   47.74
   48.68
   48.03
   47.66
   45.39
   40.66
   37.63
   36.78
   36.76
   36.73
   37.46
   39.13
   39.73
   39.13
   40.89
   40.89
   40.83
   41.46
   44.17
   41.14
   39.50
   41.63
   40.92
   41.00
   42.25
   41.65
   40.24
   40.95
   41.94
   37.92
   38.94
   37.04
   37.18
   37.80
   37.86
   36.36
   35.76
   42.59
   36.81
   34.89
   31.71
   31.69
   34.63
   30.02
   30.02
   30.07
   26.76
   23.76
   23.81
   23.76
   34.89
   31.43
   32.93
   31.69
   31.71
   31.71
   28.32
   28.29
   28.29
   28.06
   28.20
   28.35
   28.20
   28.06
   27.64
   27.86
   27.35
   26.99
   23.42
   23.36
   23.36
   23.59
   26.28
   28.03
   26.73
   26.73
   23.47
   23.53
   23.76
   23.79
   23.73
   27.33
   30.44
   28.91
   23.62
   23.76
   23.67
   41.43
   46.01
   51.90
   25.20
   29.87
   27.58
   32.25
   32.56
   29.62
   24.61
   23.62
   23.67
   23.70
   23.59
   23.73
   23.76
  116.18
  115.45
  107.29
   71.27
   78.30
  114.32
  103.50
  123.86
   75.52
   67.71
   39.70
   24.07
   23.98
   24.83
   24.13
   32.71
   23.84
   23.90
   23.96
   23.93
   24.24
   61.36
   23.70
   55.22
   48.11
   58.11
   62.75
   60.43
   69.89
   48.00
   53.24
   38.60
   32.73
   38.43
   41.94
   23.62
   24.92
   23.64
   23.73
   23.79
   23.73
   23.67
   23.70
   23.70
   23.87
   23.79
   23.67
   23.70
   23.73
   23.70
   23.64
   23.59
   54.51
   54.20
   56.41
   55.13
   38.68
   26.73
   23.62
   23.67
   23.79
   23.73
   23.70
   25.26
   23.79
   23.79
   23.67
   23.67
   23.70
   23.70
   23.70
   23.70
   23.70
   23.87
   23.79
   39.50
   37.07
   37.27
   30.33
   23.67
   23.67
   23.67
   23.76
   23.76
   23.73
   23.70
   23.67
   23.73
   23.70
   23.67
   23.70
   23.70
   23.67
   23.79
   23.59
   23.70
   23.64
   23.76
   23.62
   23.79
   23.62
   23.64
   23.64
   28.88
   23.79
   23.62
   23.59
   23.59
   23.62
   23.70
   23.70
   23.73
   23.70
   25.68
   23.56
   23.56
   23.73
   23.64
   23.70
   23.70
   92.94
  181.00
  170.35
   72.21
  156.82
  137.31
  140.96
  190.74
  165.31
  156.22
   86.82
  143.62
  155.49
  154.13
  106.47
   93.96
   23.64
   35.68
   23.64
   76.91
   80.56
   92.54
   59.83
   39.93
   40.72
   38.28
   36.25
   41.46
   67.28
   49.50
   51.08
   58.56
   54.51
   36.36
   38.00
   39.33
   44.85
   60.03
   55.36
   46.95
   36.73
   70.88
  100.04
  147.84
  127.03
  101.80
  137.51
   93.76
   98.23
   89.91
   89.20
   43.64
   42.36
   52.41
   39.45
   54.17
   39.39
   42.48
   38.74
   36.47
   37.27
   42.96
   44.03
   44.60
   42.53
   61.67
   39.56
   39.64
   60.20
   46.58
   44.06
   45.82
   54.65
   76.63
   62.44
   46.38
   51.03
   47.32
   63.46
   62.89
   42.76
   42.65
   58.84
   57.82
   96.76
  133.43
  115.11
   87.56
   75.35
  105.45
   88.15
   82.86
  122.70
   72.01
   68.70
   86.82
   97.18
   95.40
  109.47
  103.21
  105.85
   78.32
  104.26
   91.38
   87.02
  107.60
   87.95
   69.23
   57.88
   77.14
   77.76
   90.39
   67.62
   75.83
   70.40
   54.88
   88.60
   76.54
   76.48
   71.78
   73.88
   65.13
   59.78
   65.38
   59.89
   65.41
   62.16
   65.36
   62.35
   67.05
   64.90
   62.69
   64.39
   63.97
   41.26
   43.35
   65.72
   65.67
   63.74
   60.26
   70.20
   47.66
   99.70
  102.11
  116.13
  115.48
   82.63
  103.47
   75.75
   55.87
   42.87
   68.56
   76.51
   69.06
   75.69
   81.01
   23.62
   30.44
   47.26
   55.59
   72.80
   51.03
   56.41
   44.74
   57.79
   64.65
   55.98
   67.56
   79.12
   67.56
   79.63
   92.06
   63.60
   76.88
   89.79
   85.77
  107.52
  104.01
  115.05
   86.76
   99.53
   96.48
  100.72
  101.52
   90.73
   96.65
  101.43
   71.75
  105.31
  197.11
  205.18
  157.81
  211.16
  111.68
  143.96
  132.66
  145.72
  165.20
  104.43
  109.56
  113.72
   93.81
   94.38
   98.17
  135.24
   99.39
  118.65
   71.64
   86.96
   98.77
   93.98
  103.67
  100.89
  106.67
  121.96
  152.09
  168.85
  156.20
  177.21
  223.79
  215.86
  192.64
  139.66
  147.11
  172.65
  198.42
  226.56
   92.43
  138.41
  171.06
  189.89
  158.69
   85.38
  163.84
  183.97
  190.88
  222.40
  213.45
  202.49
  209.32
  191.68
  207.39
  180.26
   94.97
  140.31
   76.12
  145.24
   35.91
   41.17
   57.54
   29.73
   23.70
   41.60
   35.48
   75.07
   68.98
  138.84
  120.26
  182.70
  190.54
  152.49
  144.73
  215.97
  192.33
  202.41
  191.93
  203.80
  207.79
  237.66
  205.16
  183.12
  166.19
  143.82
  165.34
  218.80
  236.98
  237.72
  142.86
  191.42
  237.80
  165.29
  134.53
  144.90
  114.71
   63.23
  110.35
   98.97
   77.16
   82.83
   35.65
   26.87
   29.65
   23.67
   23.76
   24.83
   23.73
   23.67
   23.62
   50.40
   49.02
   23.56
   23.59
   23.70
   23.59
   23.67
   61.22
   48.28
   49.27
   63.17
  110.01
  144.13
  143.03
   86.68
   83.93
   90.67
  111.96
  101.94
   56.44
   59.27
   89.42
  113.01
  111.71
   65.72
   94.86
  114.80
   65.21
   90.25
   72.41
   71.81
   70.91
   85.38
   44.46
   23.64
   23.67
   23.59
   23.64
   29.68
   23.62
   23.59
   23.64
   23.73
   23.64
   23.64
   23.62
   23.62
   23.87
   23.67
   24.55
   23.81
   23.84
   24.75
   30.61
   23.56
   65.24
   28.88
   26.45
   29.31
   29.39
   27.55
   23.64
   41.88
   74.19
   74.76
   35.51
   31.01
   35.51
   26.19
   23.79
   23.87
   23.90
   23.90
   37.35
   25.23
   23.70
   27.01
   88.15
   23.67
   51.25
   23.53
   29.73
   41.68
   24.30
   44.60
   23.84
   27.72
   30.30
   31.97
   27.75
   28.12
   37.55
   37.18
   36.84
   35.40
   36.22
   36.30
   35.68
   42.59
   39.42
   39.59
   39.90
   41.88
   39.45
   39.33
   39.39
   62.86
   54.34
   41.74
   41.94
   31.23
   32.99
   38.91
   37.58
   43.47
   36.47
   36.50
   36.22
   36.42
   36.22
   36.36
   39.22
   47.97
   43.52
   36.05
   36.25
   40.58
   42.11
   39.50
   42.50
   44.97
   46.81
   46.98
   44.32
   42.48
   42.70
   39.28
   45.17
   42.45
   42.42
   42.42
   37.27
   39.53
   36.22
   39.22
   46.69
   42.28
   39.42
   41.14
   42.76
   42.48
   42.67
   42.67
   42.67
   42.22
   42.70
   51.96
   44.63
   42.82
   42.76
   39.47
   39.47
   44.57
   42.62
   42.67
   42.48
   42.45
   42.39
   42.67
   42.59
   54.57
   68.50
   82.57
   69.38
   40.92
  102.82
   93.22
   66.09
   64.56
   54.42
   42.16
   40.63
   50.86
   85.15
   88.75
   92.14
   92.06
   75.97
   64.19
   61.28
   56.10
   42.67
   52.87
   56.12
   40.75
   42.76
   42.79
   42.59
   42.76
   42.98
   43.30
   43.35
   43.49
   42.98
   50.94
   52.95
   47.91
   42.84
   42.28
   43.18
   42.39
   64.48
   45.19
   51.00
   52.24
   40.55
   40.49
   40.95
   37.55
   43.47
   45.82
   53.38
   40.61
   40.78
   40.95
   40.46
   40.10
   41.20
   40.86
   40.83
   40.69
   44.23
   40.78
   40.75
   41.88
   40.69
   40.58
   40.72
   40.69
   48.65
   53.09
   69.15
   71.73
   41.94
   40.35
   50.89
   55.98
   43.61
   47.86
   70.48
   38.40
   45.00
   48.34
   49.64
   54.23
   65.07
   58.36
   45.28
   39.59
   42.62
   40.46
   38.40
   47.12
   47.40
   31.80
   34.38
   43.52
   44.71
   44.20
   29.62
   46.18
   39.98
   38.11
   41.85
   41.71
   99.02
   90.10
   81.21
   65.44
  105.62
   66.80
   68.78
   75.01
   81.89
   29.48
   29.87
   29.99
   76.71
   66.09
   52.13
   54.11
   81.13
   63.17
   79.00
  100.78
   95.31
   81.75
   81.44
   84.44
   39.22
   26.84
   88.15
   65.07
   51.23
   57.60
   56.80
   32.65
   23.59
   65.38
   84.07
   91.41
   95.14
  129.04
   45.22
   47.57
   72.07
   70.34
   63.68
   68.87
   70.17
   35.76
   23.62
   23.50
   35.57
   30.44
   44.97
   59.75
   25.49
   23.59
   59.89
   76.12
   78.92
   98.20
   80.87
   44.63
   29.59
   61.28
   91.18
   88.41
  118.34
  131.81
   56.15
   59.18
   89.03
   92.03
   78.04
   88.66
   64.25
   23.62
   23.64
   23.53
   23.59
   23.67
   23.62
   23.62
   23.59
   23.62
   23.64
   23.70
   23.64
   23.64
   23.64
   54.34
  109.78
  129.32
  150.08
  186.41
  158.06
  204.48
  153.90
  201.42
  199.78
  233.27
  239.90
  239.19
  241.40
  228.01
  135.38
  162.88
  157.64
  127.14
  177.72
  190.46
  140.62
  140.00
  121.73
   70.62
   72.43
   89.54
  141.39
  121.73
  116.44
   96.53
  130.31
  158.26
  160.75
  155.49
   42.25
   53.86
  172.17
  151.07
  181.14
  152.60
  155.32
  131.53
  170.21
  149.48
  176.90
  163.27
  164.63
  161.09
  156.42
  140.45
  111.62
  149.00
  142.52
  139.94
  120.01
   57.20
   62.92
   33.58
   34.29
   40.10
   87.87
   72.89
   90.22
   81.95
   56.72
   47.71
   46.10
   59.78
   48.22
   35.71
   54.31
   31.18
   52.70
   46.13
  112.90
   78.35
   42.39
   54.62
  104.55
  105.54
  135.18
  143.37
  110.35
   71.58
   78.18
   62.89
  114.43
   91.80
   88.94
  104.63
   94.32
   91.21
   59.83
   55.70
   68.92
   76.65
   70.51
   36.33
   39.33
   36.44
   36.47
   36.59
   39.59
   36.64
   42.59
   42.67
   30.41
   39.25
   36.50
   36.61
   36.42
   40.01
   39.30
   39.25
   33.33
   33.30
   33.24
   35.48
   41.77
   48.14
   34.21
   36.70
   42.48
   36.73
   30.38
   31.12
   34.38
   33.90
   33.27
   33.30
   36.10
   36.42
   39.50
   39.45
   41.09
   33.36
   36.44
   35.99
   39.11
   39.50
   39.11
   40.72
   40.49
   49.75
   49.21
   47.88
   44.66
   44.49
   48.11
   48.73
   57.45
   68.02
   57.17
   42.62
   40.83
   54.99
   42.76
   45.79
   47.54
   47.54
   48.00
   47.94
   71.30
   67.48
   82.43
   73.28
   72.55
   48.11
   47.97
   47.74
   78.86
   78.86
   78.32
   72.12
   48.00
   47.86
   72.77
   72.29
   72.75
   75.97
   72.26
   47.86
   39.84
   48.28
   67.65
   47.83
   47.49
   50.66
   42.93
   43.69
   56.44
  102.48
   38.37
   23.59
   23.62
   23.62
   29.39
   35.85
   33.53
   37.10
   33.64
   33.27
   36.16
   36.25
   36.05
   36.27
   36.36
   36.27
   36.33
   36.42
   36.39
   36.44
   36.44
   36.30
   36.33
   36.16
   30.38
   30.64
   35.74
   46.64
   40.58
   41.12
   41.03
   35.54
   35.40
   45.65
   51.76
   51.00
   58.08
   61.65
   27.01
   29.45
   59.86
   60.99
   63.74
   50.06
   83.36
   35.82
   35.54
   55.30
   59.24
   56.38
   55.13
   55.47
   44.66
   50.35
   69.49
   40.55
   54.20
   55.50
   71.53
   32.96
   36.19
   61.45
   73.26
   78.89
  109.10
   87.53
   35.82
   35.57
   73.37
   72.83
   73.82
  120.91
   88.63
   56.69
   45.70
  105.28
  104.15
   90.42
   87.90
  102.05
   56.63
   53.01
  115.45
   83.99
   57.17
   56.04
   23.76
   23.70
   90.27
  153.11
  113.78
  149.17
  242.05
  242.82
  145.69
  131.96
  113.18
   63.74
  141.44
  111.68
  147.19
  120.80
   86.71
  123.35
   91.01
  113.81
  135.30
   60.34
   47.35
   67.17
   62.84
  151.13
  140.42
  114.43
  105.76
   70.31
   62.35
   54.57
   64.00
   60.09
   51.03
   81.55
   39.11
   39.13
   42.53
   64.17
  111.14
   79.12
  116.38
  114.85
  139.60
  138.36
  132.75
  152.34
  132.95
  158.80
  136.54
  150.50
  186.13
  184.94
  210.11
  216.17
  191.73
  145.80
  143.88
  139.46
  197.76
  178.71
  175.90
  167.27
  152.77
  106.05
  105.59
  106.05
   79.71
  106.27
  134.53
   66.18
   81.67
   93.76
   85.15
  104.15
   70.28
   59.89
   83.31
   75.15
   61.28
   42.02
   35.00
   23.96
   23.98
   48.90
   47.49
   80.53
  122.84
  140.17
  142.75
  130.48
  142.26
  149.51
   96.67
  114.37
  123.23
  109.42
  126.55
   74.05
   23.90
   25.00
   28.94
   53.41
   54.03
   48.25
   41.77
   41.91
   42.02
   30.10
   23.93
   23.87
   35.88
   47.91
   36.44
   24.01
   23.90
   23.90
   23.93
   23.90
   23.93
   23.87
   56.83
   24.98
   25.23
   89.57
  162.00
   71.05
   55.19
   80.76
  125.30
  102.22
   74.02
   69.94
   38.45
   37.38
   33.36
   33.58
   42.31
   44.03
   42.11
   24.01
   23.98
   23.98
   23.98
   24.04
   47.74
   48.39
   42.19
   37.80
   46.47
   50.97
   54.79
   49.30
   51.85
   37.63
   33.24
   72.01
   87.78
   83.65
   68.72
   60.82
   39.05
   36.30
   92.62
   58.13
  100.19
   79.85
  111.68
   64.79
   61.48
  108.17
   66.23
   84.84
  100.61
   81.69
   33.44
   36.59
   33.39
   46.35
   50.72
   69.89
   62.67
   38.11
   37.69
   37.77
   31.83
   39.47
   54.20
   48.65
   37.27
   43.44
   50.46
   51.14
   49.30
   39.39
   43.98
   34.83
   34.94
   35.08
   34.91
   43.10
   44.40
   44.17
   51.20
   41.88
   46.18
   44.91
   31.35
   47.63
   60.20
   55.33
   51.23
   59.15
   59.30
   63.40
   57.85
   54.14
   49.16
   57.88
   63.40
   54.06
   49.58
  108.37
  107.29
   50.97
   31.91
   32.03
   32.11
   37.63
   37.15
   50.21
   48.14
   24.07
   33.61
   48.14
   68.36
  139.69
   30.21
   36.50
   27.04
   54.48
   83.70
   88.12
   96.02
   84.75
   59.07
  135.27
  103.41
  148.15
   68.75
  101.40
   85.35
   34.32
   31.26
   73.77
   80.42
   78.83
   57.68
   74.08
   45.68
   45.96
   63.60
   84.53
   82.83
   95.14
   61.11
   56.52
   38.99
   59.49
   96.50
  102.39
   90.78
   85.38
   50.80
   49.50
   58.02
   81.81
   73.51
   73.37
   70.54
   59.66
   63.77
   57.17
   55.59
   54.54
   54.79
   61.05
   36.10
   36.90
   79.26
   67.93
   72.46
   76.23
   78.38
   49.10
   60.40
   69.69
   61.08
   60.77
   60.12
   63.66
   54.26
   41.77
   57.60
   97.72
   54.06
   64.39
   67.11
   45.73
   48.39
   75.97
   76.14
   78.55
   75.01
   76.20
   35.54
   23.93
   91.35
   74.87
   83.73
   75.38
   84.04
   74.19
   53.92
   63.80
   74.02
   81.72
   84.04
   82.12
   59.92
   72.15
   58.70
   95.99
   85.55
   79.85
   82.01
   59.98
   63.63
   68.16
   58.36
   74.02
   73.45
   73.77
   76.34
   58.73
  114.48
  115.14
  116.67
  117.37
  116.72
   79.32
   81.55
   71.22
   97.61
   76.14
   64.65
   56.61
  104.80
  105.93
   77.47
   84.78
   75.44
   87.16
   83.39
   65.07
   54.76
   37.27
   30.92
   40.44
   40.46
   40.10
   43.24
   44.23
   33.90
   36.95
   39.87
   52.02
   42.62
   30.75
   24.52
   24.58
   37.12
   24.49
   30.84
   32.34
   34.07
   24.55
   56.44
   73.48
   73.09
   77.08
   74.11
   36.90
   30.58
   55.25
   37.55
   83.00
   89.23
   92.17
   77.16
   74.87
   86.51
   80.02
   58.16
   64.56
   66.83
   58.64
   62.07
   75.72
  241.32
  240.35
  225.01
  199.78
  211.84
  206.94
  194.71
  156.73
  226.39
  282.52
  275.49
  315.68
  313.86
  280.76
  313.50
  242.22
  241.68
  279.60
  317.12
  317.40
  305.88
  316.10
  286.85
  245.03
  167.52
  238.40
  238.94
  209.54
  213.34
  190.32
  218.49
  201.90
  210.05
  236.62
  145.12
  176.81
  191.05
  111.74
  133.80
  185.76
  202.21
  125.42
  188.17
  172.00
  165.06
  146.34
  120.49
  106.24
   62.52
   81.18
  149.77
  126.80
   57.40
   24.32
   24.32
   65.47
  112.39
   75.86
  150.45
  104.43
   74.50
   73.91
  143.51
   83.03
   38.43
   76.00
   66.69
   42.79
   39.62
   58.30
   67.08
   85.77
   85.89
   73.62
   24.55
   24.49
   78.61
   76.37
   73.88
   94.41
   82.06
   67.17
   66.06
   82.49
   47.09
   91.94
   82.43
   81.44
  133.43
  116.44
  133.68
  136.43
  125.73
  156.68
  121.45
   83.00
  118.45
  118.02
  145.04
  145.75
  189.67
  175.88
   54.88
   58.50
  185.08
  120.23
  101.52
  114.48
   53.21
   71.25
   79.63
  148.97
  145.35
  159.57
  198.61
  208.61
  203.91
  163.61
  184.29
  168.15
  156.71
  197.40
  181.37
  180.83
  205.50
  170.92
  158.12
  202.66
  251.37
  250.41
  247.40
  162.23
  148.35
  154.64
  136.91
  121.20
  112.93
  133.63
  115.76
  123.15
  121.42
  104.43
  117.03
  198.73
   28.06
   77.87
   85.09
  135.81
   92.51
   77.05
   77.28
   88.77
   47.15
   45.45
   75.86
  133.15
  178.00
  147.96
  117.09
   78.81
   95.82
   60.68
   76.40
   94.49
  158.01
   41.82
   41.34
   37.80
   82.01
  156.90
  242.39
  275.52
  319.87
  272.24
  211.61
  108.26
  172.00
  241.15
  230.16
  188.34
  161.97
  172.36
  150.87
  150.62
  150.96
  228.06
  143.99
  176.27
  254.77
  253.49
  252.39
  174.80
  126.75
   74.59
   67.62
   88.72
  103.13
   84.53
   98.09
   77.22
   50.38
   54.14
   76.80
   90.61
   91.94
   78.55
   99.76
   68.10
  132.86
  135.30
  147.42
  254.51
  153.82
  151.38
  177.24
  172.51
  151.10
  132.18
  123.21
  131.79
   87.53
   70.65
   74.16
   53.21
   74.19
   94.07
   72.58
   78.18
   59.98
   44.12
   64.34
  108.14
  138.75
  123.69
  111.74
   92.37
   55.08
   85.63
   86.82
   65.61
   68.10
   80.65
   73.94
   73.91
   76.43
   31.46
   96.22
   96.19
  106.41
   90.78
   55.81
   83.59
   72.09
   70.99
   86.59
  106.64
  130.65
   38.57
   62.55
   65.70
   83.00
   72.35
   93.39
   75.21
   73.03
  114.12
  131.73
  117.23
  128.90
   94.21
   90.44
   82.26
  121.62
  119.61
  110.78
  116.52
  112.33
  102.56
   74.50
  111.71
  107.18
  107.15
   90.73
  127.88
   73.45
  114.06
   93.30
  104.09
  104.80
   95.40
   84.41
   35.45
   35.28
   53.26
   60.23
   50.40
   50.91
   56.27
   44.63
   39.16
   50.32
   41.74
   46.81
   50.21
   50.60
   46.84
   59.32
   55.53
   62.30
   44.06
   44.63
   38.23
   32.34
   50.35
   41.65
  125.22
  186.07
  122.73
  199.41
   91.44
   54.09
   96.93
   79.57
   71.75
   80.59
  139.80
  137.90
  142.04
  147.42
  168.34
  170.44
  119.64
  194.23
  101.29
  111.68
  162.20
  128.59
  138.24
  121.85
  111.71
   92.11
  110.78
  146.03
  176.13
  179.84
  201.81
  242.65
  151.41
  233.50
  216.48
