19850101
  218.27
  411.19
  497.90
  583.92
  610.11
  617.79
  538.50
  476.66
  485.86
  458.25
  464.28
  353.25
  311.60
  337.90
  541.33
  490.25
  327.43
  252.95
  170.72
  248.59
  687.99
  736.61
  254.63
  139.94
  148.66
  195.75
  260.03
  299.22
  318.93
  283.99
  308.31
  762.32
 1323.44
 1093.26
  513.47
  498.04
  497.07
  621.55
  705.32
  698.60
  569.06
  579.08
  587.09
  788.99
  810.80
  767.05
  591.94
  569.17
  516.44
  554.67
  581.91
  654.23
  681.13
  370.24
  251.09
  520.92
  505.34
  556.43
  516.07
  450.35
  671.48
  323.52
  379.67
  393.26
  432.65
  660.01
  502.99
  286.23
  186.55
  294.16
  262.87
  539.66
  568.83
  411.19
  202.83
  187.83
  277.87
  340.74
  328.59
  289.06
  275.04
  204.48
  133.09
  263.35
  288.72
  344.64
  454.97
  407.05
  206.37
  206.37
  261.00
  179.70
  135.21
  135.33
  140.99
  132.27
  134.50
  172.02
  146.77
  154.69
  170.27
  207.65
  101.46
  139.35
  147.25
  136.86
  187.83
  142.29
  191.37
  123.29
  125.53
  214.50
  296.51
   94.75
   84.84
   88.60
  119.41
  102.31
  137.56
  157.16
  154.55
  173.81
  167.44
  142.66
  127.65
  174.63
  198.59
  124.71
  123.77
  161.77
  158.69
  146.06
  171.32
  307.46
  187.71
  149.14
  116.33
   73.51
   94.52
  165.77
  157.05
  394.43
  487.16
   70.57
   87.90
   65.13
  122.84
  272.92
  349.60
  235.62
  456.27
  153.99
   72.43
  423.56
  577.44
  412.24
  618.95
  466.63
   70.79
   27.84
  278.58
  412.72
  345.69
  228.55
   26.19
   27.84
   28.09
  481.05
  357.61
  161.04
   80.00
  184.54
  353.14
   92.62
  296.39
  598.19
  642.08
  456.13
  155.63
   46.84
   20.30
  288.35
  202.24
  444.69
  295.43
   54.88
   48.37
   44.12
  276.57
  297.44
  299.93
  349.94
  565.29
  259.47
   55.81
  305.34
  381.80
  252.13
   42.14
  379.11
  352.66
  264.17
  544.62
  539.32
  558.07
  439.39
  398.79
   40.46
   35.40
  287.30
  397.03
  518.20
  583.44
  590.18
   95.80
   96.65
  382.99
  453.44
  452.84
  490.70
  476.54
  246.02
  269.60
  320.46
  557.02
  655.53
  669.69
  321.51
  207.90
  121.76
  286.48
  412.94
  439.14
  416.97
  421.10
  184.88
   78.58
  430.64
  545.47
  538.73
  503.11
  503.45
  332.38
  167.30
  340.03
  291.32
  397.26
  500.16
  533.55
  187.97
   95.09
  462.05
  568.35
  595.84
  485.15
  507.10
   30.10
   35.62
  247.55
  330.49
  569.76
  590.41
  497.67
  208.95
  138.04
  292.85
  305.48
  316.10
  426.65
  516.56
  147.47
  148.44
  375.79
  487.76
  661.79
  324.34
  263.46
  241.06
  173.81
  410.82
  505.57
  286.11
  289.43
  292.26
  252.25
  234.80
  301.80
  297.21
  403.03
  561.61
  352.32
  340.03
  340.40
  245.31
  469.95
  283.06
  354.56
  305.23
  159.99
  174.04
  254.37
  248.59
  215.43
  203.17
  204.25
  227.24
  211.07
  285.52
  374.26
  457.20
  459.92
  457.43
  424.75
  337.08
  544.99
  548.41
  443.27
  429.37
  354.07
  215.80
  128.73
  315.39
  434.32
  439.85
  462.27
  452.36
  241.77
  229.59
  399.75
  381.80
  286.59
  179.93
  234.69
  334.62
  425.35
  497.19
  743.32
  667.57
  672.41
  675.36
  413.91
  325.42
  561.49
  680.09
  679.97
  721.48
  743.43
  693.76
  602.67
  746.97
  727.40
  705.09
  730.23
  725.14
  457.91
  296.73
  279.86
  310.18
  553.71
  595.96
  543.09
  170.84
  192.21
  202.13
  251.31
  253.44
  267.59
  380.15
  200.82
  148.44
  344.42
  397.03
  447.89
  369.31
  332.01
  254.51
   91.69
  269.12
  365.88
  328.48
  211.33
  177.57
  146.31
   96.05
  243.89
  244.83
  234.80
  185.70
  174.74
  182.64
  108.20
  624.16
  786.50
  680.91
  388.42
  345.58
   99.00
   95.34
  122.36
  128.95
  124.00
  284.95
  350.42
  223.82
  134.87
  253.55
  548.41
  738.25
  686.09
  391.25
  239.39
  209.91
  246.72
  425.12
  216.03
  501.32
  407.54
  414.96
  134.99
  191.25
  328.48
  281.16
  284.47
  282.69
  372.25
  253.44
  182.53
  625.92
  570.70
  612.35
  625.58
  225.12
  145.49
  283.65
  363.28
  402.47
  446.58
  197.88
  269.49
  187.00
  244.94
  276.91
  307.61
  536.83
  634.41
  689.40
  231.15
  215.80
  145.49
  122.24
  134.17
  171.32
  114.57
  116.81
  120.35
  116.81
  118.70
  120.12
  124.82
  124.82
  120.46
  172.51
  122.24
  145.49
  152.80
  193.86
  109.61
  109.50
  114.20
  124.48
  136.40
  124.96
  119.64
  122.36
  122.24
  125.42
  112.67
  123.66
  109.25
  118.59
  116.21
  105.96
  110.10
  132.15
  132.27
  125.78
  134.73
  107.60
  112.22
  117.74
  109.95
  102.88
  118.00
  166.25
  114.09
  120.94
  129.78
  124.00
  129.32
  130.48
  123.06
  126.60
  128.62
  167.07
  133.32
  129.32
  140.88
  135.33
  132.15
  134.99
  146.31
  148.66
  158.35
  151.61
  146.65
  151.16
  117.88
  154.81
  143.23
  111.74
  121.54
  160.36
  104.77
   88.26
  120.71
  130.48
  118.93
  140.28
  238.23
  232.42
  209.77
  187.71
  186.18
  203.54
   81.89
  256.04
   98.51
  340.51
  285.07
  426.06
  254.26
  141.47
   90.50
  437.86
  407.99
  105.48
  236.11
  165.54
  124.00
  237.97
  237.63
  251.91
  268.67
  346.54
  333.66
  248.48
  368.12
  398.79
  358.09
  245.05
  144.53
  232.08
  339.21
  418.49
  362.23
  293.79
  219.12
  262.75
  297.44
  354.19
  458.62
  570.58
  277.51
  205.18
  197.17
  203.77
  287.78
  342.52
  338.27
  311.15
  202.83
  185.36
  198.22
  214.27
   82.12
  205.89
  152.43
  358.58
  136.29
  168.37
  168.71
  337.45
  513.02
  297.81
  180.75
  162.60
  334.73
  116.47
  105.17
  300.39
  285.89
  253.32
  298.97
  286.11
  313.13
  388.76
  365.88
  372.85
  168.49
  263.57
  328.59
  376.13
  349.71
  389.72
  216.99
  227.61
  255.45
  375.91
  367.18
  343.57
  450.35
  230.56
  170.84
  318.68
  299.82
  344.16
  405.87
  225.94
  170.01
  141.36
  298.74
  392.19
  414.25
  488.95
  309.47
  170.84
  213.45
  290.62
  306.64
  362.12
  367.18
  294.98
   65.84
  248.48
  200.12
  134.87
  148.55
  166.25
  171.69
  133.68
  258.50
  155.74
  130.37
  158.57
  127.43
  126.83
  134.17
  317.97
  358.43
  368.83
  373.19
  414.84
  521.51
  131.33
  226.53
  207.53
  172.39
  175.22
  217.70
  139.46
  122.70
  294.86
  299.34
  304.29
  386.04
  452.36
  391.85
  197.74
  261.34
  246.58
  261.59
  515.59
  630.42
  425.46
  342.86
  428.07
  400.91
  404.70
  413.79
  457.09
  253.21
  236.67
  558.78
  500.02
  481.39
  186.30
  157.87
  151.38
  152.43
  421.81
  584.40
  662.98
  658.59
  637.95
  652.22
  690.70
  726.33
  911.92
  356.91
  345.95
  401.76
  487.28
  487.28
  492.83
  502.74
  442.11
  514.55
  595.73
  657.32
  603.97
  759.49
  801.73
  801.37
  633.25
  608.93
  732.36
  712.40
  567.98
  716.53
  798.65
  797.49
  797.71
  737.06
  581.09
  448.82
  548.53
  596.78
  580.86
  575.54
  478.55
  454.26
  315.62
  414.96
  440.55
  345.83
  348.89
  349.37
  250.83
  571.89
  482.09
  395.25
  352.20
  356.57
  451.65
  456.61
  658.25
  720.32
  773.64
  540.26
  509.82
  407.42
  479.74
  794.66
  800.18
  761.50
  793.10
  797.83
  495.32
  397.37
  569.88
  764.07
  624.75
  628.04
  616.60
  390.66
  207.53
  372.96
  461.34
  510.07
  511.12
  575.20
  383.92
  264.76
  448.23
  761.84
  634.52
  455.31
  658.85
  912.99
  912.74
 1045.26
 1183.30
 1158.39
 1160.40
 1052.20
  946.72
  835.12
  936.35
  932.11
  926.33
  927.74
  928.08
  922.65
  671.34
  537.91
  553.71
  610.45
  540.51
  563.17
  296.85
  243.89
  278.21
  432.65
  411.90
  326.01
  491.18
  204.11
   90.98
  279.15
  520.32
  503.45
  442.34
  442.82
  520.44
  302.28
  301.57
  430.08
  553.82
  463.58
  247.89
  201.05
  176.64
  289.77
  394.20
  457.20
  478.92
  610.11
  432.43
  657.43
  505.23
  455.67
  522.22
  419.09
  416.03
  607.28
  269.01
  240.69
  511.83
  572.37
  570.95
  628.52
  265.70
  267.37
  277.39
  496.73
  666.86
  471.70
  434.78
  275.75
  134.87
  450.46
  519.98
  537.91
  517.38
  399.49
  236.22
  189.61
  350.08
  401.50
  620.85
  647.04
  640.33
  518.31
  134.73
  118.82
  551.95
  654.60
  654.71
  521.74
  230.44
  176.87
  399.75
  583.92
  611.76
  560.56
  495.77
   86.48
   61.70
  588.06
  613.17
  611.64
  618.02
  419.20
  237.04
  100.89
  388.17
  476.09
  564.33
  627.44
  610.34
   94.86
   45.42
  431.35
  559.97
  559.48
  551.70
  502.85
   48.73
   97.92
  390.55
  620.85
  612.01
  625.58
  338.75
   55.81
   94.63
  634.07
  582.99
  643.61
  542.75
  617.79
  360.56
  296.73
  628.52
  633.48
  513.95
  637.36
  594.43
  303.47
  221.69
  614.59
  613.65
  611.64
  606.46
  612.83
  325.30
  204.25
  628.41
  638.91
  637.50
  632.06
  634.18
  467.23
  463.46
  617.79
  620.51
  616.83
  612.13
  618.38
  346.88
  420.51
  609.52
  599.27
  602.81
  611.42
  611.16
  292.26
  239.28
  629.12
  632.54
  627.70
  610.82
  273.26
  405.53
  203.99
  517.97
  605.98
  610.45
  613.43
  603.15
   85.89
   58.76
  529.89
  343.34
  342.04
  328.84
  321.06
   95.94
   58.98
  322.70
  518.91
  522.33
  559.03
  640.67
  129.92
  159.28
  404.45
  495.43
  426.40
  627.22
  520.69
  180.52
  111.62
  493.65
  539.32
  646.33
  557.96
  404.11
   28.09
   27.13
  501.21
  481.05
  464.99
  629.94
  576.36
  444.23
  247.89
  408.58
  448.82
  500.73
  614.48
  557.96
  593.72
  341.22
  371.43
  461.93
  561.38
  593.35
  460.52
  185.48
  133.57
  199.41
  269.49
  348.52
  583.10
  561.86
  119.53
   70.68
  199.52
  238.94
  262.41
  272.46
  216.28
  113.04
  121.76
  280.45
  178.88
  181.82
  183.72
  426.88
  453.44
  253.32
  261.00
  294.86
  305.94
  375.42
  310.07
  311.26
  208.13
  252.02
  264.05
  445.28
  500.87
  494.13
  444.80
  257.91
  426.40
  412.72
  442.11
  211.90
  207.31
  212.04
  123.06
  353.48
  349.01
  221.69
  242.82
  279.40
  150.56
  167.66
  214.98
  210.85
  202.47
  196.80
  201.42
  174.63
  172.51
  176.05
  197.03
  332.95
  480.45
  552.66
  455.79
  115.16
  190.43
  196.80
  180.18
  163.19
  121.99
  203.29
  121.42
  227.02
  535.08
  522.56
  218.52
  161.41
   88.49
  146.43
  290.84
  510.30
  600.80
  654.23
  473.37
  326.83
  303.70
  500.27
  506.76
  457.43
  592.64
  546.03
  245.54
  247.18
  203.88
  227.72
  340.99
  460.52
  325.30
  372.03
  263.12
  481.05
  576.02
  363.87
  509.70
  244.35
  115.76
   99.70
  355.49
  541.08
  526.69
  591.94
  661.09
  653.41
  319.39
  429.71
  556.43
  522.45
  543.34
  617.42
  552.66
  302.28
  307.83
  398.33
  334.14
  333.80
  528.11
  197.51
  241.88
  413.20
  378.14
  557.25
  573.64
  563.99
  291.66
   94.97
  229.73
  244.83
  144.08
   97.35
  114.57
  108.09
  108.20
  220.05
  328.96
   71.39
   81.89
  222.29
  225.60
  276.68
  459.55
  611.16
  627.93
  630.42
  248.48
  108.68
  102.42
   96.50
  102.05
  105.48
  106.78
  103.13
  102.88
  103.02
  134.87
  109.84
  123.06
  111.85
  122.95
  116.21
  121.31
  106.30
  102.17
   98.77
  104.66
  123.89
   82.60
  116.33
  145.12
   98.06
   88.97
  135.69
  116.58
  108.20
  113.75
  108.91
  117.63
  112.45
  102.17
  119.41
  118.93
  118.11
  108.91
  121.54
  111.74
  134.17
  147.02
   82.01
   85.77
  109.61
  119.30
  120.12
  176.50
  174.86
  111.74
  113.27
  135.33
  109.39
  126.49
  113.38
  121.54
  130.48
  132.86
  119.41
  117.63
  117.29
  137.56
  149.03
  137.56
  137.00
  190.80
  134.17
  156.93
  157.64
  139.35
  150.31
  149.03
  152.43
  149.14
  153.85
  156.93
  156.34
  168.97
  164.12
  162.11
  160.58
  215.43
  191.85
  194.34
  190.32
  199.04
  245.17
  367.52
  279.40
  221.58
  205.78
  189.50
  190.91
  251.54
  314.43
  344.98
  405.87
  479.49
  195.75
   79.77
  158.57
   82.94
  118.45
  166.02
  162.23
  168.26
  162.00
  195.75
  307.35
  368.01
  320.80
  346.88
  238.94
  178.99
  256.15
  261.00
  294.61
  268.90
  423.45
  532.36
  230.78
  203.65
   97.21
  104.77
  155.40
  186.89
  118.93
  112.67
  143.37
  108.68
  188.90
  247.06
  281.04
  326.35
  187.00
  202.13
  212.15
  325.53
  283.99
  264.76
  363.76
  115.87
  229.14
  351.24
  439.99
  448.60
  395.25
  285.29
  227.24
  261.45
  387.23
  549.01
  259.47
  349.12
  413.79
   81.89
  190.54
  154.92
  165.54
  160.81
  162.11
  160.10
  105.48
  202.24
  204.82
  209.77
  270.79
  345.47
  211.56
  267.59
  276.80
  163.76
  161.52
  148.07
  144.19
  118.93
  113.38
  280.11
  423.93
  411.78
  360.81
  333.91
  248.37
  148.44
  164.83
  141.70
  139.94
  136.86
  214.27
  211.90
   99.82
  124.11
  122.58
  121.99
  145.24
  161.41
   89.20
   87.44
  134.99
  131.79
  129.07
  330.26
  229.03
  197.88
  122.95
  173.55
  168.97
  217.93
  326.58
  252.84
  178.28
  147.47
  194.79
  191.03
  288.12
  345.58
  367.30
  239.05
   96.28
  289.20
  428.29
  525.16
  480.57
  281.04
   67.48
   60.77
  266.18
  392.19
  473.26
  154.55
  157.98
  162.23
  290.62
  418.86
  183.72
  183.95
  160.92
  236.81
  199.04
  130.14
  386.75
  171.09
  291.89
  559.26
  558.32
  327.99
  338.05
  253.80
  391.71
  335.33
  391.48
  394.68
  339.92
  305.11
  319.75
  457.54
  431.49
  427.95
  426.40
  140.28
  132.38
  498.74
  351.72
  306.53
  307.01
  502.03
  345.24
  342.41
  572.37
  571.29
  361.75
  192.33
  570.58
  349.37
  202.83
  366.82
  141.10
  140.76
   98.40
  159.51
   69.26
  142.66
  310.89
  346.29
  343.82
  344.53
  302.65
  161.52
  107.38
  354.19
  257.09
  458.02
  435.26
  456.01
  464.99
  471.36
  578.26
  635.71
  675.24
  670.88
  955.69
 1144.23
 1152.27
 1159.57
 1065.65
  917.35
  806.21
  687.28
  627.70
  582.62
  614.84
  513.02
  477.51
  496.37
  531.54
  220.28
  180.18
  509.70
  363.53
  352.77
  249.90
  445.88
  314.91
  335.67
  603.38
  653.41
  648.12
  645.62
  644.58
  640.67
  657.80
  668.87
  680.31
  687.28
  646.81
  584.15
  619.54
  671.48
  670.77
  677.14
  672.64
  663.80
  783.07
  918.54
  918.40
  917.69
  925.25
  922.42
  923.13
  925.14
  925.25
  924.06
  927.49
  932.45
  937.51
  821.67
  682.80
  561.49
  541.56
  582.14
  566.00
  368.94
  524.09
  561.49
  327.29
  150.45
  361.63
  396.66
  630.98
  627.44
  627.70
  399.98
  398.67
  425.46
  353.73
  352.91
  410.25
  407.28
  283.06
  183.95
  224.89
  224.30
  143.59
  156.93
  226.90
  395.39
  512.20
  346.65
  552.77
  362.94
  349.83
  301.94
  131.79
  114.68
  224.07
  257.57
  246.47
  238.34
  252.13
  125.67
  123.89
  224.89
  231.49
  293.45
  194.57
  218.52
  135.69
  105.48
  194.90
  239.16
  264.76
  308.54
  518.68
  825.92
  397.14
  633.48
  669.10
  708.03
  875.10
  740.97
  655.20
  607.62
  621.67
  620.37
  681.39
  747.45
  688.33
  153.14
  224.07
  618.50
  635.60
  676.89
  698.60
  775.40
  330.00
  130.63
  372.59
  546.29
  563.87
  568.83
  559.26
  284.47
   88.01
  451.06
  523.15
  629.94
  500.27
  647.75
  249.56
  106.78
  438.09
  632.77
  644.58
  656.61
  748.64
 1577.25
 1408.88
 1688.39
 1111.80
 1512.94
 1490.77
 1230.96
 1237.67
 1219.15
 1099.06
  894.22
  793.58
  914.29
  871.82
  875.10
  985.31
 1012.81
  858.37
 1278.28
 1301.53
 1109.31
  886.32
  868.85
  928.31
 1033.34
  949.21
  879.24
  864.49
  866.86
  769.99
  744.85
  769.99
  772.71
  763.96
  755.35
  598.56
  595.48
  745.10
  767.16
  761.61
  769.51
  740.26
  628.15
  401.28
  543.68
  787.43
  844.07
  682.92
  678.08
  635.37
  483.62
  680.43
  642.31
  460.63
  396.21
  442.68
  464.17
  480.20
  799.13
  850.69
  847.98
  845.74
  854.12
  516.07
  576.62
  816.94
  855.17
  855.54
  855.88
  679.97
  605.05
  573.08
  667.09
  766.08
  815.89
  839.71
  842.91
  715.71
  602.10
  596.89
  842.65
  841.49
  844.66
  848.91
  778.60
  773.76
  772.12
  769.99
  818.84
  840.67
  616.49
  722.79
  643.50
  441.97
  764.07
  805.27
  726.55
  792.65
  842.20
  864.37
  870.26
  875.10
  723.86
  702.85
  765.38
 1207.37
 1358.73
 1170.79
 1028.13
 1023.65
 1008.45
  936.69
  868.62
  874.99
  854.23
  851.29
  851.74
  845.85
  851.86
  851.03
  867.43
  860.83
  857.29
  855.88
  859.42
  853.53
  860.49
  857.29
  853.75
  848.20
  850.44
  856.24
  849.99
  844.55
  881.73
  849.02
  849.73
  846.08
  843.13
  839.96
  840.19
  840.08
  836.17
  844.44
  833.93
  833.22
  830.05
  830.87
  841.38
  843.84
  860.01
  869.81
 1033.34
 1121.94
 1132.19
 1133.16
 1137.52
 1114.15
 1083.35
 1119.59
 1197.80
 1281.34
 1279.58
 1199.81
 1087.85
 1056.33
 1059.87
 1025.66
  991.09
  992.02
 1000.89
 1070.38
 1100.48
 1070.49
 1077.82
 1085.24
 1082.41
  923.84
  855.06
 1002.42
 1103.54
 1123.47
 1121.23
 1117.81
 1125.59
 1128.79
 1131.26
 1133.50
 1236.14
 1288.78
 1285.58
 1030.51
  519.98
  393.26
  468.16
  470.17
  406.01
  386.41
  446.92
  568.23
  819.06
  899.65
  849.73
  802.78
  797.12
  954.28
 1166.31
 1279.92
 1275.56
 1141.54
 1006.32
 1007.03
  996.75
  997.23
  999.95
  955.21
  926.33
  715.82
  755.47
  905.43
  900.84
  980.13
 1148.13
  994.63
  907.67
  907.07
 1069.78
 1439.09
 1613.13
 1608.17
 1448.77
 1171.50
 1126.90
 1242.51
 1250.90
 1247.58
 1252.31
 1205.82
 1167.14
 1379.26
 1619.24
 1752.59
 1857.25
 1646.62
 1609.10
 1953.52
 2087.66
 2261.81
 2234.91
 2089.67
 1950.10
 1906.80
 1861.24
 1851.58
 1720.25
 1591.07
 1589.76
 1588.58
 1392.85
 1286.77
 1281.00
 1475.31
 1543.38
 1111.10
  925.62
  923.61
  922.65
  917.47
  703.45
  781.77
  792.99
  792.16
  878.30
 1553.77
 1706.68
 1701.73
 1764.85
 1818.88
 1805.09
 1381.75
  853.53
  718.54
  835.12
  792.16
  792.53
  792.87
  794.40
  674.05
  375.91
  551.95
  666.27
  666.64
  669.21
  726.70
  301.57
  170.72
  378.03
  383.10
  378.51
  427.24
  397.51
  106.41
  105.71
  171.32
  147.73
  278.92
  308.31
  143.11
  148.44
  148.18
  207.79
  192.92
  360.11
  360.56
  351.10
  157.64
   82.94
  235.26
  217.70
  351.50
  352.83
  603.04
  301.46
  332.50
  342.04
  406.83
  462.98
  693.05
  403.29
  216.40
  276.80
  409.66
  669.92
  764.55
  647.52
  697.90
  146.91
  139.69
  325.05
  608.10
  635.01
  762.43
  561.61
  619.32
  199.29
  317.52
  448.00
  803.26
  759.00
  755.35
  829.68
  695.07
  769.17
  552.89
  564.21
  636.65
  699.09
  625.09
  642.79
  477.96
  412.83
  548.53
  602.81
  665.67
  685.04
  343.82
  464.51
  454.26
  493.79
  472.66
  471.84
  376.39
  171.43
  343.57
  214.27
  268.19
  457.20
  537.79
  524.46
  318.56
  272.66
  188.42
  242.82
  423.70
  394.68
  264.54
  236.81
  423.34
  590.07
  496.96
  363.16
  436.45
  527.29
  806.80
  665.81
  561.75
  506.98
  524.46
  655.31
  619.09
  494.13
  532.95
  431.01
  694.36
  686.68
  769.03
  770.44
  507.47
  534.59
  803.15
  795.22
  817.31
  821.19
  787.43
  712.88
  845.26
  823.54
  776.48
  771.29
  771.15
  816.60
  830.50
  588.65
  780.36
  827.08
  772.71
  770.11
  769.99
  785.79
  814.11
  728.22
  752.86
  780.13
  774.81
  778.83
  784.24
  803.60
  806.55
  802.07
  653.52
  465.59
  524.57
  538.13
  459.95
  610.00
  645.99
  772.34
  795.70
  633.48
  669.47
  603.63
  756.88
  738.02
  658.85
  694.47
  680.68
  481.05
  380.38
  350.79
  376.27
  461.56
  610.60
  539.80
  292.14
  323.89
  305.48
  307.35
  301.57
  347.59
  409.29
  327.29
  326.24
  305.23
  337.20
  313.84
  346.06
  316.81
  263.83
  410.11
  503.70
  527.17
  393.49
  426.65
  386.30
  362.46
  591.00
  666.64
  683.97
  738.48
  867.20
  810.46
  391.59
  442.82
  682.44
  818.13
  518.31
  578.03
  459.81
  257.34
  403.29
  473.12
  512.20
  477.37
  418.27
  306.19
  276.57
  331.08
  601.85
  628.29
  750.28
  766.91
  590.18
  422.40
  498.97
  600.20
  637.61
  584.63
  671.48
  561.38
  523.15
  648.46
  592.90
  446.58
  244.94
  184.06
  548.64
  253.32
  514.18
  277.51
  279.86
  288.24
  483.99
  420.39
  208.95
  418.61
  489.99
  486.46
  492.49
  471.48
  315.14
  244.12
  380.04
  351.61
  363.05
  388.54
  363.98
  337.45
  291.44
  393.26
  447.41
  581.91
  586.16
  638.77
  622.38
   63.83
  768.58
  844.78
  901.55
 1043.14
 1219.75
 1224.00
 1219.63
 1232.01
 1236.85
 1225.78
 1221.16
 1064.12
  804.79
  587.94
  676.43
  809.38
  893.51
  905.43
  905.54
  901.18
  912.28
  845.26
  738.59
  789.70
  789.56
  887.85
  798.54
  440.70
  788.74
  781.91
  797.23
  624.61
  463.46
  339.09
  243.41
  340.40
  388.88
  356.79
  515.14
  416.97
  413.79
  315.02
  205.67
  261.11
  232.20
  216.85
  460.38
  492.01
  317.63
  425.23
  388.42
  358.80
  313.61
  683.63
  657.18
  322.22
  617.08
 1015.87
 1150.49
 1316.51
 1496.66
 1495.84
 1497.37
 1491.96
 1488.53
 1497.85
 1490.17
 1338.79
 1176.45
 1164.64
 1310.96
 1478.85
 1472.96
 1474.12
 1223.29
  934.12
  926.33
  934.12
  937.66
  843.13
  947.43
  949.80
  799.36
  815.30
  596.44
  589.22
  649.76
  674.05
  735.53
  456.38
  246.02
  523.86
  572.71
  646.33
  663.80
  667.09
  808.33
 1033.34
 1174.55
 1310.96
 1082.41
  920.67
  794.06
  677.85
  285.77
  384.77
  452.47
  446.92
  543.46
  412.12
  448.11
  192.33
  108.20
  206.60
  416.48
  261.93
  330.00
  428.77
  229.48
  270.09
  179.81
  430.90
  475.61
  469.24
  213.91
  139.35
  367.41
  528.59
  510.52
  597.15
  572.11
  516.07
  412.72
  523.27
  425.94
  401.05
  341.22
  328.70
  214.27
  241.40
  391.37
  754.87
  772.94
  770.93
  773.42
  560.19
  118.82
  271.02
  330.83
  408.36
  339.80
  250.72
  364.81
  345.58
  141.95
  450.83
  380.52
  479.26
  518.68
  423.34
  538.84
  482.09
  578.03
  581.80
  433.36
  442.45
  101.94
   79.51
  404.93
  366.11
  402.47
  475.72
  680.79
  123.55
  119.41
  378.26
  460.86
  586.16
  780.61
  792.16
  517.26
  245.65
  445.65
  620.85
  788.14
  660.38
  801.48
  474.79
  147.84
  435.37
  749.58
  773.53
  769.88
  557.96
  425.46
  330.71
  739.66
  659.56
  593.72
  731.65
  750.51
  400.20
  142.77
  417.45
  489.88
  483.88
  532.24
  592.53
  182.42
  163.53
  545.92
  582.99
  649.53
  758.30
  689.18
  250.72
  206.12
  477.51
  562.91
  561.61
  595.48
  574.49
  464.28
  421.44
  697.53
  709.93
  661.68
  649.39
  735.64
  727.74
  547.70
  713.70
  712.28
  749.09
  743.69
  744.03
  544.87
  455.42
  765.38
  788.99
  779.19
  783.67
  785.57
  399.98
  376.61
  690.34
  774.13
  762.66
  765.26
  773.42
  555.60
  484.93
  704.98
  771.04
  765.26
  762.43
  762.54
  676.89
  334.51
  690.22
  717.61
  702.03
  752.63
  762.54
  538.13
  502.40
  686.46
  712.40
  603.04
  550.05
  560.08
  280.00
  258.62
  409.77
  468.16
  536.60
  535.30
  512.31
  396.66
  372.73
  398.79
  533.89
  478.92
  455.67
  407.17
  326.58
  219.57
  359.62
  398.56
  385.00
  403.63
  341.33
  287.42
  147.13
  448.34
  498.86
  539.92
  310.89
  440.92
  237.97
  227.24
  368.01
  391.85
  404.70
  324.34
  381.09
  229.73
  215.32
  415.07
  425.23
  430.64
  419.20
  429.59
  417.45
  347.48
  613.88
  719.13
  671.34
  637.13
  575.43
  448.71
  448.34
  694.47
  702.03
  514.43
  510.07
  432.43
  276.57
  246.58
  443.39
  444.09
  449.53
  438.57
  462.16
  733.41
  695.07
  696.96
  668.50
  674.17
  145.12
  162.48
  103.95
  521.85
 1416.07
 1895.59
 1803.19
 1558.36
 1292.89
 1112.74
  884.19
  867.32
 1079.35
 1296.43
 1288.30
 1293.85
 1295.16
 1299.52
 1235.10
 1171.38
 1163.11
 1126.08
  981.18
  862.36
  871.45
 1039.60
 1200.15
 1214.91
 1061.17
  895.75
  887.25
  661.79
  864.37
  863.78
  857.07
  859.42
  959.83
 1069.56
 1071.57
 1182.12
 1295.16
 1284.40
 1078.65
  851.86
  728.34
  575.20
  679.60
  680.79
  714.41
  616.37
  681.13
  436.79
  511.49
  587.80
  529.64
  512.65
  349.94
  826.63
  440.92
  336.26
  623.79
  596.44
  632.29
  728.34
  768.80
  425.57
  344.87
  382.87
  404.59
  414.36
  427.70
  450.95
  239.65
  208.72
  326.46
  177.80
  277.73
  226.31
  134.87
  171.54
  178.06
  252.13
  239.50
  278.81
  280.70
  230.78
  231.01
  181.11
  189.01
  317.04
  654.35
  924.21
 1016.09
  975.88
  978.46
  901.41
  827.93
  836.28
  797.12
  845.74
  366.36
  409.89
  582.39
  704.86
  656.36
  726.44
  703.19
  568.46
  314.91
  434.07
  634.18
  525.16
  419.68
  711.83
  501.09
  386.30
  398.08
  442.45
  516.44
  525.50
  528.48
  387.23
  184.54
  207.53
  561.27
  593.72
  488.47
  596.66
  195.50
  160.58
  233.02
  215.58
  202.24
  182.53
  180.52
   63.60
   53.32
  136.63
  154.21
  117.29
  109.84
  160.92
  116.58
  108.54
  109.61
  145.12
  166.36
  164.35
  164.46
  111.14
  129.92
  146.31
  123.18
  125.42
  120.35
  125.19
   55.70
   55.22
  115.76
  124.11
  139.12
  158.23
  169.79
  345.35
  296.99
  456.72
  543.09
  541.45
  477.14
  544.87
  545.10
  546.18
  487.28
  562.20
  463.09
  401.99
  400.20
  293.31
  266.18
  233.84
  238.57
  344.87
  338.05
  350.19
  532.02
  372.48
  255.93
  252.84
  362.57
  245.65
  361.52
  390.29
  357.73
  419.91
  556.09
  669.92
  667.57
  691.64
  801.25
  797.83
  796.18
  810.23
  800.06
  784.04
  783.44
  779.79
  591.34
  551.70
  668.99
  634.67
  577.78
  591.82
  613.65
  171.80
  363.98
  497.78
  617.79
  667.80
  630.76
  111.03
  124.37
  622.74
  548.04
  569.99
  653.07
  738.36
  718.91
  669.92
  643.98
  635.23
  594.17
  498.04
  512.53
  640.19
  325.76
  369.53
  361.63
  476.43
  362.12
  268.42
  545.10
  481.87
  483.62
  531.76
  528.22
  493.53
  504.97
  410.37
  282.35
  526.58
  539.80
  535.56
  521.74
  557.50
  593.61
  389.47
  644.21
  572.11
  561.49
  553.37
  421.81
  380.86
  155.63
  591.00
  582.28
  476.20
  390.06
  361.27
  297.92
  189.61
  628.86
  648.94
  640.56
  641.38
  596.78
  496.14
  459.21
  616.49
  561.75
  570.10
  479.38
  418.61
  342.29
  366.11
  354.78
  657.06
  580.98
  574.49
  597.60
  584.74
  564.21
  620.62
  631.69
  636.65
  637.72
  693.28
  485.52
  508.40
  644.43
  639.73
  536.60
  540.37
  376.50
  382.05
  403.03
  602.55
  519.84
  526.81
  528.00
  462.87
  311.26
  237.97
  523.75
  540.26
  522.56
  532.47
  594.31
  495.66
  478.55
  571.89
  571.66
  601.62
  586.16
  615.07
  438.32
  392.41
  622.74
  619.66
  729.05
  744.03
  740.85
  719.96
  593.12
  652.48
  692.83
  782.62
  779.79
  786.02
  781.54
  572.48
  580.86
  565.15
  575.31
  532.36
  564.21
  551.47
  546.03
  633.48
  702.97
  729.27
  737.06
  739.44
  647.86
  572.23
  604.93
  613.17
  565.52
  655.76
  674.42
  582.62
  572.60
  752.41
  828.15
  861.77
  864.97
  870.40
  874.65
  877.94
  867.20
  854.23
  853.64
  856.24
  854.12
  844.78
  841.12
  818.95
  829.20
  813.06
  806.80
  807.26
  801.14
  794.77
  790.41
  798.90
  791.12
  926.78
 1077.57
 1098.69
 1106.25
 1307.30
 1545.62
 1604.38
 1791.41
 1856.65
 1835.16
 1815.82
 1496.66
 1318.38
 1363.68
 1416.32
 1420.20
 1415.36
 1406.53
 1414.20
 1275.67
 1127.61
 1133.16
 1144.71
 1139.87
 1131.85
 1129.50
 1131.03
 1297.85
 1500.68
 1286.66
 1031.21
 1024.73
 1024.59
 1029.32
 1022.01
  940.60
  871.34
  814.11
  508.77
  819.77
  846.90
  839.59
  839.71
  835.94
  839.11
  835.01
  702.03
  860.24
  693.28
  644.92
  641.86
  452.02
  501.92
  566.71
  561.75
  557.73
  460.04
  446.70
  300.16
  360.81
  499.31
  406.46
  379.67
  570.58
  777.07
  298.97
  252.25
  492.83
  484.22
  690.22
  618.02
  608.33
  434.07
  499.91
  607.28
  730.80
  681.50
  690.70
  595.59
  683.51
  773.05
  781.77
  782.73
  781.21
  777.78
  510.18
  739.18
  786.61
  779.31
  775.66
  771.75
  767.61
  770.33
  503.70
  273.63
  507.81
  830.99
  895.18
  899.17
  893.51
  898.95
  893.40
 1183.50
 1535.25
 1334.09
 1125.82
 1138.93
 1139.87
  978.94
  889.74
  571.52
  670.51
  618.38
  535.08
  240.35
  185.36
  431.61
  614.25
  608.22
  643.16
  455.90
  559.48
  389.95
  521.85
  580.72
  531.17
  481.61
  471.36
  137.00
  156.11
  385.11
  380.52
  391.59
  415.92
  400.20
  319.87
  225.71
  180.75
  220.28
  260.18
  197.03
  155.40
  316.33
  232.42
  466.41
  557.96
  262.04
  376.98
  371.89
  380.75
  273.74
  289.54
  335.33
  476.09
  658.96
  649.39
  323.29
   98.29
  390.29
  233.13
  467.00
  469.01
  473.60
  255.93
  126.60
  201.64
  356.79
  514.77
  416.97
  556.91
  217.33
  178.99
  432.77
  570.24
  569.76
  593.61
  494.24
  342.86
  128.50
  384.88
  397.96
  509.11
  506.28
  439.62
  189.61
  215.80
  402.92
  458.02
  470.54
  510.41
  559.97
  166.73
   32.45
  334.73
  371.89
  387.46
  409.89
  506.53
  105.37
   85.89
  202.13
  386.19
  398.93
  431.83
  452.73
  164.01
  160.70
  272.21
  397.63
  419.20
  452.14
  472.78
  160.22
  196.32
  394.91
  538.84
  565.15
  558.07
  570.47
  314.80
  316.33
  456.01
  452.36
  446.10
  520.80
  694.36
  371.66
  282.23
  519.13
  523.15
  552.07
  541.56
  561.27
  291.18
  376.73
  476.91
  624.75
  747.93
  756.88
  759.97
  398.45
  347.82
  594.06
  656.95
  655.20
  672.19
  618.84
  310.55
  304.77
  481.61
  578.60
  625.32
  741.42
  742.13
  527.51
  265.84
  504.75
  573.53
  573.78
  585.45
  581.32
  353.14
  221.58
  359.99
  702.74
  683.51
  690.82
  739.89
  176.50
  161.29
  403.74
  623.57
  643.61
  569.99
  510.52
  233.02
  124.11
  314.32
  650.24
  632.06
  742.13
  739.30
  328.48
  362.46
  477.73
  517.26
  552.66
  393.49
  337.57
  336.74
  227.61
  448.11
  432.65
  413.91
  450.12
  409.29
  245.54
   69.15
  357.02
  318.56
  277.62
  300.98
  355.49
  180.63
  155.03
  454.37
  262.04
  398.93
  191.85
  238.57
  415.55
  166.25
  411.53
  247.66
  263.57
  340.51
  501.43
  191.73
  160.22
  399.98
  401.76
  359.14
  337.34
  365.77
  201.42
  199.86
  506.39
  442.82
  459.92
  452.02
  450.95
  192.07
  169.67
  317.52
  365.17
  371.89
  368.01
  430.30
  244.01
  235.14
  466.29
  367.30
  260.29
  136.74
  131.33
  121.42
  283.06
  749.46
  754.30
  756.88
  595.25
  622.63
  460.26
  851.40
 1026.49
 1228.47
 1059.53
  858.11
  847.16
  848.09
  849.99
  671.70
  665.22
  738.59
  776.70
  776.48
  612.83
  403.40
  573.90
  553.59
  734.71
  730.09
  655.31
  395.02
  326.01
  350.31
  318.34
  541.45
  617.19
  743.09
  759.97
  718.54
  734.71
  714.89
  775.17
  662.73
  705.46
  776.82
  845.63
  909.91
  968.21
 1021.64
 1077.12
 1084.20
 1098.21
 1104.13
 1098.58
 1098.58
 1095.04
 1083.83
 1078.28
 1075.93
  974.69
  855.65
  866.01
  870.74
  879.46
  885.84
  888.33
  891.87
  889.52
  886.69
  883.85
  881.48
  873.57
  872.87
  616.00
  783.78
  771.63
  669.69
  949.80
 1739.84
 1431.08
 1593.42
 1818.88
 1812.16
 1812.87
 1668.46
 1515.18
 1451.24
 1441.33
 1429.77
 1345.28
 1444.53
 1655.94
 1849.91
 2005.20
 1976.29
 1752.81
 1515.55
 1506.12
 1488.64
 1560.37
 1640.96
 1647.70
 1385.29
 1097.28
 1084.90
 1167.84
 1117.47
  920.07
  920.67
  846.56
  820.14
  657.06
  591.11
  625.92
  327.77
  187.83
  344.64
  302.51
  315.85
  316.55
  437.01
  245.88
  889.15
 3305.88
 1504.22
 1603.21
 1849.91
 1911.61
 1979.12
 1891.68
 1955.50
 1848.61
 1537.97
 1536.19
 1448.63
 1344.71
 1342.33
 2083.41
 2430.29
 1945.59
 1573.60
 1486.86
 2336.37
 1999.99
 1514.36
 1507.39
 1504.11
 1514.13
 1270.94
  984.12
  975.88
  971.15
  974.10
  891.05
  937.06
 1030.39
  487.16
  427.24
  551.47
  574.49
  653.89
  631.47
  657.77
  650.58
  549.46
  494.02
  550.76
  555.72
  553.37
  545.58
  425.35
  371.77
  334.25
  349.12
  343.00
  355.15
  325.76
  283.28
  254.37
  265.70
  369.76
  291.32
  336.97
  163.05
  120.57
  119.75
  112.56
  317.15
  308.54
  356.79
  352.54
  268.78
  157.38
  383.35
  272.66
  511.83
  366.11
  586.87
  620.37
  577.32
  615.78
  587.46
  605.39
  690.45
  634.41
  566.45
  477.85
  622.86
  627.93
  439.51
  465.81
  550.99
  578.60
  692.83
  426.17
  628.75
  761.61
  761.38
  753.71
  753.71
  758.07
  489.99
  506.05
  482.58
  502.99
  508.40
  627.59
  568.69
  643.27
  229.96
  279.29
  205.67
  379.67
  410.37
  407.88
  463.58
  759.37
  330.60
  407.17
  576.47
  480.20
  515.03
  531.31
  624.50
  744.25
  759.00
  756.43
  674.65
  626.99
  578.85
  732.59
  699.20
  736.69
  472.41
  705.57
  745.92
  735.19
  688.58
  681.50
  712.40
  624.16
  745.81
  750.17
  761.24
  761.24
  755.01
  753.23
  751.59
  750.76
  757.70
  814.59
  875.36
  870.52
  862.47
  861.54
  869.21
  892.58
  898.58
  900.36
  890.23
  890.56
  888.55
  888.10
  887.73
  896.71
  905.09
  901.07
  838.18
  773.53
  773.16
  778.60
  783.90
  783.19
  690.45
  758.30
  760.08
  766.20
  767.50
  773.53
  770.11
  770.22
  768.32
  768.09
  605.39
  531.76
  761.72
  754.87
  753.60
  765.63
  767.50
  754.16
  755.13
  757.59
  762.66
  754.64
  756.77
  754.64
  440.33
  463.69
  669.92
  760.19
  756.99
  758.66
  743.69
  762.20
  760.08
  662.39
  680.54
  663.55
  739.66
  765.63
  771.75
  758.78
  706.51
  714.77
  598.42
  642.08
  660.60
  768.32
  788.96
  753.60
  763.96
  759.60
  760.31
  760.31
  757.25
  725.85
  690.45
  698.38
  702.74
  737.54
  751.81
  690.59
  319.05
  518.91
  641.97
  613.54
  571.07
  586.98
  385.59
  341.22
  610.94
  607.99
  664.62
  288.24
  297.67
  282.12
  280.56
  574.12
  466.89
  479.63
  515.37
  516.44
  408.24
  507.95
  609.89
  535.30
  657.77
  422.63
  557.73
  506.39
  745.55
  305.11
  664.03
  747.93
  792.76
  782.37
  490.96
  425.35
  764.19
  594.77
  536.49
  519.61
  510.64
  341.10
  366.11
  475.84
  480.57
  332.84
  211.78
  193.15
  178.17
  190.20
  214.50
  548.64
  566.00
  629.71
  528.59
  242.22
  195.05
  315.02
  324.94
  217.81
  466.04
  487.28
  392.30
  844.78
 1104.47
 1392.14
 1396.73
 1395.09
 1396.02
 1394.72
 1392.59
 1248.55
 1154.51
 1146.72
 1140.46
 1133.98
 1020.82
  877.34
  887.85
  884.31
  876.07
  869.33
  643.73
  688.33
  692.57
  751.70
  784.04
  699.31
  753.94
  716.19
  584.63
  651.40
  708.63
  634.52
  529.64
  577.78
 1022.01
 1291.47
 1302.69
 1311.66
 1312.00
 1312.26
 1321.09
 1123.84
  906.62
  899.65
  774.35
  859.30
  871.22
  871.22
  881.25
  876.18
  870.86
  880.54
  879.95
  827.45
 1074.06
 1316.14
 1320.64
 1315.20
 1314.01
 1228.72
 1139.64
  935.65
  675.58
  726.55
  760.31
  764.44
  766.79
  769.88
  603.97
  495.20
  245.05
  207.08
  316.67
  368.01
  398.33
  373.56
  154.33
  383.69
  221.81
  197.03
  226.31
  225.49
  236.56
  217.81
  174.86
  157.38
  164.61
  164.61
  170.50
  198.22
  193.38
  246.47
  116.33
  134.87
  130.48
  107.72
  116.47
  135.10
  115.50
  109.61
  112.33
  128.50
  121.05
  108.31
  105.71
  114.68
  102.76
  139.12
  113.75
  113.64
  120.94
  117.74
   85.18
   78.81
   89.42
   99.11
  101.23
  100.52
  105.71
   98.88
   99.00
  275.15
  218.52
  297.33
  128.95
  281.98
  309.25
  218.15
  238.57
  361.52
   31.97
   18.29
   19.94
   16.99
   39.42
  234.21
  413.91
  261.82
   53.46
   46.61
  310.07
  541.56
  251.68
  228.89
  275.15
  276.80
  330.97
  177.21
   37.89
  301.57
  336.15
  321.17
  492.12
  117.74
   26.67
    0.00
  254.37
  436.45
  459.33
  449.42
  444.35
   63.83
   50.04
  460.86
  526.58
  566.00
  632.88
  517.86
  105.14
  314.32
  527.06
  576.96
  649.65
  517.60
  526.58
  149.37
   63.94
  494.50
  699.54
  755.35
  674.76
  513.84
  348.18
   84.84
  370.24
  513.02
  532.72
  282.57
  327.65
  109.84
   24.89
  374.72
  366.48
  439.99
  274.67
  258.76
  194.34
  172.62
  511.83
  552.55
  698.38
  559.97
  581.68
  390.06
  460.74
  753.71
  755.47
  764.07
  754.05
  766.91
  377.21
  404.82
  694.36
  757.96
  759.37
  760.79
  571.66
  616.26
  633.59
  591.00
  666.86
  566.45
  617.79
  614.59
  388.54
  317.15
  744.96
  755.13
  752.89
  752.18
  752.63
  759.71
  501.69
  246.36
  673.46
  756.06
  754.87
  756.43
  407.54
  384.06
  697.08
  750.62
  758.30
  765.26
  659.19
  445.28
  446.81
  678.78
  741.56
  754.87
  758.18
  685.04
  399.98
  611.05
  757.36
  758.78
  758.55
  756.54
  756.65
  748.27
  739.07
  434.32
  690.70
  419.57
  590.89
  318.68
  334.73
  300.64
  406.71
  673.71
  751.22
  750.88
  755.47
  645.51
  641.49
  740.00
  759.37
  739.44
  761.50
  758.66
  765.04
  764.78
  773.64
  770.59
  767.87
  760.19
  756.54
  753.23
  789.33
  614.14
  557.02
  558.55
  558.07
  581.68
  605.87
  605.05
  608.81
  607.76
  609.41
  602.55
  608.81
  607.76
  616.60
  741.79
  873.46
  867.32
  869.44
  867.57
  860.83
  865.79
  864.74
  745.44
  615.41
  614.59
  613.43
  608.10
  601.73
  620.85
  635.71
  635.01
  622.15
  600.80
  582.02
  578.26
  676.18
  795.48
  800.06
  798.20
  677.96
  542.75
  561.04
  628.52
  706.39
  714.41
  716.19
  664.96
  592.42
  606.21
  608.47
  612.01
  622.15
  626.17
  621.78
  621.67
  627.70
  629.46
  593.83
  591.82
  581.57
  548.53
  216.62
  228.18
  123.40
  413.54
  419.09
  717.35
  605.27
  407.76
  608.81
  857.77
  855.65
  854.23
  855.76
  852.93
  803.97
  332.50
  548.87
  591.11
  661.57
  546.18
  701.21
  864.03
  857.66
 1030.14
 1227.76
 1238.75
 1129.62
 1119.45
 1629.52
 2128.61
 2111.25
 1921.07
 1724.86
 1636.49
 1548.45
 1548.11
 1557.09
 1550.57
 1545.39
 1539.25
 1540.55
 1551.65
 1555.78
 1554.71
 1550.01
 1549.04
 1542.45
 1533.24
 1339.27
 1193.92
 1195.45
 1190.24
 1186.59
 1186.25
 1184.13
 1021.42
  709.82
  748.39
  737.06
  689.29
  707.21
  592.90
  624.75
  636.90
  681.95
  649.05
  604.93
  603.86
  675.58
  677.25
  771.63
  757.70
  757.96
  582.85
  584.03
  507.69
  594.17
  526.92
  519.02
  527.29
  514.89
  516.07
  489.29
  532.36
  274.67
  283.88
  420.87
  386.30
  393.49
  404.70
  388.54
  368.60
  391.37
  285.29
  273.74
  279.29
  289.65
  204.70
  284.47
  274.31
  231.86
  246.95
  222.06
  191.96
  181.94
   77.98
   78.35
  111.03
  156.93
  123.18
  123.55
  117.63
  133.20
  201.98
  348.89
  283.17
  147.62
  130.37
  228.06
  307.01
  303.10
  280.22
  220.05
  213.45
  220.64
  302.99
  194.57
  108.68
  165.77
  271.02
  455.42
  540.63
  525.87
  527.40
  549.94
  356.79
  352.54
  374.86
  473.49
  551.58
  433.13
  295.09
  261.82
  261.11
  313.84
  420.39
  398.45
  442.82
  236.22
  350.08
  668.16
  727.03
  558.66
  555.83
  431.49
  413.79
  659.19
  621.55
  558.66
  554.08
  557.36
  529.30
  415.21
  597.37
  646.22
  647.15
  659.44
  658.73
  341.44
  226.76
  659.07
  576.73
  591.00
  587.94
  562.46
  524.80
  428.07
  527.63
  544.16
  393.83
  531.31
  527.06
  458.25
  448.71
  557.13
  527.17
  413.91
  278.58
  305.60
  332.72
  332.38
  430.19
  378.14
  348.30
  405.64
  393.83
  376.13
  339.21
  429.37
  430.64
  499.08
  571.07
  519.50
  430.64
  343.12
  407.28
  499.20
  619.91
  557.62
  529.04
  362.57
  366.11
  444.80
  380.04
  462.05
  546.52
  623.79
  340.03
  170.13
  698.38
  714.66
  646.22
  658.25
  608.10
  490.48
  481.98
  567.75
  718.54
  723.38
  711.23
  632.99
  423.82
  433.73
  724.80
  739.66
  740.37
  740.49
  698.24
  437.01
  441.03
  653.78
  635.83
  659.19
  673.71
  571.07
  504.86
  526.92
  510.18
  672.41
  700.73
  732.10
  727.15
  563.28
  564.44
  616.37
  557.96
  551.58
  553.00
  521.85
  346.77
  298.03
  588.51
  616.71
  648.12
  632.54
  652.11
  292.85
  296.14
  364.95
  549.12
  545.21
  490.70
  543.34
  448.82
  570.81
  572.23
  440.70
  356.08
  346.63
  369.05
  377.21
  435.23
  623.08
  607.51
  747.68
  667.46
  710.64
  741.31
  742.72
  776.22
  805.39
  807.74
  734.00
  769.99
  574.01
  470.17
  649.53
  657.32
  698.49
  696.25
  681.73
  484.81
  404.70
  662.73
  705.80
  704.72
  683.63
  646.11
  593.46
  560.56
  768.58
  766.57
  747.68
  522.56
  585.31
  766.20
  767.50
  760.87
  729.27
  694.47
  678.53
  722.90
  394.43
  406.01
  719.84
  712.88
  687.05
  673.46
  683.51
  656.47
  668.16
  615.41
  834.87
  849.87
  857.77
  858.00
  818.58
  275.61
  682.21
 1007.51
 1163.23
 1168.89
 1167.48
 1158.05
 1174.55
 1170.42
 1204.66
 1103.17
 1039.60
 1037.70
 1024.14
 1024.25
 1088.78
 1153.68
 1155.33
 1159.09
 1087.48
  989.79
  988.74
  951.33
  901.18
  896.00
  897.16
  890.45
  607.17
  608.47
  619.91
  702.63
  659.07
  765.04
  810.34
  805.73
  855.99
  902.49
  904.72
  885.61
 1051.26
 1271.77
 1300.22
 1303.40
 1264.21
 1296.91
 1099.51
  855.06
  844.30
  833.82
  827.45
  821.90
  909.34
 1040.05
 1038.29
  970.33
  857.89
  858.71
  898.83
  914.04
  898.01
  978.91
 1084.42
 1089.49
 1074.14
 1092.44
 1008.53
  891.75
  889.97
  857.89
  758.30
  745.21
  867.43
  901.78
  818.36
  788.14
  790.86
  604.79
  476.43
  703.19
  596.66
  580.01
  564.10
  540.74
  357.98
  386.64
  666.64
  670.88
  689.74
  662.84
  729.05
 1283.49
 1790.39
 1294.22
 1174.81
 1352.13
 1548.51
 1691.70
 1690.03
 1682.13
 1481.08
 1254.21
 1353.43
 1480.38
 1377.84
 1245.46
 1247.73
 1240.28
 1241.10
 1247.41
 1075.79
  892.92
  799.02
  691.30
  819.77
  892.09
  882.18
  864.97
  865.67
  617.79
  687.50
  799.58
  805.61
  803.38
  680.31
  681.02
  334.85
  211.44
  413.79
  400.68
  391.14
  433.13
  401.05
  230.67
  251.68
  556.65
  528.11
  383.92
  266.07
  271.84
  206.83
  203.40
  272.32
  272.55
  447.18
  508.66
  666.64
  407.76
  437.61
  454.37
  810.34
  834.87
  530.12
  563.39
  675.58
  841.01
  831.47
  809.27
  817.31
  771.29
  745.67
  474.68
  594.88
  715.37
  501.43
  498.15
  525.99
  525.76
  276.20
  283.54
  355.26
  356.68
  334.73
  343.94
  305.11
  183.24
  180.04
  191.25
  488.83
  574.61
  792.76
  788.51
  763.25
  795.00
  799.36
  821.19
  813.17
  713.47
  716.42
  688.21
  457.20
  691.41
  568.57
  615.07
  779.65
  795.70
  847.38
 1394.01
 1252.54
 1082.41
  916.39
  808.22
  806.44
  794.40
  783.67
  797.01
  797.23
  794.66
  797.12
  708.29
  729.16
  636.42
  714.52
  744.51
  761.50
  765.15
  778.49
  774.69
  710.27
  790.86
  791.34
  785.57
  583.33
  718.77
  555.12
  527.29
  774.69
  678.78
  665.33
  673.83
  672.19
  565.74
  498.15
  719.81
  617.53
  602.92
  620.62
  615.66
  576.25
  431.83
  712.40
  718.54
  551.58
  566.22
  566.71
  401.16
  400.80
  633.82
  658.25
  640.67
  635.71
  641.86
  428.07
  418.04
  627.70
  652.22
  665.45
  720.32
  687.87
  494.61
  633.11
  652.11
  622.74
  642.08
  624.16
  652.22
  444.69
  449.53
  628.04
  603.63
  632.65
  631.13
  597.71
  584.74
  455.19
  469.83
  670.88
  566.56
  519.61
  498.97
  405.16
  353.37
  591.34
  728.45
  715.71
  509.59
  602.10
  366.59
  344.98
  572.60
  580.72
  581.54
  626.88
  534.48
  591.23
  341.59
  521.62
  510.41
  473.60
  581.91
  531.05
  412.94
  425.83
  570.58
  604.45
  600.32
  544.28
  562.32
  427.24
  450.12
  607.62
  585.11
  637.13
  547.82
  567.89
  283.65
  286.37
  532.95
  513.61
  563.02
  549.12
  541.79
  401.39
  393.12
  610.00
  646.70
  649.05
  715.37
  712.28
  427.24
  638.60
  749.21
  499.57
  603.86
  619.54
  599.72
  365.17
  320.21
  631.13
  648.94
  665.33
  676.29
  689.18
  520.80
  497.07
  626.28
  630.87
  627.10
  605.27
  615.55
  510.30
  515.85
  643.50
  638.91
  512.76
  387.60
  324.11
  241.77
  248.71
  481.61
  493.08
  467.00
  287.53
  295.43
  109.95
  102.76
  390.06
  413.31
  383.21
  405.41
  392.19
  199.41
  201.98
  530.23
  488.47
  354.44
  371.55
  319.27
  122.95
  118.34
  291.89
  326.95
  330.97
  323.89
  292.97
  157.38
  228.77
  287.42
  101.46
  303.36
  146.99
  150.45
  143.59
  154.92
  649.53
  620.25
  707.78
  367.18
  379.22
  119.64
  125.78
  527.88
  450.95
  521.40
  621.92
  896.11
  644.21
  567.98
  799.24
  900.70
  903.79
  900.48
  888.33
  878.90
  884.31
 1022.12
 1162.89
 1161.93
 1165.83
 1172.20
 1027.67
  889.04
  888.67
  895.18
  899.99
 1053.27
 1209.02
 1219.63
 1217.03
 1214.45
 1224.82
 1390.70
 1563.20
 1425.27
 1274.03
 1274.48
 1303.65
 1363.94
 1363.68
 1359.58
 1267.29
 1163.34
 1159.69
 1153.91
 1025.18
  884.79
  876.52
  866.38
  860.12
  859.90
  857.07
  997.57
 1205.82
 1209.02
 1059.42
  826.26
  715.37
  771.15
  821.78
  593.35
  541.45
  573.76
  543.20
  559.74
  613.43
  735.76
  756.88
  815.53
  875.59
  512.05
  487.64
  674.88
  675.24
  578.97
  518.31
  545.81
  744.73
  767.39
  797.01
  737.88
  779.53
  688.47
  742.72
  408.95
  340.51
  599.98
  626.74
  442.11
  422.40
  437.27
  242.00
  248.20
  348.41
  342.86
  438.91
  434.18
  421.81
  240.10
  192.44
  284.58
  281.04
  420.87
  512.65
 1078.39
 1318.04
 2079.05
 2260.73
 1627.88
 1426.94
 1424.71
 1350.94
 1263.04
 1251.83
 1366.51
 1499.60
 1379.51
 1254.80
 1163.71
 1080.40
 1078.39
 1074.14
 1078.87
 1074.62
 1070.86
 1281.93
 1358.61
 1355.90
 1027.59
  844.32
  832.74
  816.60
  803.26
  800.43
  675.47
  747.08
  791.82
  604.45
  523.64
  338.16
  338.16
  357.50
  369.65
  514.29
  487.53
  658.85
  589.47
  402.47
  308.54
  540.03
  667.34
  777.78
  681.50
  757.59
  892.21
  985.65
 1000.18
  937.66
  920.18
 1101.64
  942.36
  801.96
  804.79
  801.73
  801.37
  801.96
  783.67
  784.04
  507.69
  517.49
  681.95
  640.33
  750.28
  735.05
  701.07
  418.86
  411.78
  750.17
  693.42
  491.30
  446.58
  226.19
  236.45
  233.27
  590.07
  687.50
  635.35
  534.25
  577.32
  342.75
  233.98
  580.16
  463.35
  406.94
  399.27
  420.87
  330.00
  422.29
  661.42
  625.69
  614.84
  496.71
  568.69
  335.78
  383.35
  678.56
  728.34
  764.07
  771.41
  764.07
  637.24
  413.65
  622.04
  674.31
  714.89
  620.62
  624.05
  279.29
  367.89
  171.09
  355.86
  750.99
  742.98
  742.13
  522.11
  385.00
  689.52
  703.67
  722.90
  666.64
  622.63
  552.89
  581.57
  611.05
  589.92
  578.85
  595.02
  510.89
  459.33
  507.69
  529.41
  499.08
  491.41
  482.92
  486.82
  428.41
  443.05
  435.00
  438.09
  341.22
  256.49
  246.19
  421.30
  415.52
  461.08
  536.55
  540.46
  521.96
  534.91
  528.25
  528.25
  528.70
  463.15
  513.07
  470.29
  441.06
  527.32
  525.50
  528.25
  524.80
  583.02
  690.45
  578.88
  280.00
  289.20
  485.92
  376.64
  392.50
  390.43
  408.84
  237.21
  228.46
  461.08
  417.36
  340.51
  352.23
  341.44
  314.06
  386.98
  374.09
  361.92
  382.84
  420.11
  428.86
  288.72
  179.22
  350.87
  341.44
  314.97
  316.36
  316.81
  168.88
  168.17
  391.14
  397.80
  414.59
  404.02
  402.18
  386.30
  228.23
  373.87
  359.60
  353.62
  406.32
  402.18
  236.98
  238.46
  371.80
  372.25
  381.46
  380.78
  395.73
  258.84
  258.62
  447.94
  490.76
  490.05
  245.48
  204.76
  141.27
  180.60
  237.21
  234.44
  174.18
  243.41
  246.87
  185.90
  153.22
  279.32
  331.76
  440.36
  528.48
  348.33
  413.68
  555.63
  834.02
  835.18
  714.83
  668.59
  667.91
  355.69
  289.43
  384.00
  499.96
  460.15
  346.48
  765.23
  783.39
  340.28
  664.68
  737.17
  553.34
  431.38
  526.64
  316.36
  286.45
  583.67
  580.72
  566.00
  334.31
  285.97
  481.33
  448.20
  564.61
  385.14
  368.80
  677.57
  760.39
  848.51
  838.41
  762.69
  824.81
  811.48
  796.07
  824.59
  822.75
  827.59
  719.22
  834.95
  835.63
  839.76
  839.08
  843.67
  485.01
  513.02
  738.76
  672.19
  586.27
  583.02
  423.79
  413.20
  515.82
  542.52
  378.48
  450.04
  411.13
  418.27
  485.92
  485.92
  420.34
  507.10
  638.91
   94.55
  324.62
  439.22
  642.14
  634.10
  516.75
  404.02
  146.09
  135.98
  144.02
  646.28
  486.37
  471.19
  653.18
  656.41
  817.68
  820.68
  818.84
  810.26
  507.78
  506.16
  599.35
  597.29
  598.87
  588.08
  579.90
  581.17
  568.06
  569.68
  431.15
  425.40
  325.33
  432.77
  286.62
  300.24
  436.90
  156.45
  138.27
  160.81
  175.79
  167.04
   86.73
   30.84
  119.64
  111.12
  145.41
  152.09
  155.06
  141.73
  133.20
  115.73
  111.82
  122.41
  113.21
  109.98
  111.37
  122.87
  130.46
  120.57
  115.96
  112.73
   97.33
  146.09
  151.16
   99.85
   85.35
   89.40
   89.28
   86.51
   86.96
   85.60
   85.83
   83.99
  186.13
  223.65
  225.71
  474.87
  697.59
  546.66
  377.55
  364.89
  304.60
  369.51
  279.09
  220.87
  118.02
  117.12
  149.54
  165.20
  141.50
  184.06
  256.30
  158.97
  147.47
  159.68
  179.93
  192.10
  198.33
  178.54
   74.08
   74.30
   93.87
  204.53
  227.55
  271.95
  260.68
  111.37
  113.21
  300.02
  308.06
  351.55
  305.99
  298.40
  244.35
  251.94
  272.07
  180.55
  225.57
  218.44
  222.20
  162.20
  210.17
  328.79
  282.86
  333.69
  278.78
  224.78
  245.05
  248.99
  310.92
  503.13
  349.26
  343.00
  297.58
  226.53
  217.90
  245.08
  505.09
  569.48
  612.10
  611.22
  296.28
  421.64
  699.45
 1052.28
  984.32
  836.76
  829.85
  685.41
  638.06
  744.59
  732.25
  730.43
  741.93
  728.03
  557.45
  606.26
  687.00
  703.05
  711.21
  730.89
  740.00
  637.58
  665.22
  624.98
  618.41
  629.85
  760.14
  742.30
  508.00
  438.80
  596.86
  564.69
  588.23
  612.49
  616.09
  424.81
  226.19
  616.03
  578.74
  566.34
  607.00
  505.80
  422.35
  348.35
  520.04
  458.42
  556.03
  645.68
  625.29
  484.78
  316.75
  664.99
  794.60
  660.18
  565.83
  733.12
  292.94
  289.65
  194.96
  546.35
  735.47
  597.34
  266.55
  279.23
  282.01
  514.66
  492.77
  360.56
  682.44
  189.58
  164.80
  160.05
  446.39
  434.35
  334.11
  511.15
  419.34
  279.03
  288.21
  595.81
  501.75
  469.58
  264.79
  243.67
  117.12
  222.94
  371.77
  367.78
  363.16
  364.72
  349.71
  379.96
  306.44
  491.67
  524.14
  467.28
  424.07
  535.41
  314.88
  305.62
  365.63
  358.86
  361.83
  355.46
  400.23
  319.67
  332.38
  424.27
  450.04
  498.04
  387.43
  405.19
  262.27
  199.72
  486.06
  371.29
  374.26
  375.65
  363.02
  262.24
  250.97
  434.92
  335.98
  474.85
  339.04
  295.85
  286.31
  325.93
  621.07
  206.34
  278.47
  560.65
  282.66
  289.12
  312.00
  540.80
  565.03
  574.07
  210.14
  201.76
  232.71
  242.51
  607.06
  649.87
  678.47
  521.60
  517.41
  236.05
  241.60
  680.48
  575.14
  569.03
  277.73
  155.66
  231.24
  386.86
  524.91
  534.71
  683.60
  409.04
  461.48
  348.21
  289.91
  468.73
  791.09
  792.36
  625.04
  250.26
  277.02
  255.02
  243.52
  365.97
  290.16
  206.97
  102.03
   78.64
  118.36
  251.85
  227.19
  184.82
  127.62
  165.34
  129.32
  139.89
  159.62
  683.17
  538.16
  473.09
  514.35
  406.38
  219.23
  264.28
  446.05
  731.23
  423.45
  674.28
  297.36
  118.90
  464.57
  554.73
  638.23
  651.46
  365.66
   79.63
   85.18
  257.20
  288.32
  287.30
  277.51
  148.69
   80.17
   81.35
  190.43
  208.41
  165.71
   76.60
  101.74
   99.00
   88.83
  352.46
  607.45
  592.39
  593.38
  571.04
  290.50
  203.68
  507.75
  403.03
  277.25
  247.66
  251.43
  183.35
  172.73
  253.92
  193.80
  214.61
  199.18
  114.99
  109.81
   86.20
  334.37
  118.36
   94.69
   71.47
   74.28
   56.44
  194.03
  409.38
  414.70
  411.16
  398.36
  265.98
  216.23
   95.63
  442.03
  146.54
  146.99
  124.42
  230.30
  112.22
  103.64
  155.97
  227.67
  227.16
  118.90
  112.05
   27.75
   29.73
  466.77
  355.66
  514.49
  472.81
  498.32
  285.86
  234.61
  545.61
  640.61
  667.31
  508.15
  332.44
  335.21
  277.56
  291.95
  503.28
  265.61
  389.70
   84.84
   80.33
   71.39
  502.57
  486.62
  512.05
  487.25
  273.43
   77.36
   74.22
  278.07
  283.31
  246.58
  259.35
  284.02
  170.84
   79.49
  356.14
  287.61
  125.78
  184.57
  282.49
  138.38
   83.25
   84.02
   84.61
  123.35
  167.07
  100.35
  141.07
  134.36
  109.87
  107.29
  513.30
  805.13
  239.31
  306.22
    0.00
    0.00
   17.05
  474.48
  466.69
  532.78
   97.98
    0.00
  194.17
  188.87
   57.91
  385.48
  415.72
  191.71
  192.75
  430.44
  450.49
  428.24
  123.38
  240.50
  115.90
   56.83
  238.26
  292.99
  347.93
  316.84
  238.91
  153.87
  190.06
  141.16
  281.64
  240.55
  172.14
  378.60
  212.94
   69.43
  267.00
  186.21
  207.22
  470.14
  429.68
  221.32
  267.91
  399.07
  458.39
  561.27
  437.89
  454.34
  203.43
  328.02
  488.30
  536.07
  478.02
  241.37
  392.22
  189.78
  186.83
  357.67
  375.08
  435.88
  574.35
  569.99
  566.03
  388.56
  625.21
  598.93
  588.00
  669.44
  650.98
  639.08
  622.12
  773.53
  785.96
  784.52
  749.29
  804.76
  645.03
  445.45
  579.14
  764.92
  774.83
  801.45
  804.48
  581.40
  457.63
  643.98
  686.63
  601.51
  688.38
  743.91
  539.66
  460.43
  500.33
  674.54
  618.38
  614.96
  561.69
  473.88
  542.58
  286.93
  375.28
  210.08
  172.05
  196.55
  174.52
  295.17
  515.03
  567.30
  565.18
  579.50
  446.30
  182.93
  210.93
  532.78
  565.60
  576.45
  416.68
  372.28
  341.64
  182.87
  426.71
  343.14
  479.77
  203.77
  459.21
  676.77
  153.85
  525.39
  720.86
  734.28
  651.00
  594.40
  454.32
  386.27
  707.33
  589.50
  468.28
  495.71
  484.87
  362.51
  321.96
  669.92
  414.93
  386.50
  499.34
  739.64
  530.37
  259.41
  578.26
  580.16
  575.77
  661.62
  472.38
  285.01
   91.97
  431.32
  529.75
  376.27
  510.67
  417.11
    0.00
    0.00
  426.85
  340.76
  378.17
  412.92
  410.65
  363.28
    0.00
  533.60
  547.62
  595.62
  578.40
  684.47
  365.46
  111.17
  341.08
  496.99
  424.21
    0.00
  105.51
  275.35
    0.00
  188.62
  220.45
  129.72
  440.75
  445.20
   26.59
    0.00
  401.99
  284.90
  177.46
  365.26
  158.15
   41.74
    0.00
   55.47
  575.03
  351.58
  140.54
  266.63
   81.92
    8.27
  150.16
  630.87
  790.24
  792.31
  771.95
   96.08
  126.01
  101.26
  188.22
  224.50
  220.08
  134.22
  104.86
    0.00
   74.22
  495.63
  328.48
   39.36
   62.01
    0.00
    0.00
  118.59
  138.19
  227.70
  174.46
  138.64
   23.53
   69.94
   65.92
  118.65
  113.07
  150.53
  608.93
  676.74
  657.69
  638.18
  531.42
  433.59
  455.70
  299.08
  338.10
  250.94
  208.04
  451.71
    0.00
  214.27
  438.46
  229.14
   85.74
  208.19
  361.83
  184.94
  124.23
  131.19
  108.77
  207.65
  184.09
  239.14
  145.35
  275.58
  470.23
  558.27
  687.22
  714.35
  734.68
  801.34
  804.62
  801.73
  816.18
  807.14
  804.59
  826.37
  822.41
  784.21
  513.38
  158.83
  282.97
  512.25
  278.58
  335.27
  352.97
  302.14
    0.00
  133.63
  187.80
  207.11
  271.30
  531.34
  550.85
    0.00
  141.61
  275.98
  176.58
    0.00
   28.40
  211.92
   50.18
   50.21
  330.49
  386.13
  350.79
  498.74
  104.21
    0.00
   59.81
  251.71
   52.78
   57.74
   56.24
   51.62
   60.48
   61.99
  277.17
  268.13
  224.44
  225.57
  143.40
  119.41
  113.49
  141.50
  404.28
  113.64
  146.00
  250.58
   28.52
   27.33
  361.44
   51.45
   54.31
   50.63
   33.07
    0.00
    0.00
  124.99
  144.05
  111.68
  115.42
   80.56
   99.90
  151.92
  150.76
  153.96
  152.83
  152.12
  148.27
   80.17
   91.75
  105.51
   85.49
  168.54
   83.56
  120.77
  101.01
   92.26
   86.88
   89.48
   88.58
   89.17
  240.92
   59.89
  111.20
  105.82
  220.73
  108.43
   93.87
  129.46
  112.50
  113.35
  359.51
  226.62
  232.23
  251.37
  247.29
   53.77
   87.78
  193.63
  173.27
  152.97
  200.26
  201.45
  154.50
  163.56
  284.27
  174.26
  181.74
  194.34
  193.18
  187.94
  291.83
  252.10
  256.66
  256.72
  258.48
  251.54
  222.91
  225.43
  433.84
  217.70
  164.52
  272.29
  249.39
  249.84
  211.56
  229.28
  248.68
  187.68
  162.96
  223.28
  191.73
  209.37
  414.25
  203.97
  188.62
  183.78
  188.00
  193.09
  184.34
  413.82
  173.36
  186.55
  176.07
  175.17
  223.17
  468.96
  821.19
  631.52
  650.58
  671.45
  669.55
  516.61
  345.13
  708.20
  751.90
  749.49
  648.09
  669.84
  434.98
  455.00
  617.14
  668.36
  809.01
  821.39
  712.96
  590.55
  354.44
  559.03
  758.95
  609.77
  825.24
  826.03
  609.94
  602.67
  581.97
  640.87
  771.86
  773.36
  810.12
  757.76
  142.46
  386.44
  480.51
  668.96
  780.78
  636.68
  570.98
  647.89
  581.32
  364.10
  568.01
  663.04
  814.42
  672.41
  154.27
  551.98
  549.21
  572.96
  578.80
  582.96
  289.85
  349.68
  652.34
  712.62
  496.96
  446.95
  579.42
  220.14
  101.46
  635.51
  450.52
  743.83
  590.72
  593.63
  579.48
  514.35
  605.19
  769.00
  229.20
  226.70
  268.67
   71.56
  230.84
  246.84
  595.42
  239.67
  423.96
  340.00
   57.00
  195.27
  554.44
  597.66
  571.89
  593.12
  487.19
  614.59
  630.47
  601.99
  601.36
  495.32
  437.04
  472.66
  550.08
  107.63
  577.01
  613.26
  608.76
  486.31
  599.47
  601.05
  466.46
  546.54
  614.56
  591.60
  761.02
  767.75
  122.84
   16.48
  587.97
  666.72
  810.80
  597.43
  389.16
   56.86
  194.57
  269.60
   36.47
    0.00
  421.86
  226.82
    0.00
    0.00
  235.65
  442.65
  319.56
  465.70
  381.71
  229.39
  371.72
  772.12
  770.11
   80.31
  607.96
  825.63
  181.48
   75.10
  572.03
  625.94
  792.59
  831.52
  829.20
  593.32
  161.18
  158.86
  243.58
  348.01
  452.70
    0.03
    0.00
  409.07
  582.93
   43.35
  732.59
  458.08
  585.54
  158.52
  178.23
  265.58
  477.20
  192.21
  212.46
  243.47
  144.42
    0.00
  358.15
  434.75
  369.85
  272.27
  310.35
  402.27
  384.54
  570.41
  519.78
 1082.16
 1731.49
 1823.15
 1786.45
 1769.12
 1687.29
 1440.62
 1227.31
 1040.73
  698.58
  679.04
  672.50
  673.71
  765.09
  600.37
  697.33
  444.66
  232.03
   46.10
  521.54
  548.53
  461.68
  439.45
   29.90
  338.33
  187.49
  479.63
  162.65
  141.44
  249.75
  205.27
   64.11
    7.05
  173.07
  361.61
  418.41
  147.05
  253.69
    0.00
  424.38
  534.54
  467.00
  344.93
  220.19
   94.32
    0.00
    0.00
  322.05
  266.91
  299.62
  156.88
    0.00
    0.00
  441.06
 1801.09
 1483.92
  886.35
  620.03
  618.81
  364.15
  443.27
  630.42
  727.57
  265.41
  239.53
  131.50
  286.74
  612.61
  439.39
  270.23
  254.40
  304.04
  276.29
  226.65
  210.39
  172.79
  186.04
  258.59
    0.00
  466.75
    0.00
    0.00
  324.60
  126.15
  356.17
  374.04
  266.15
  191.48
  314.88
  249.10
  127.62
  114.43
  183.92
  182.22
    0.00
    0.00
  382.08
    0.00
  251.20
  278.98
  273.48
  431.86
  464.74
  410.88
  303.16
  321.62
  185.19
  177.74
  148.13
  269.58
  385.90
   23.13
  352.97
  290.22
  295.71
  114.29
  116.81
  140.48
   63.83
  179.44
  311.54
  226.68
  190.63
    0.00
   86.48
  209.57
  177.15
  258.73
  209.09
  206.03
  196.41
  347.96
  383.78
  438.88
  158.86
    0.00
  124.28
  105.42
  389.36
  388.45
  444.55
  256.32
  301.18
  184.51
   23.22
  256.30
  391.11
   96.90
  230.36
  252.30
  216.85
  201.79
  364.18
  556.99
  210.73
  120.01
  270.43
  147.73
  155.06
  353.34
  295.17
  302.62
  296.36
  174.18
  200.06
  186.32
  330.71
  301.35
  348.98
  168.20
  154.75
  111.37
    0.00
  545.41
  402.01
  476.97
  264.22
  164.07
  193.94
  193.57
  453.47
  486.57
  453.21
  378.43
  326.18
  442.68
  133.26
  321.40
  383.01
  413.82
  545.89
  607.40
  588.20
  587.21
  376.33
  516.33
  466.52
  520.27
  463.94
  305.31
  349.74
  423.03
  466.83
  460.94
  297.04
  471.25
  375.57
  413.54
  458.22
  574.07
  528.19
  490.76
  527.97
  470.17
  428.83
  404.02
  457.49
  556.34
  461.45
  462.10
  415.92
  236.28
  356.17
  270.79
  437.61
  458.53
  479.49
  582.48
  501.21
  449.90
  400.91
  398.84
  321.59
  120.37
  303.08
  403.12
  395.81
  395.22
  392.44
  389.87
  392.56
  402.35
  214.87
  400.66
  413.74
  414.96
  498.21
  414.45
  266.43
  405.70
  414.76
  419.54
  414.98
  599.55
  624.02
  405.50
  406.88
  405.07
  399.41
  409.04
  407.79
  407.88
  406.63
  403.63
  401.59
  407.65
  413.03
  421.38
  417.45
   82.94
  384.85
  419.06
  418.49
  416.88
  416.46
  408.92
  402.67
  411.25
  405.04
  404.82
  404.82
  403.94
  405.16
  405.10
  404.70
  405.53
  405.87
  459.02
  617.96
  621.67
  603.69
  623.37
  616.57
  793.69
  977.04
  973.73
  960.59
  970.84
  978.57
  982.91
  988.43
 1060.52
 1166.46
  986.56
  829.60
  831.92
  875.61
  946.75
  803.35
  644.58
  638.69
  627.05
  631.69
  717.44
  910.70
 1002.10
 1000.49
 1141.51
 1278.85
 1265.71
 1119.68
  966.82
  836.20
  923.75
  987.78
 1005.36
  999.92
 1054.83
 1075.98
 1108.18
 1109.51
 1110.64
 1110.84
 1082.61
 1109.88
 1137.63
 1124.86
 1132.33
 1134.54
 1111.55
 1113.14
 1129.28
  998.08
  684.30
  801.65
  824.22
  825.07
  811.42
  819.55
  829.80
  805.42
  441.49
  401.99
  416.51
  464.79
  798.71
  791.26
  823.60
  587.74
  626.99
  602.55
  539.58
  499.71
  481.58
  640.33
  760.05
  828.44
  562.97
   78.38
  662.95
  334.22
  269.63
  642.08
  482.97
  580.47
  223.62
  248.93
  489.37
  593.52
  598.08
  612.78
  798.90
  625.92
  686.17
  698.80
  431.35
  805.59
  913.02
 1123.07
 1134.37
 1299.09
 1428.53
 1161.93
  822.46
  974.01
 1179.00
 1171.64
 1528.29
 1896.46
 1879.81
 1819.90
 1630.82
 1382.37
 1371.24
 1377.13
 1388.71
 1295.41
 1158.24
 1139.22
 1133.47
 1128.23
 1124.41
 1143.15
  979.08
  820.31
  820.79
  819.38
  810.03
  655.25
  621.55
  440.70
  315.14
  302.42
   61.56
    0.00
  301.46
  382.14
  315.08
  386.61
  441.49
  640.50
  442.96
  545.67
  303.16
    0.00
    0.00
  285.69
   71.16
    0.00
  125.81
  142.75
  276.77
  828.86
  835.94
  824.87
  830.79
  472.47
  623.79
  659.95
  381.91
  345.98
  399.18
  335.55
  464.14
  463.75
  562.51
  592.95
  605.67
  245.31
  260.77
  393.35
  396.04
  394.62
  388.56
  387.57
  344.25
  275.66
  401.39
 1679.08
 1698.76
 1776.49
 1885.28
 1701.39
 1548.03
 1717.56
 1725.43
 1365.30
 1264.60
 1083.83
 1093.54
 1090.28
  972.60
  836.96
  835.97
  832.91
  637.98
  679.09
  533.57
  549.29
  762.32
  546.52
  490.22
  497.07
  199.92
  188.11
  537.26
  786.36
  787.12
  661.85
  613.60
  709.93
  488.35
  581.63
  745.87
  787.10
  772.40
  781.63
  566.99
  517.83
  665.70
  812.81
  842.00
 1014.71
  899.43
  827.33
  703.42
  758.01
  788.45
  642.85
  462.10
  450.10
  340.93
  281.10
  539.46
 1026.34
 1059.50
  842.79
  888.64
  962.01
 1023.40
 1021.45
 1081.65
 1148.53
 1120.87
 1129.96
  854.35
  617.45
  764.55
  928.14
  881.79
  923.75
  788.88
  596.01
  589.92
  614.22
  613.97
  618.41
  620.48
  609.94
  549.38
  574.29
  590.77
  658.85
  763.59
  781.88
  790.21
  771.95
  770.53
  823.79
  867.77
  856.70
  869.84
  740.43
  617.79
  603.21
  724.17
  865.11
  865.87
  864.82
  732.39
  642.06
  656.61
  838.77
 1013.21
  989.50
  983.39
  852.14
  625.12
  614.73
  748.19
  911.63
  908.60
  849.90
  683.68
  604.96
  594.97
  597.71
  859.08
 1046.51
 1053.64
  861.54
  600.83
  606.15
  611.02
  692.43
  766.82
  756.88
  692.94
  600.29
  601.76
  747.82
  819.23
  714.18
  715.28
  718.17
  714.41
  711.91
  733.72
  759.20
  689.77
  624.10
  599.89
  602.38
  602.84
  640.30
  701.63
  658.79
  624.84
  622.06
  618.84
  409.55
  612.47
  747.08
  911.32
  921.74
  791.94
  624.61
  624.08
  602.75
  696.00
  780.67
  779.51
  710.64
  481.70
  615.07
  651.60
  765.23
  773.16
  781.09
  560.93
  576.79
  653.55
  764.67
  705.83
  621.07
  617.00
  604.65
  599.16
  617.34
  620.11
  624.19
  597.66
  502.00
  619.80
  624.27
  637.44
  636.99
  635.54
  618.13
  615.24
  621.47
  619.66
  624.05
  486.51
  639.28
  634.84
  647.21
  729.05
  834.33
  810.94
  837.02
 1020.48
 1207.01
 1201.57
 1102.91
  999.56
 1005.93
  987.35
  975.52
 1118.97
 1249.40
 1171.21
 1332.14
 1337.49
 1219.97
  982.59
  798.25
  783.24
  974.01
 1277.66
 1296.85
 1091.81
  874.74
  878.33
  862.22
  865.31
  838.83
  837.30
  821.53
  824.02
  838.07
  835.04
  826.60
  839.34
  856.61
  848.09
  837.22
  836.85
  808.33
  422.97
  397.20
  305.06
  983.13
 1124.66
 1140.77
  999.90
  861.26
  852.11
  849.68
  853.27
  854.57
  847.18
  872.61
  909.54
  351.44
  575.79
  613.14
  869.13
  881.81
  874.93
  873.32
  829.88
  163.73
  180.80
  818.22
  808.05
  610.43
  571.32
  249.16
  241.46
  304.21
  650.92
  829.80
  514.21
  666.66
  874.42
  879.61
  856.19
  858.17
  863.55
  852.17
  830.14
  797.20
  794.77
  797.63
  799.47
  803.12
  802.81
  800.49
  725.17
  706.51
  647.61
  549.52
  329.21
  617.85
  771.78
  679.04
  295.63
   91.07
  165.54
  330.46
  355.15
  718.12
  693.56
  777.98
  812.24
  624.58
  651.46
  783.61
  750.37
  417.11
  423.11
  373.19
  305.57
  598.50
  607.08
  454.12
    8.13
  207.39
  631.07
  524.43
  298.06
  199.41
  430.76
    0.00
    0.00
    0.00
  243.27
  591.99
  450.44
  322.30
    0.00
    0.00
   74.39
   92.20
   61.33
   41.14
   32.59
   34.15
   28.60
   81.47
  110.12
  148.32
  111.48
  103.50
    0.00
    0.00
  193.12
  117.32
   88.15
  102.34
  102.71
   49.41
   65.67
   99.51
  109.93
  275.86
  328.48
  341.25
    0.00
    0.00
  322.39
  157.10
   96.67
  275.95
  141.64
   95.46
    0.00
  157.64
  152.88
  138.02
  256.01
  138.41
  101.88
    0.00
  151.04
  148.55
  146.14
  173.30
  190.09
  152.74
    0.00
  186.18
  192.47
   98.77
  139.29
  127.09
  178.82
  162.77
  177.49
  467.26
  373.56
  394.37
  481.36
  126.77
  183.04
  353.20
  493.90
  525.84
  596.69
  446.10
  550.90
  397.94
  392.81
  350.00
  600.01
  574.95
  565.83
  485.92
  292.51
  532.13
  341.73
  376.27
  812.41
  903.65
  607.96
  690.73
  808.62
  628.15
  708.63
  839.82
  836.65
  616.60
  533.55
  746.86
  661.93
  725.39
  527.63
  616.71
  321.08
  265.67
  518.06
  641.18
  572.26
  449.33
  477.99
  336.43
  115.19
  577.30
  379.62
  411.08
  473.74
  353.79
  182.70
  271.67
  479.26
  468.62
  830.25
  449.67
  588.62
  546.49
  471.42
  557.39
  621.16
  559.88
  577.78
  267.62
  476.69
  493.56
  588.17
  839.91
  669.69
  610.82
  429.57
  352.37
   54.03
  590.07
  610.09
  667.06
  608.39
  540.60
  405.72
  611.45
  697.05
  491.21
  553.37
  556.03
  735.02
  612.72
  222.85
  685.58
  575.31
  707.04
  427.50
  341.39
  615.24
  497.10
  426.96
  565.29
  692.52
  838.94
  869.78
  872.50
 1005.53
 1130.58
 1280.69
 1435.07
 1891.00
 1832.61
 1547.63
 1830.03
 1301.56
 1163.99
 1341.65
 1348.17
 1186.28
 1086.09
 1042.31
 1040.33
 1045.46
  895.04
  827.08
  862.90
  851.12
  852.54
  858.60
  802.02
  818.30
  782.28
  819.04
  853.55
  845.40
  849.28
  842.82
  855.20
  809.66
  833.53
  854.83
  852.17
  849.36
  841.15
  835.69
  819.12
  811.56
  815.16
  826.94
  834.21
  834.70
  831.78
  851.29
  846.79
  779.05
  799.27
  855.42
  855.65
  836.20
  844.01
  865.33
  860.78
  869.67
  879.27
  888.58
  886.54
  416.71
  794.91
  769.54
  674.22
  850.04
  843.53
  856.02
  857.32
  837.41
  831.18
  798.14
  867.40
  871.45
  872.56
  845.82
  847.47
  852.08
  843.13
 1066.33
 1258.00
 1293.43
 1332.82
 1281.45
 1620.43
 1609.81
 1601.49
 1612.05
 1617.54
 1622.19
 1494.34
 1561.42
 1777.31
 1770.62
 1760.52
 1739.08
 1563.29
 1220.71
 1095.66
 1087.08
 1193.72
 1338.51
 1447.76
 1275.28
 1053.92
 1041.13
 1035.60
 1033.93
 1032.83
 1063.81
  906.17
  724.91
  699.96
  728.20
  813.26
  755.83
  762.43
  798.48
  804.42
  807.57
  610.60
  833.96
  831.07
  839.40
  851.60
  857.75
  745.81
  789.05
  859.44
  858.23
  857.24
  843.05
  797.88
  859.33
  750.91
  615.55
  547.68
  669.89
  694.36
  714.18
  714.35
  712.96
  576.56
  423.68
  423.08
  422.86
  423.79
  423.14
  426.28
  427.92
  427.95
  425.38
  426.28
  423.82
  422.06
  422.60
  497.41
  581.17
  712.96
  692.55
  676.40
  701.24
  529.81
  629.26
  650.27
  720.72
  850.33
  897.59
  758.10
  730.46
  866.92
  894.30
  889.57
  769.11
  830.99
  530.20
  441.40
  669.52
  651.83
  851.60
  846.33
  800.49
  569.40
  303.73
  634.95
  687.42
  690.11
  792.36
  640.13
  296.19
  110.86
  226.82
  233.76
  217.33
  272.44
  275.98
  107.38
  107.55
  290.25
  401.84
  374.72
  342.66
  342.18
  371.06
  319.75
  440.41
  622.26
  753.57
  770.25
  774.49
  506.42
  308.34
  390.35
  513.13
  431.32
  516.27
  496.05
  287.19
  148.95
  243.04
  340.62
  381.43
  143.88
  191.45
  138.84
   90.95
  237.83
  228.97
  219.23
  400.23
  301.83
  279.97
  117.54
  158.38
  163.67
  263.66
  273.34
  314.35
  280.11
   79.74
  313.16
   58.62
  102.11
  225.09
  298.54
   60.60
   63.29
   73.57
  347.53
  265.84
  333.29
  451.97
  482.97
  285.72
  452.02
  615.64
  437.16
  589.19
  524.03
  222.23
  309.64
  375.42
  428.32
  460.40
  242.39
  582.96
  488.41
  693.54
  555.32
  596.81
  521.54
  541.98
  711.49
  474.79
  597.06
  708.40
  708.66
  718.68
  705.49
  716.22
  666.38
  687.50
  652.51
  539.46
  536.66
  613.31
  774.21
  493.00
  555.66
  306.22
  409.83
  507.01
  610.40
  561.24
  418.92
  457.29
  319.98
  436.50
  395.84
  760.28
 1072.27
  919.28
  910.53
  894.13
  838.91
  842.37
  844.13
  779.82
  716.56
  765.46
  711.80
  657.57
  706.02
  800.55
  670.20
  699.88
  699.91
  774.47
  638.32
  506.33
  580.01
  456.64
  208.92
  396.35
  806.10
  578.12
  589.95
  616.51
  619.57
  292.26
  240.72
  673.35
  604.22
  624.39
  523.86
  648.12
  348.78
  237.55
  600.49
  579.11
  546.91
  337.11
  471.76
  550.37
  226.68
  577.95
  497.10
  663.44
  641.40
  572.79
  434.04
  238.57
  588.37
  544.11
  510.52
  614.73
  609.63
  485.24
  502.54
  493.87
  644.41
  670.97
  580.86
  715.20
  818.95
  751.59
  800.23
  793.21
  692.88
  763.59
  779.85
  804.76
  810.14
  818.92
  815.41
  817.48
  810.51
  821.44
  775.66
  732.27
  830.82
  649.48
  610.91
  498.01
   96.70
  402.98
  436.82
  638.40
  844.83
  809.01
  726.13
  619.83
   66.37
  186.49
  780.19
  634.24
  843.05
  689.46
  638.46
  390.49
  162.91
  399.24
  474.56
  428.26
  624.75
  485.75
   56.46
   56.21
  445.45
  630.59
  651.74
  590.12
  564.10
  481.75
   38.77
  583.02
  568.55
  569.28
  333.80
  355.23
  242.59
  222.77
  405.44
  320.09
  325.73
  432.03
  281.53
  110.92
  152.57
  344.08
  242.02
  292.94
  373.90
  444.66
  664.96
  181.09
  618.75
  814.17
  776.59
  143.00
   50.32
   40.66
   41.34
  260.51
  589.70
  492.09
  773.96
  671.82
   80.62
   50.40
  413.94
  751.67
  817.96
  802.39
  864.54
  697.08
   41.03
  568.74
  423.62
  611.39
  427.81
  542.83
  579.93
  403.49
  452.11
  680.79
  737.85
  764.16
  616.29
   78.15
  118.70
  410.88
  604.14
  285.60
  268.95
  366.31
   73.28
  158.60
  173.61
  391.93
  497.44
  611.53
  701.21
  742.72
   42.82
  767.87
  714.66
  227.27
  225.60
  218.27
  661.20
  482.29
  602.95
  795.62
  794.29
  783.07
  775.09
  775.99
  779.08
  785.37
  776.39
  775.34
  771.12
  765.89
  763.82
  775.74
  789.16
  797.15
  726.81
  158.15
  247.38
  245.79
  405.92
  702.48
  762.15
  762.60
  607.37
  778.37
  785.45
  653.81
  789.50
  766.68
  227.33
  191.42
  204.87
  675.64
  727.83
  779.68
  524.77
  470.54
  359.20
  328.31
  232.59
  245.93
  629.99
  348.07
  314.26
  592.93
  507.86
  363.05
   59.72
  570.36
  638.15
  318.51
  530.35
   49.21
   47.52
   49.61
   94.69
  334.31
  572.65
  266.63
  134.42
   97.81
   70.03
   71.92
  264.68
  213.88
  124.08
  145.86
   78.10
   69.63
  128.02
  133.12
  135.38
  147.33
  156.96
   63.01
   69.63
  148.01
  198.90
   86.68
   73.82
   71.81
   78.83
   81.10
  270.20
  275.55
  209.80
  121.00
  130.29
   72.32
   79.83
  225.97
  238.09
  229.71
  359.91
  129.55
  450.21
  511.52
  401.19
  340.51
  425.06
  200.03
  238.63
  465.76
  118.14
  358.69
  337.82
  245.68
  270.00
  160.25
  133.85
  129.61
  381.51
  182.76
  280.48
  274.70
  153.62
   92.82
   87.39
  153.96
   74.33
   85.69
   86.79
   95.71
  212.06
  212.35
  379.11
  354.19
  348.86
  321.57
  324.37
  310.75
  298.88
  261.90
  239.70
  233.30
  245.65
  231.26
  186.64
  150.70
  300.24
  281.30
  454.06
  493.59
  551.44
  261.34
  204.76
  201.19
  251.54
  398.81
  393.94
  394.00
  288.83
  283.42
  336.43
  265.64
  349.60
  313.24
  331.17
  197.59
  195.92
  293.87
  395.73
  395.61
  399.04
  408.13
  394.45
  401.02
  400.15
  402.04
  333.60
  340.37
  398.56
  401.31
  401.53
  400.80
  399.95
  398.50
  396.49
  397.23
  396.97
  297.16
  400.12
  396.69
  383.44
  398.25
  397.94
  399.18
  402.13
  202.01
  320.15
  274.42
  284.87
  315.73
  242.48
  256.98
  415.07
  411.05
  490.82
  587.04
  586.13
  345.13
  386.36
  497.73
  539.07
  556.26
  469.38
  398.84
  312.59
  229.85
  551.75
  470.77
  473.60
  467.65
  467.40
  381.60
  499.57
  435.40
  489.46
  542.35
  637.92
  472.13
  499.11
  314.52
  394.28
  506.79
  443.64
  515.85
  633.19
  420.85
  372.79
  453.95
  412.07
  533.04
  728.90
  583.78
  409.04
  517.24
  773.87
  657.66
  765.55
  664.65
  677.25
  511.35
  777.67
  782.54
  435.82
   49.64
  178.00
  235.20
  497.44
  654.40
  467.54
  463.91
  463.18
  465.13
  458.59
  271.84
  158.06
  662.93
  556.09
  711.43
  674.90
  644.89
  259.67
  272.04
  489.20
  597.71
  608.10
  638.40
  206.54
  463.46
  270.94
  593.04
  618.69
  505.65
  692.35
  465.61
  395.27
  276.66
  705.32
  688.35
  667.23
  663.66
  616.60
  371.38
  451.65
  637.95
  672.10
  574.72
  754.16
  818.84
  579.93
  413.91
  849.14
  828.86
  638.26
  726.13
  837.27
  708.83
  703.56
  846.59
  847.21
  844.63
  847.89
  926.13
 1008.65
 1009.30
 1011.51
 1011.65
  963.85
  928.23
  926.50
  928.51
  931.17
  933.10
  895.44
  852.85
  810.60
  812.58
  589.36
  649.02
  859.98
  582.76
  610.17
  638.57
  854.35
  671.79
  448.91
  449.30
  410.42
  263.63
  419.32
  418.18
   91.44
   22.34
  279.83
  325.16
  450.04
  296.51
  214.19
   86.76
   60.97
  194.20
  691.41
  418.75
  296.31
  335.72
  252.98
  253.10
  186.66
  813.60
  815.44
  861.14
  931.03
 1006.38
 1004.26
 1070.41
 1138.82
 1114.75
 1015.24
  854.69
  557.08
  542.69
  786.95
  855.42
  774.04
  727.26
  445.79
  427.64
  345.24
  582.39
  613.23
  613.85
  619.83
  596.18
  312.93
  259.52
  595.31
  568.60
  535.61
  475.84
  470.80
  159.14
  280.90
  259.04
  734.88
  507.38
  305.20
  453.66
  313.27
  288.15
  269.89
  137.20
  252.56
  556.40
  565.49
   69.57
   76.34
  287.84
  247.40
  156.68
  184.77
  159.88
  297.50
  171.52
  260.09
  333.88
  181.82
   55.53
  138.53
  126.58
  129.66
  319.27
  327.77
  141.58
  117.46
  111.60
  101.03
  103.02
  138.38
  145.04
   88.43
  229.34
  172.51
  230.67
  336.72
  299.42
  177.91
  195.78
  156.31
  161.01
  147.79
  110.41
  220.98
  138.24
  107.32
  155.88
  153.53
  170.38
  178.74
  183.97
  186.75
  198.08
  194.03
  191.31
  155.35
  127.06
  169.45
  137.42
  128.53
  131.33
  133.37
  103.33
  120.32
  112.47
  101.60
  111.82
  128.62
  123.72
  105.34
  101.74
  118.51
  123.21
  126.46
  111.14
   98.09
   91.52
   91.89
   90.90
   76.88
   85.97
  116.78
  110.18
   95.40
  133.43
  113.27
  118.25
  103.58
   85.06
   87.64
  106.70
  113.30
   85.69
   84.72
   55.42
   74.16
  103.36
   79.09
   78.98
  103.13
   95.23
  111.62
  230.95
  358.29
  186.15
  203.74
  195.98
  219.06
  236.96
  225.06
  234.07
  216.88
  213.23
  207.79
  188.45
  205.50
  528.82
  424.61
  264.25
  166.45
  402.95
  315.79
  435.85
  384.32
  337.06
  263.52
  346.82
  444.94
  342.61
  423.51
  409.21
  483.11
  291.92
  315.05
  442.42
  430.19
  294.04
  237.78
  172.25
  253.49
  186.92
  302.03
  320.77
  324.51
  224.75
  333.97
  170.18
  164.83
  353.05
  365.06
  371.55
  221.64
  236.81
  122.95
  113.83
  209.49
  203.43
  204.67
  203.23
  126.89
  142.77
  174.57
  239.65
  232.11
  198.81
  240.89
  219.68
  165.06
  182.42
  344.81
  446.56
  379.36
  400.57
  381.40
  302.34
  501.58
  546.80
  545.47
  561.35
  546.60
  533.21
  508.63
  508.23
  487.93
  470.40
  481.44
  456.27
  480.54
  310.21
  352.20
  467.62
  456.72
  461.34
  476.74
  497.13
  331.08
  324.91
  434.49
  413.54
  427.98
  467.11
  712.17
  460.46
  278.35
  388.59
  195.07
  171.06
  215.58
  286.76
  154.16
  147.13
  144.05
  154.61
  152.94
  158.29
  139.12
  149.09
  140.22
  170.13
  169.14
  162.17
  164.07
  148.44
  103.21
  100.67
  169.96
  197.59
  176.58
  163.56
  140.54
  150.67
  194.96
  278.07
  346.34
  346.60
  373.19
  382.93
  254.06
  253.18
  321.71
  293.45
  296.00
  260.94
  261.28
  190.01
   81.13
  256.38
  261.22
  265.02
  285.18
  105.00
   81.64
   81.04
   99.36
  130.09
  132.41
  120.52
  111.43
   63.91
   64.22
  143.79
  128.08
  126.38
  119.95
  112.42
   60.63
   64.25
  133.29
  114.34
  156.48
  128.47
  126.58
   89.76
   89.65
  143.79
  150.42
   64.76
   90.76
   95.48
  106.27
  118.53
  149.94
  166.76
  163.22
  167.58
  167.38
   92.71
  110.15
  101.97
  175.85
  187.00
  211.44
  194.90
  113.55
  112.22
  181.82
  119.38
  131.84
  122.47
  121.73
   87.44
  101.20
  113.98
  132.61
  146.60
  125.67
  119.78
   75.18
   80.42
  110.01
  111.40
  121.68
  118.17
  102.17
   94.44
  107.83
  101.12
   97.92
  165.46
  158.72
  167.35
  119.81
  138.21
  127.48
  208.44
  328.76
  357.92
  212.46
  145.38
  170.38
  224.21
  170.27
  229.79
  145.46
  257.26
  238.97
  225.71
  319.92
  351.81
  392.39
  355.63
  406.09
  303.90
  318.34
  411.47
  259.13
  221.27
  241.54
  244.32
  266.38
  229.88
  215.52
  266.21
  307.97
  242.99
  122.41
  172.17
  167.38
  438.77
  511.18
  488.52
  539.89
  446.19
  429.28
  476.74
  736.12
  683.57
  634.89
  601.93
  558.32
  256.49
  133.66
  319.39
  600.23
  568.83
  549.88
  506.87
  224.01
  217.87
  348.35
  362.20
  381.77
  495.35
  498.72
  266.49
  268.36
  146.96
  153.53
  214.13
  449.50
  398.30
  557.67
  494.84
  329.83
  313.38
  367.92
  337.71
  380.55
  379.96
  356.48
  433.98
  503.47
  442.28
  412.97
  433.98
  412.10
  407.25
  362.03
  397.51
  335.70
  181.51
  185.11
  157.87
  156.56
  176.16
  154.95
  166.19
  175.22
  215.12
  201.84
  213.23
  269.58
  274.81
  288.46
  298.52
  294.21
  152.49
  199.21
  206.63
  227.70
  160.44
  155.91
  154.02
  144.33
   59.24
  152.88
  150.87
  159.54
  155.66
  343.34
  161.35
  138.04
  187.54
  174.86
  155.54
  130.91
  164.10
  126.77
  133.49
  137.99
  151.66
  155.23
  152.06
  151.16
  105.03
  107.21
  148.18
  117.01
  113.35
  122.16
  132.27
  115.42
  106.50
  133.00
  103.27
   96.90
  104.04
  108.17
  102.93
  109.53
  106.13
  106.53
  116.38
  146.34
  283.08
  112.08
  120.63
  151.98
  209.52
  181.28
  152.12
  160.78
  166.76
  158.80
  163.44
  163.42
  155.46
  149.12
  165.46
  174.35
  166.22
  206.43
  191.39
  226.93
  245.11
  267.71
  269.41
  234.92
  264.56
  235.77
  236.11
  235.00
  235.37
  245.45
  237.04
  342.75
  322.10
  301.04
  304.18
  310.55
  189.27
  201.39
  219.57
  219.54
  290.98
  319.73
  291.98
  235.77
  241.71
  271.28
  248.79
  266.04
  279.29
  281.89
  252.10
  248.17
  259.10
  250.29
  302.93
  316.10
  255.39
  232.79
  257.77
  310.10
  163.02
  310.66
  334.05
  402.01
  383.30
  391.51
  435.88
  414.19
  555.32
  570.61
  740.94
  405.07
  296.99
  496.42
  522.79
  487.81
  525.14
  577.92
  478.05
  584.43
  477.56
  486.00
  489.43
  490.62
  488.32
  446.30
  447.24
  494.30
  474.36
  396.35
  417.39
  413.51
  438.46
  295.15
  393.69
  336.04
  263.74
  251.60
  200.17
  188.08
  198.81
  202.89
  201.50
  267.54
  308.48
  285.09
  109.05
  112.11
   75.75
  186.27
  212.09
  216.14
  210.56
  163.08
  164.58
  202.32
  200.26
  193.15
  194.11
  279.66
  250.09
  173.81
  399.83
  423.17
  395.08
  371.80
  343.31
  249.13
  277.76
  354.22
  364.86
  303.10
  263.74
  222.91
  273.74
  222.29
  200.46
  251.34
  218.69
  231.09
  242.11
  190.40
  161.26
  211.22
  202.07
  231.26
  210.31
  201.98
  190.71
  188.36
  167.55
  174.49
  154.72
  173.13
  154.47
  134.65
  138.10
  163.44
  149.34
  140.76
  139.15
  158.72
   93.45
   92.43
  130.40
  191.39
  122.05
  114.88
  110.35
  109.16
  113.24
  199.89
  139.01
  139.23
  152.83
  129.35
  100.81
   95.99
  162.43
  167.15
  173.07
  143.99
  150.48
  151.50
  144.67
  175.71
  224.04
  217.76
  216.03
  416.23
  426.14
  260.88
  364.61
  259.92
  260.12
  441.32
  457.71
  467.14
  552.60
  879.35
  928.74
  942.89
  937.54
  934.12
  385.82
  603.60
  767.61
  892.29
  820.74
  685.18
  685.44
  682.04
  681.76
  682.21
  615.58
  532.47
  494.67
  493.05
  451.74
  539.46
  482.80
  522.02
 1160.99
 1469.19
 1453.31
 1446.91
 1442.46
 1438.50
 1333.10
 1039.68
  919.73
  865.08
  772.46
  650.81
  595.79
  599.50
  604.39
  581.57
  536.80
  444.86
  308.68
  367.61
  588.85
  533.40
  347.76
  526.16
  373.24
  374.60
  321.14
  333.37
  338.22
  335.58
  331.70
  329.44
  330.57
  333.74
  335.04
  340.17
  303.05
  277.76
  245.71
  244.86
  245.65
  249.30
  248.93
  343.31
  347.87
  348.47
  349.66
  351.47
  343.26
  341.61
  329.64
  337.57
  334.68
  350.62
  748.81
  731.42
  611.36
  526.64
  563.51
  311.68
  282.74
  295.43
  266.57
  217.67
  165.99
  165.14
  112.05
  122.47
  211.36
  258.67
  288.07
  211.39
  211.36
  210.34
  209.69
  211.81
  212.72
  210.59
  211.58
  211.44
  164.63
  165.06
  166.56
  147.16
  132.30
  117.15
  116.58
  116.67
  116.84
  118.99
  180.55
  148.66
  117.34
  116.07
  115.42
  225.97
  320.49
  321.76
  225.94
  174.06
  172.14
  170.16
  169.02
  168.74
  178.45
  185.53
  128.36
  118.79
  117.32
  116.24
  130.20
  115.48
  110.63
  110.29
  121.59
  109.70
  109.56
  282.97
  546.88
  660.60
  489.68
  336.38
  423.03
  423.65
  498.40
  498.55
  422.88
  407.82
  545.98
  648.51
  272.44
  737.17
  810.14
  738.96
  631.35
  562.20
  314.15
  308.09
  309.47
  523.49
  564.33
  704.78
  681.36
  458.87
  468.59
  499.48
  460.69
  640.30
  539.97
  621.13
  520.78
  561.10
  563.31
  572.57
  519.56
  501.12
  571.49
  571.97
  526.98
  386.58
  372.42
  365.46
  540.71
  770.27
  678.61
  641.24
  722.53
  818.56
  797.86
  693.48
  434.98
  501.09
  473.49
  320.12
  348.41
  389.95
  403.15
  399.55
  235.94
  229.00
  214.16
  510.78
  430.56
  307.83
  279.29
  406.35
  315.17
  272.86
  426.11
  453.13
  256.35
  565.03
  407.88
  288.97
  244.57
  187.00
  338.95
  410.31
  459.72
  192.61
  193.04
  204.65
  350.87
  453.35
  526.98
  519.25
  800.09
  559.94
  539.75
  514.12
  516.13
  504.69
  507.13
  416.29
  417.11
  560.39
  546.40
  613.23
  544.99
  542.81
  499.42
  484.02
  540.48
  540.68
  537.17
  542.86
  584.46
  425.15
  424.16
  529.30
  544.48
  543.03
  548.61
  572.71
  344.67
  507.15
  613.34
  482.80
  404.31
  605.67
  725.14
  405.16
  404.62
  449.67
  459.58
  480.93
  385.36
  397.99
  302.91
  302.37
  425.77
  434.32
  454.68
  499.23
  445.51
  416.94
  309.98
  433.36
  450.44
  316.55
  415.24
  417.96
  652.02
 1121.18
 1327.69
 1208.90
  962.77
  840.81
  835.60
  833.11
  833.99
  831.21
  832.88
  756.88
  724.77
  746.18
  608.27
  708.49
  833.31
  834.44
  833.22
  833.51
  647.89
  829.85
  718.26
  826.40
  824.13
  822.86
  823.14
  823.96
  698.94
  726.53
  514.89
  605.90
  684.76
  760.00
  751.64
  850.30
  975.83
  940.20
  940.86
  939.16
  937.09
  935.45
  937.06
  934.74
  933.49
  932.67
 1255.63
 1847.08
 1839.86
 1643.03
 1640.79
 1641.92
 1540.41
 1444.58
 1442.63
 1441.19
 1437.87
 1436.88
 1332.19
 1233.20
 1119.87
 1011.31
  998.82
  993.61
  988.91
  986.70
 1069.81
 1155.16
 1207.57
 1262.59
 1263.27
 1263.04
 1265.11
 1270.01
 1280.71
 1522.57
 1843.37
 1827.06
 1812.16
 1579.40
 1299.26
 1292.61
 1434.59
 1605.71
 1613.58
 1617.80
 1690.09
 1759.55
 1551.08
 1336.02
  641.66
 1335.31
 1341.74
 1460.50
 1651.52
 1689.89
 1513.39
 1324.69
 1317.10
 1316.99
 1084.17
  851.32
  860.01
  867.49
  873.94
  604.42
  608.44
  401.87
  384.77
  392.64
  367.04
  314.18
  347.33
  424.36
  686.83
  720.95
  834.72
 1045.40
 1288.22
 1290.03
 1290.03
 1302.09
 1450.36
 1570.48
 1564.99
 1558.50
 1553.46
 1562.30
 1428.22
 1274.71
 1445.01
 1649.26
 1768.16
 1998.43
 1992.94
 2024.40
 2035.90
 1583.96
 1339.81
 1346.55
 1317.24
 1309.85
 1307.56
 1306.45
 1309.60
 1312.37
 1081.28
  842.71
  752.04
  666.30
  674.71
  602.27
  661.28
  661.93
  486.91
  686.68
  644.18
  457.23
  445.57
  453.98
  481.95
  458.70
  335.84
  299.73
  271.87
  411.19
  623.08
  362.63
  510.67
  400.99
  434.15
  676.12
  719.25
  531.25
  402.61
  347.56
  194.20
  288.32
  372.08
  358.09
  382.82
  393.80
  283.65
  261.90
  198.50
  236.90
  221.13
  212.06
  212.18
  150.87
  150.45
  150.42
  150.45
  150.39
  149.99
  177.66
  150.42
  149.85
  171.74
  182.33
  171.01
  125.08
  124.48
  124.54
  124.23
  124.28
  124.37
  124.17
  140.62
  144.13
  145.07
  143.91
  143.88
  146.06
  145.72
  145.04
  144.10
  216.88
  278.01
  286.09
  333.15
  428.58
  379.62
  426.99
  195.61
  147.84
  209.66
  198.16
  199.95
  280.20
  202.55
  147.11
  140.56
  392.98
  451.97
  389.38
  234.55
  286.71
  341.50
  337.25
  169.14
  214.70
  232.91
  241.23
  251.82
  202.41
  159.25
  286.96
  255.30
  235.26
  228.52
  401.93
  273.40
  269.38
  339.18
  316.53
  340.34
  345.27
  466.77
  337.45
  192.24
  234.32
  238.54
  238.46
  262.41
  250.49
  217.81
  228.94
  252.22
  252.76
  244.77
  263.74
  270.94
  222.34
  219.23
  223.76
  217.08
  263.83
  276.54
  304.01
  255.76
  228.86
  272.86
  268.61
  307.24
  342.32
  303.81
  150.36
  156.22
  211.98
  217.78
  209.54
  219.17
  206.80
  207.68
  157.22
  213.71
  240.58
  245.85
  268.98
  137.20
  189.81
  151.72
  235.43
  242.28
  246.89
  213.88
  298.97
  414.79
  404.22
  428.41
  435.77
  411.05
  444.80
  426.54
  396.15
  317.23
  367.30
  366.50
  392.39
  416.20
  418.04
  418.64
  405.67
  405.21
  451.40
  457.66
  459.33
  435.63
  391.85
  330.46
  476.23
  529.36
  542.86
  502.45
  513.30
  434.69
  430.64
  374.60
  581.01
  586.92
  560.99
  574.27
  553.65
  521.62
  508.37
  432.79
  426.79
  435.99
  429.17
  298.71
  319.50
  513.47
  485.35
  451.68
  404.11
  353.11
  246.70
  244.91
  352.86
  354.27
  351.81
  353.14
  353.48
  269.94
  217.93
  369.42
  410.37
  461.37
  433.05
  429.57
  286.48
  282.18
  437.61
  413.03
  393.83
  386.84
  389.55
  311.63
  316.64
  419.17
  326.97
  380.35
  376.59
  340.31
  294.24
  246.98
  393.52
  420.85
  424.72
  427.07
  393.41
  263.57
  138.36
  334.05
  454.80
  544.56
  398.73
  395.16
  395.39
  398.62
  401.76
  392.08
  386.16
  550.17
  499.40
  396.07
  395.95
  439.96
  503.39
  505.06
  509.65
  513.55
  364.98
  364.27
  467.31
  475.47
  586.41
  596.30
  590.83
  391.17
  391.79
  483.45
  489.29
  507.38
  278.86
  492.77
  389.50
  368.69
  467.77
  707.75
  874.14
  879.35
  884.08
  886.18
  888.07
  889.57
  883.74
  880.88
  862.50
  696.08
  472.58
  689.29
  878.22
  874.51
  869.21
  867.85
  869.55
  351.58
  378.79
  739.75
  748.90
  716.08
  751.93
  682.69
  270.94
  281.21
  495.20
  556.00
  514.35
  502.82
  486.46
  155.37
  340.11
  654.71
  694.81
  656.55
  666.13
  682.80
  485.07
  485.55
  560.36
  567.58
  622.38
  633.08
  638.32
  293.14
  298.52
  377.92
  382.14
  372.59
  383.07
  376.10
  285.46
  281.75
  426.34
  436.14
  442.90
  537.17
  557.53
  268.53
  187.57
  523.80
  536.75
  610.99
  715.93
  636.65
  460.57
  459.47
  568.63
  570.61
  639.34
  644.32
  565.18
  303.16
  287.61
  344.70
  328.73
  333.60
  353.22
  298.29
  252.73
  202.89
  310.81
  305.37
  302.45
  347.50
  370.02
  441.77
  451.54
  685.35
 1070.09
 1295.16
 1351.56
 1431.50
 1429.83
 1434.96
 1443.82
 1443.73
 1353.89
 1254.75
 1252.74
 1253.90
 1203.83
 1255.57
 1253.50
 1253.47
 1251.24
 1184.61
 1118.12
 1119.51
 1009.50
  884.22
  882.83
  881.22
  878.19
  584.37
  592.36
  711.80
  715.99
  716.44
  787.89
  705.32
  338.56
  224.30
  445.51
  444.43
  733.07
  667.68
  690.82
  439.96
  427.92
  712.11
  645.37
  594.43
  598.96
  545.27
  753.74
  871.68
 1024.11
 1206.07
 1205.48
 1202.33
 1045.34
  584.32
  600.54
  463.15
  561.92
  638.77
  740.83
  418.07
  397.96
  435.23
  547.36
  380.41
  361.80
  367.50
  361.32
  225.97
  217.59
  329.75
  336.72
  331.59
  322.44
  325.98
  214.36
  147.08
  256.47
  269.83
  281.07
  281.30
  267.06
  167.32
  155.37
  273.54
  266.83
  310.75
  306.16
  322.84
  233.30
  291.07
  353.42
  340.79
  386.19
  338.61
  345.66
  333.91
  338.53
  313.27
  317.01
  329.44
  140.28
  156.03
  268.84
  276.83
  268.44
  289.91
  263.06
  370.02
  386.02
  276.20
  292.14
  458.51
  708.52
  684.08
  689.32
  708.49
  638.21
  724.06
  678.58
  609.77
  550.96
  574.92
  647.86
  473.94
  285.09
  280.87
  356.34
  355.94
  354.47
  356.62
  256.04
  348.72
  478.75
  426.17
  421.75
  438.63
  424.53
  356.57
  365.37
  254.94
  318.99
  380.49
  384.60
  445.74
  301.46
  279.49
  421.24
  378.82
  621.41
  540.80
  511.18
  364.10
  364.35
  462.61
  520.83
  468.67
  465.61
  466.52
  307.78
  305.54
  473.77
  475.21
  450.86
  447.72
  424.19
  402.61
  361.32
  483.51
  480.23
  433.02
  431.35
  506.96
  362.71
  368.57
  485.92
  479.40
  485.69
  477.65
  481.73
  448.99
  399.15
  515.11
  521.48
  538.81
  510.89
  528.22
  463.29
  488.32
  366.59
  725.05
  693.45
  280.31
  191.62
  140.34
   88.91
  442.88
  439.36
  419.66
  391.54
  397.37
  320.74
  197.23
  492.57
  496.42
  479.52
  479.60
  474.19
  340.48
  219.65
  509.53
  501.07
  511.37
  498.91
  506.62
  345.44
  252.22
  505.03
  480.37
  473.15
  464.25
  474.93
  267.03
  213.82
  471.11
  473.12
  471.08
  466.46
  462.56
  324.74
  263.69
  471.19
  492.66
  472.83
  555.38
  576.98
  391.85
  344.59
  469.38
  461.00
  491.78
  481.50
  492.77
  327.31
  299.45
  525.59
  511.46
  520.66
  516.92
  517.86
  371.12
  417.33
  468.70
  486.23
  464.91
  512.65
  526.10
  494.50
  510.72
  607.54
  517.09
  689.26
  689.06
  635.80
  500.27
  418.52
  684.64
  739.61
  843.13
  845.29
  850.04
  750.20
  755.66
  807.34
  322.84
  602.92
  715.45
  847.07
  849.08
  849.96
  849.42
  846.73
 1091.30
 1532.31
 1660.58
 1655.71
 1643.71
 1629.04
 1383.19
 1274.63
 1274.14
 1030.51
  847.18
  837.47
  836.73
  837.75
  838.15
  838.55
  837.90
  831.13
  832.29
  836.31
  838.97
  841.86
  841.77
  842.79
  840.39
  841.75
  843.25
  846.08
  847.64
  655.99
  641.26
  423.00
  422.88
  532.07
  643.10
  813.49
  808.02
  836.34
  724.15
  736.27
  846.02
  807.17
  776.76
  767.02
  857.46
  865.36
  868.22
  983.87
 1270.69
 1274.77
 1273.86
 1397.78
 1507.28
 1531.77
 1414.85
 1268.11
 1250.13
 1247.05
 1242.32
 1241.27
 1239.94
 1009.55
  777.78
  739.89
  712.90
  712.57
  771.61
  654.32
  651.83
  674.03
  657.91
  524.20
  485.32
  472.44
  731.08
  574.46
  649.22
  643.22
  621.70
  638.91
  411.50
  412.58
  759.15
  692.23
  629.31
  740.83
  621.22
  840.56
  837.24
  732.70
  711.66
  712.65
  710.58
  776.14
  837.73
  807.48
  703.84
  543.80
  500.33
  525.02
  533.06
  404.22
  231.18
  421.72
  440.10
  500.27
  495.37
  439.14
  281.21
  220.64
  256.78
  260.26
  258.70
  255.16
  208.78
  201.98
  195.05
  198.81
  195.44
  251.31
  283.85
  251.68
  138.81
  139.83
  200.37
  201.08
  203.03
  204.22
  209.66
  193.77
  175.51
  179.33
  202.30
  198.59
  211.07
  209.43
  144.76
  169.50
  171.43
  161.01
  153.25
  236.81
  289.65
  239.62
  235.00
  207.02
  221.18
  224.35
  215.21
  207.45
  137.85
  134.76
  238.68
  189.47
  182.42
  182.50
  182.08
  134.02
  130.34
  321.88
  229.68
  187.57
  174.38
  172.53
  160.30
  141.78
  185.28
  219.23
  279.46
  297.02
  425.66
  192.33
  225.46
  224.89
  273.34
  270.14
  224.35
  224.69
  193.21
  192.04
  457.43
  265.84
  243.92
  263.46
  273.63
  186.01
  169.31
  345.15
  341.70
  345.78
  347.45
  361.44
  213.96
  211.07
  350.22
  344.45
  382.22
  375.76
  368.52
  310.44
  251.96
  410.88
  405.78
  398.81
  451.71
  481.47
  282.97
  291.75
  417.36
  469.13
  475.30
  418.24
  472.55
  363.08
  367.24
  380.47
  398.81
  385.53
  195.56
  168.17
  165.97
  165.09
  158.43
  154.10
  157.16
  162.45
  161.24
  140.71
  140.76
  247.29
  238.85
  152.51
  153.19
  242.87
  182.59
  180.92
  756.65
  705.06
  644.46
  640.16
  651.77
  679.49
  638.97
  434.58
  600.54
  590.38
  593.12
  596.61
  488.55
  462.84
  532.22
  521.77
  516.41
  539.01
  540.34
  358.86
  355.18
  537.68
  541.53
  539.18
  529.84
  530.52
  374.92
  367.55
  553.17
  552.40
  547.28
  546.01
  523.69
  387.77
  382.70
  457.26
  483.31
  452.11
  424.78
  426.76
  341.30
  343.14
  484.22
  552.91
  533.77
  533.63
  525.33
  298.77
  244.80
  415.46
  566.37
  516.16
  477.48
  364.78
  272.78
  228.86
  398.28
  410.03
  440.24
  428.58
  415.72
  355.91
  352.46
  438.83
  460.57
  469.86
  489.06
  473.20
  336.06
  326.89
  555.60
  529.98
  569.76
  560.62
  530.86
  375.00
  269.66
  517.35
  577.89
  577.72
  550.96
  556.17
  506.98
  393.92
  525.45
  558.24
  552.24
  535.02
  600.06
  388.37
  397.09
  584.18
  613.00
  587.26
  594.43
  577.55
  434.10
  333.06
  641.69
  652.00
  646.19
  660.26
  651.20
  447.89
  388.14
  653.21
  646.70
  634.55
  638.23
  627.84
  458.02
  437.52
  655.34
  633.02
  618.81
  365.43
  359.85
  693.85
  640.19
  658.17
  630.50
  655.68
  661.74
  664.37
  241.80
  279.54
  337.25
  462.78
  443.50
  406.49
  417.11
  267.88
  183.49
  436.31
  487.16
  463.41
  388.88
  334.08
  195.75
  199.89
  443.19
  631.27
  620.34
  669.33
  625.75
  354.05
  407.93
  310.55
  303.64
  678.13
  681.56
  685.24
  461.93
  451.57
  447.69
  421.35
  816.09
  846.05
  844.86
  845.54
  846.08
  847.64
  848.34
  850.16
  851.18
  838.21
  346.09
  345.18
  648.57
  909.65
 2191.44
 2215.91
 1940.98
 1932.82
 1927.78
 1914.90
 1913.06
 1946.10
 1889.07
 1791.13
 1787.59
 1780.82
 1771.90
 1677.40
 1595.74
 1711.02
 1867.44
 1825.81
 1794.64
 1794.89
 1705.92
 1624.25
 1609.33
 1682.05
 1770.20
 1770.57
 1765.95
 1652.85
 1538.82
 1535.17
 1583.59
 1584.78
 1590.53
 1589.40
 1585.94
 1428.08
 1262.96
 1257.35
 1257.64
 1254.58
 1252.34
 1252.94
 1255.77
 1256.67
 1073.10
  890.51
  886.06
  885.95
  850.16
  879.44
  843.53
 1025.41
 1182.12
 1142.41
 1140.69
 1203.04
 1205.25
 1206.18
  904.33
  590.63
  581.23
  575.00
  705.91
  839.37
  841.83
  640.75
  429.74
  430.76
  432.00
  427.78
  424.98
  421.50
  420.11
  375.40
  424.47
  424.33
  423.76
  421.52
  501.55
  576.16
  577.69
  580.52
  584.01
  586.05
  585.45
  584.15
  586.16
  586.56
  590.07
  515.34
  439.65
  433.76
  431.46
  332.16
  354.13
  413.68
  496.62
  577.69
  577.07
  575.20
  573.87
  573.02
  815.81
 1310.70
 1129.73
  952.98
  948.56
  945.44
  941.71
  943.38
  950.68
  946.75
 1259.82
 1585.52
 1357.34
 1147.88
 1135.53
  991.97
  885.04
  883.26
  882.92
  888.24
  913.30
  884.56
  889.43
  888.33
  887.87
  886.35
  798.05
  714.52
  714.29
  713.67
  712.20
  711.77
  712.59
  713.13
  714.72
  714.97
 1031.58
 1358.30
 1169.71
  934.34
  991.60
  881.70
  706.99
  771.35
  950.88
 1082.16
 1078.82
 1074.45
 1078.45
 1084.22
  918.54
  797.32
 1140.80
 1320.78
 1076.07
  799.21
  794.77
  790.46
  789.79
  789.36
  893.76
  997.18
  997.01
  994.43
  769.68
  541.53
  847.07
 1156.09
 1556.97
 2141.86
 2171.45
 2199.09
 2190.31
 2178.44
 1934.13
 1496.66
 1422.61
 1421.90
 1423.46
 1407.21
 1421.39
 1418.19
 1247.19
 1078.73
 1080.63
 1086.01
 1119.17
 1066.58
 1067.94
  836.54
  592.02
  594.54
  611.33
  723.16
  593.12
  784.32
  792.36
  376.67
  349.91
  566.65
  567.95
  558.44
  584.66
  644.83
  578.20
  348.52
  551.30
  780.84
  645.00
  652.34
  671.05
  562.06
  549.23
  630.08
  579.31
  638.04
  618.64
  549.77
  348.69
  301.72
  525.99
  486.43
  542.07
  554.90
  548.78
  485.12
  281.72
  572.85
  685.66
  781.43
  827.67
  829.60
  643.93
  473.80
  617.51
  623.06
  691.10
  695.21
  610.71
  611.05
  352.86
  619.91
  695.66
  759.74
  831.58
  829.66
  561.35
  576.96
  833.53
  766.91
  798.68
  736.86
  647.21
  558.32
  376.93
  623.37
  773.39
  682.35
  719.05
  820.17
  560.11
  514.21
  629.60
  582.25
  576.16
  593.78
  597.60
  462.07
  420.59
  505.37
  483.00
  627.30
  641.74
  627.25
  627.44
  529.50
  632.77
  630.98
  635.12
  633.05
  632.88
  537.14
  541.25
  590.89
  637.13
  638.46
  698.86
  756.09
  645.28
  435.85
  728.54
  700.56
  743.91
  733.72
  738.56
  529.38
  293.45
  693.90
  770.90
  746.69
  542.07
  571.58
  508.29
  514.26
  462.33
  504.35
  466.52
  443.24
  198.13
  401.84
  545.24
  746.12
  867.88
  861.68
  858.48
  861.62
  866.58
  537.88
  736.92
  747.56
  758.69
  742.38
  739.18
  759.80
  877.26
  884.50
 1023.51
 1157.39
 1208.22
 1259.31
 1257.92
 1258.40
 1261.18
 1261.80
 1267.69
 1021.16
  846.16
  648.68
  607.31
 1068.03
 1304.47
 1305.35
 1305.41
 1306.94
 1310.14
 1317.78
 1408.56
