19850101
  691.58
 1114.83
 1318.52
 1171.69
 1228.47
 1329.59
 1283.32
 1253.36
 1284.23
 1262.11
 1148.81
 1076.83
  729.19
  955.21
 1009.35
  796.81
  849.99
  770.78
  553.42
  726.72
 1372.15
 1319.59
  879.07
  868.90
  765.40
  338.30
  338.27
  651.20
  748.30
  745.16
  724.68
 1871.23
 3002.04
 2741.81
 2748.80
 2891.21
 2477.67
 2071.15
 1975.75
 1843.99
 1543.69
 1376.71
 1620.46
 1903.12
 1898.08
 1536.16
 1393.36
 1281.99
 1255.88
 1332.34
 1378.58
 1397.18
 1401.32
 1366.00
  865.02
 1228.07
 1071.03
  964.78
 1200.29
 1294.79
 1294.79
  799.78
  840.78
  818.67
  981.69
 1110.67
 1186.62
  667.94
  337.57
  646.64
  653.13
  855.90
 1047.13
  976.20
  442.05
  337.96
  677.23
  590.80
  731.65
  718.40
  715.65
  404.25
  409.63
  646.81
  663.44
  737.94
 1065.85
  960.00
  774.44
  474.25
  511.15
  475.58
  507.95
  435.80
  432.94
  216.26
  209.03
  427.84
  436.02
  487.98
  424.41
  349.32
  283.20
  199.92
  308.99
  365.15
  437.50
  469.95
  656.58
  205.95
  194.85
  514.60
  569.14
  316.38
  210.05
  228.06
  242.00
  242.62
  290.11
  289.65
  287.95
  189.98
  563.28
  348.24
  255.67
  264.71
  272.01
  403.97
  354.50
  472.35
  418.04
  396.44
  651.46
 1041.97
  938.99
  588.76
  537.96
  219.77
  187.74
  225.60
  424.87
  349.32
  427.19
  500.84
  264.73
   98.43
  251.62
  405.47
  356.14
  545.44
  818.05
  454.03
  197.57
  866.95
  760.45
  795.39
 1076.21
  281.13
  188.28
  251.74
  678.95
  937.46
  853.92
   99.79
   95.00
   92.96
  118.22
  604.28
  675.98
  133.57
  110.52
  222.49
  342.80
  323.72
  749.60
  799.95
 1138.37
 1035.04
   55.36
   52.81
   54.57
  664.88
  554.53
  827.93
  154.33
  385.56
  141.02
  144.33
  651.03
  795.36
  866.24
  924.09
  353.82
  124.17
  158.29
  676.72
  860.75
  692.23
  249.70
  540.60
  334.56
  342.21
  862.98
  993.24
  923.87
  828.13
  824.19
  432.91
  710.50
 1032.57
  973.19
 1238.58
 1268.96
  867.20
  362.20
  344.47
  708.32
  676.09
  673.60
  694.24
  985.57
  327.71
  318.20
  901.50
 1016.72
 1073.86
  925.76
  739.61
  802.87
  594.46
 1156.26
 1406.38
 1399.90
 1118.86
  970.45
   44.06
  274.08
 1104.47
 1420.74
 1416.72
 1342.42
 1330.30
 1001.06
  368.35
  758.10
  819.97
 1076.35
 1091.53
  787.15
   90.30
  324.60
  916.02
  988.97
 1045.32
  900.45
  751.05
   76.12
   78.98
  693.14
  777.98
  956.20
  861.51
  810.71
  244.18
   50.43
  504.75
  459.02
  490.53
  744.51
  616.03
  305.85
  127.00
  549.43
  707.07
  739.30
 1060.81
  975.69
  648.54
  520.35
  727.03
  679.18
  705.00
  759.77
  696.45
  440.70
  262.16
  618.92
  717.07
  577.78
  650.47
  699.71
  583.04
  290.79
  456.13
  611.64
  785.76
  908.83
  767.05
  335.16
  293.73
  666.49
  934.77
  509.76
  455.76
  460.12
  374.77
  193.60
  599.38
  798.34
  796.10
  930.55
  899.17
  740.88
  665.28
  881.53
  851.69
  780.67
  734.31
  725.99
  630.90
  370.33
  480.99
  818.24
  728.76
  621.27
  875.70
  543.29
  405.02
  671.02
  709.17
  594.57
  551.58
  730.32
  992.53
  979.54
 1355.44
 1375.72
 1381.98
 1375.63
 1362.80
 1369.60
  756.85
  965.21
  591.20
 1007.88
 1158.53
 1384.01
 1285.92
  852.39
 1301.95
 1015.41
  981.55
 1271.23
  940.09
  637.78
  642.45
  579.16
  558.69
 1185.09
 1044.86
  797.83
  466.18
  443.53
  445.99
  575.14
  511.29
  523.64
  704.41
  594.74
  385.39
  819.77
  828.01
  802.67
  585.08
  584.26
  473.06
  311.26
  520.21
  588.74
  704.38
  545.75
  459.58
  226.68
  125.16
  518.99
  487.79
  504.55
  472.30
  404.17
  399.04
  297.89
 1020.43
 1306.82
  960.90
  715.43
  527.91
  329.69
  328.73
  486.46
  395.08
  362.34
  725.05
  893.99
  523.58
  507.61
  826.94
 1282.33
 1239.48
  899.91
  876.12
  826.71
  741.84
  902.49
 1587.13
 2003.93
 2000.64
 1821.00
 1635.10
 1626.72
 1421.93
  986.96
  938.25
 1001.51
 1024.25
 1000.55
  621.19
  380.21
  783.13
 1171.61
  991.43
  971.69
  354.22
  337.42
  690.82
  767.87
  893.20
  928.17
 1036.28
  707.41
  441.88
  867.49
  811.84
 1048.63
 1166.34
 1387.27
 1397.86
  898.75
  690.65
  537.82
  595.08
  571.01
  610.43
  201.53
  200.54
  289.20
  252.95
  299.71
  296.56
  296.76
  209.86
  178.79
  267.23
  262.53
  286.03
  250.52
  316.38
  179.59
   70.88
  251.85
  245.59
  271.81
  278.01
  208.64
  205.81
  157.30
  243.47
  182.98
  182.87
  128.11
  125.50
   75.15
  115.08
  215.15
  211.47
  197.06
  200.96
  206.43
  141.44
  138.50
  221.13
  238.46
  219.09
  274.79
  300.30
  194.42
   70.82
  187.63
  191.08
  231.75
  234.04
  222.09
  183.97
  114.06
  229.76
  234.32
  182.16
  218.52
  193.43
  167.30
  201.39
  207.22
  478.84
  313.95
  364.89
  375.76
  480.11
  183.38
  170.81
  198.61
  175.93
  193.55
  187.68
  150.73
  146.23
  251.17
  271.13
  196.97
  320.80
  496.34
  506.81
  355.04
  251.20
  214.05
  182.62
   48.37
  420.19
  581.29
  408.07
  421.55
  512.28
  267.17
  158.83
   33.67
  569.57
  589.64
  215.58
  315.73
   60.60
  102.68
  146.03
  830.22
  877.28
  479.01
  268.53
  393.24
  227.38
  340.96
  935.45
  775.12
  345.27
  214.59
  371.83
  441.20
  659.39
  812.33
  595.14
  299.79
  281.30
  321.62
  417.79
  699.48
  745.72
  748.95
  149.29
  170.21
  274.53
  284.02
  197.93
  557.13
  589.70
  380.83
  127.68
  180.18
  178.93
   85.09
  689.32
  559.99
   89.48
  155.97
  242.53
  275.95
  418.27
  697.27
  687.45
  239.50
  143.09
  311.26
  182.08
  153.73
  739.72
  734.91
  430.10
  239.65
  222.23
  321.51
  502.79
  780.13
  659.53
  308.97
  245.79
  299.34
  613.23
  724.80
 1007.17
  990.86
  304.49
  293.76
  526.52
  525.70
  541.36
  715.79
  542.44
  212.06
  430.78
  406.29
  424.58
  438.68
  607.17
  598.65
  218.27
  429.00
  547.59
  603.38
  592.45
  609.12
  359.85
  319.78
  405.27
  483.17
  539.32
  510.30
  321.06
  544.45
  538.11
  475.81
  399.83
  292.23
  291.41
  232.34
  226.53
  267.91
  546.63
  640.73
  703.84
  617.70
  124.74
  195.81
  801.59
  735.70
  772.43
  841.94
  789.05
  987.66
 1192.39
 1385.77
  995.96
 1053.81
  991.37
  999.53
  293.87
  285.18
  660.32
  624.41
  780.75
  769.45
  709.20
  444.32
  686.57
  988.85
  664.43
  754.08
  882.89
  961.22
  875.08
  728.11
  939.50
 1026.49
  926.98
  915.20
  899.26
  916.19
  954.79
 1509.29
 2257.33
 2649.75
 2492.93
 2723.66
 2278.52
 2001.07
 1858.18
 1685.98
 1468.77
 1380.08
 1379.51
 1366.63
 1030.11
 1313.36
 1688.65
 1685.36
 1846.29
 2015.17
 2018.82
 2006.05
 2001.89
 1858.29
 1716.94
 1702.44
 1608.06
 1484.71
 1471.32
 1467.32
 1464.18
 1477.26
 1473.33
 1485.78
 1479.50
 1483.86
 1482.22
 1480.21
 1481.71
 1491.62
 1444.13
 1381.01
 1384.21
 1381.38
  992.62
 1081.28
 1211.31
 1343.12
  806.29
  664.79
  864.74
  945.56
  966.23
  732.53
  568.26
  641.46
  836.79
 2114.08
 2883.36
 2656.49
 2233.09
 1860.53
 1704.76
 1704.19
 1957.66
 2268.12
 2067.30
 1823.15
 1681.96
 1531.04
 1533.22
 1608.06
 1691.11
 1681.77
 1678.31
 1570.57
 1449.77
 1445.58
 1447.22
 1446.62
 1395.31
 1356.91
 1298.61
  868.22
  739.15
 1110.45
 1327.75
 1390.58
 1386.48
 1378.69
 1383.82
 1383.50
 1293.77
 1553.01
 1748.99
 2209.76
 3213.96
 3980.16
 3897.62
 3578.09
 3179.27
 2741.84
 2544.04
 2350.67
 2138.80
 2127.30
 2121.10
 2129.99
 2118.72
 1980.76
 1643.82
 1391.07
 1397.63
 1395.17
 1375.18
 1346.47
 1340.52
 1337.06
 1333.72
  859.70
  994.97
 1039.65
 1079.41
  901.21
 1027.14
  542.72
  337.00
  607.40
 1185.97
 1243.11
  905.03
  857.80
  772.68
  436.25
  382.02
  777.52
  770.84
  544.82
  383.83
  223.08
  217.39
  412.66
  577.07
  563.08
  916.25
 1307.67
  775.34
  979.34
 1242.49
 1143.58
 1069.90
 1096.12
 1127.66
  771.38
  739.07
  951.02
  902.40
  983.02
 1079.18
 1072.84
  650.07
  735.59
  773.22
  653.44
  818.56
 1027.28
  635.57
  221.21
  166.19
  895.97
  896.65
  870.43
  829.49
  845.40
  198.64
  165.99
  694.90
  770.61
  768.24
  948.33
  861.48
  695.66
  319.84
  787.66
 1004.48
  998.68
  996.27
  995.42
  558.52
  519.76
  974.33
  971.10
  986.90
  735.64
  169.62
  162.77
  163.16
 1185.82
 1246.22
 1144.65
  952.81
  901.69
  486.51
  293.59
  918.83
  986.13
  972.68
  927.55
  801.54
  437.72
  562.03
  484.39
  897.08
  750.85
  868.59
  236.11
  149.34
   53.97
  426.71
  561.66
  112.67
  501.66
  621.41
  196.69
   27.50
 1061.54
 1097.56
 1253.50
 1344.00
  577.75
  363.25
  520.18
 1142.90
 1344.31
  882.27
  887.56
  738.90
  494.55
  487.30
 1040.47
 1052.91
 1048.83
  962.06
  721.60
  260.03
  157.13
 1057.97
 1106.96
 1016.91
  993.07
  976.53
  577.18
  435.46
 1011.90
 1166.09
 1114.89
 1022.97
 1148.67
  607.45
  140.93
  957.87
 1008.28
 1100.85
  997.06
 1195.34
  231.29
  292.63
  864.32
  904.13
  992.25
 1140.60
  946.18
   27.61
   28.57
  937.74
  944.93
  935.79
  835.18
  783.33
   24.41
   23.93
  783.78
  549.91
  578.26
  568.77
  163.16
   37.35
   37.32
  371.89
  726.02
  955.41
 1194.69
  355.91
   58.56
   86.96
  841.44
 1012.50
 1009.35
  861.94
  206.01
  116.89
  118.22
  817.62
  922.73
  977.16
 1093.43
  118.56
   26.14
   24.30
  642.65
  580.41
  486.51
  964.59
  986.39
  417.48
  372.59
  785.51
  923.02
 1107.25
  866.58
  714.01
  620.17
  493.34
  710.95
  929.16
  805.93
  859.56
  693.79
  352.43
  174.04
  636.59
  558.97
  599.92
  937.83
  920.30
  235.57
  212.77
  503.19
  533.21
  568.86
  649.19
  535.47
  209.54
  270.20
  367.10
  378.09
  514.29
  601.39
  782.39
  339.41
  278.35
  562.09
  644.60
  553.68
  875.30
  610.03
  434.66
  302.11
  528.56
  512.45
  854.43
  805.19
  898.30
  896.28
  395.02
  756.91
  685.27
  638.74
  332.72
  362.80
  243.10
  271.28
  662.13
  490.65
  494.64
  469.07
  553.11
  199.69
   66.49
  396.32
  311.88
  312.76
  390.72
  222.29
  278.64
  111.03
  377.83
  314.49
  483.88
  720.64
  720.61
  513.24
  199.29
  414.64
  355.89
  407.22
  385.08
  827.25
  646.02
  519.33
 1086.69
  893.11
  857.38
  805.47
  187.63
  268.02
  264.00
  774.75
 1075.62
  997.15
  998.93
 1128.43
  579.11
  288.80
  894.76
 1005.47
  717.44
 1060.52
  958.10
  384.06
  929.64
 1116.25
 1399.08
 2151.74
 3180.97
 2679.71
 2068.55
 2068.80
 1596.93
 1378.49
 1282.75
  947.14
  723.75
  360.78
  252.95
  870.54
 1019.01
  923.92
  927.38
 1067.06
  864.03
  842.65
  761.64
  783.87
  923.84
 1180.61
 1241.50
 1184.07
  631.49
  684.70
 1044.89
  743.20
  871.85
 1035.58
  340.34
  499.20
  746.91
  665.13
 1031.53
 1084.54
  955.78
  451.71
  260.18
  531.48
  579.79
  248.03
  192.64
  269.92
  260.68
  202.35
  836.45
  480.71
  410.00
  423.34
  539.41
  516.90
  585.76
 1077.97
 1278.25
 1290.23
 1270.44
  791.40
  378.57
  107.21
  293.33
  225.15
  253.69
  272.75
  189.75
  218.72
  216.26
  201.08
  181.68
  234.35
  221.81
  237.15
  256.27
  215.60
  219.40
  191.03
  270.57
  378.60
  285.07
  115.08
   93.28
  220.31
  634.27
  654.29
  766.28
  344.30
  326.41
   80.33
  432.00
  758.01
  600.23
  432.45
  383.18
  190.88
  122.19
  307.97
  311.32
  362.40
  378.54
  309.19
  162.91
  110.10
  266.77
  203.06
  246.72
  216.11
  222.12
  229.17
  223.93
  213.06
  176.56
  186.24
  212.43
  233.61
  202.30
  207.96
  235.37
  276.97
  291.38
  245.28
  275.61
  154.89
  135.92
  222.91
  186.55
  210.20
  211.05
  205.92
  159.79
  164.69
  213.37
  219.31
  212.06
  230.16
  167.98
  190.43
  182.56
  235.77
  294.61
  340.54
  267.93
  263.40
  145.86
  148.35
  305.00
  568.69
  328.67
  268.25
  392.92
  133.68
  138.81
  496.85
  491.86
  574.69
  539.46
  349.29
  360.50
  241.60
  420.51
  384.94
  465.44
  430.10
  271.79
  173.13
  187.43
  224.58
  432.65
  534.00
  522.13
  493.34
  202.41
  207.42
  352.54
  310.15
  304.26
  540.43
  732.02
  515.62
  330.49
  556.40
  289.26
  316.92
  308.40
  306.33
  145.44
  147.30
  371.29
  382.02
  461.85
  467.77
  521.20
  202.69
  136.09
  351.07
  427.39
  548.33
  414.73
  474.53
  171.20
  246.05
  460.72
  554.50
  641.52
  605.22
  687.82
  270.85
  184.71
  679.24
  706.96
  749.97
  565.18
  493.48
  117.46
   52.84
  417.42
  359.45
  323.69
  474.11
  677.06
  544.82
  341.50
  344.28
  228.06
  195.13
  611.79
  375.76
  218.27
  191.42
  278.16
  441.15
  498.18
  471.99
  383.92
  349.23
  229.00
  807.88
 1297.00
  965.83
  897.98
  734.82
  274.62
  669.81
  714.26
  821.02
  604.31
  571.29
  685.89
  139.04
  132.24
  249.70
  239.65
  249.10
  261.76
  258.42
  155.74
   91.27
  552.12
  492.46
  563.76
  684.70
  667.09
  303.81
  156.03
  406.66
  384.77
  532.84
  539.66
  564.13
  314.09
  305.68
  465.36
  552.32
  719.39
  789.59
  655.82
  197.71
  291.01
  516.56
  635.74
  759.29
  494.72
  482.92
  272.95
  274.14
  609.07
  688.69
  667.51
  339.66
  329.24
  274.76
  404.73
  836.42
  740.63
  779.45
  709.08
  831.47
  473.71
  291.66
  888.27
  296.56
  409.40
 1020.40
  882.30
  500.16
  574.89
 1093.09
 1105.89
 1204.60
 1397.55
 1370.45
 1170.51
 1160.00
  889.97
 1373.48
 1381.58
 1386.17
 1391.49
  294.78
  129.41
 1035.92
  709.90
  639.45
  676.09
 1247.58
  691.58
  647.63
 1004.31
 1049.08
  601.25
  445.91
 1167.50
  598.02
  234.32
  568.32
  220.47
  269.92
  284.05
  563.59
  341.93
  514.09
 1050.39
 1240.67
 1075.50
 1019.49
  707.72
  689.15
 1001.43
 1412.02
 1408.54
 1421.05
 1416.89
 1421.56
 1427.82
 1436.03
 1637.53
 1978.16
 2445.78
 2827.66
 3592.45
 3999.78
 3662.44
 3147.79
 2866.94
 2546.19
 2557.32
 2197.19
 1742.02
 1745.20
 1546.10
 1436.80
 1435.24
 1424.00
 1417.40
 1178.55
  584.40
 1258.37
 1024.16
  686.91
  639.45
 1356.43
  717.83
  569.62
 1131.20
 1637.73
 1873.16
 1658.43
 1410.35
 1409.84
 1408.45
 1529.68
 1709.97
 1705.78
 1582.60
 1405.20
 1408.06
 1658.52
 2004.69
 2312.72
 2689.53
 2700.38
 2699.87
 2671.69
 2642.92
 2394.59
 2812.29
 3100.95
 3085.04
 2731.56
 2358.60
 2579.38
 3078.44
 3429.88
 3429.99
 3285.01
 2594.98
 1801.57
 1787.73
 1557.09
 1393.10
 1351.17
 1407.09
 1317.16
 1156.18
  449.59
  737.06
 1061.63
 1425.24
 1425.50
 1410.83
 1431.50
 1428.02
 1411.11
 1375.66
 1401.49
 1401.77
 1406.24
  628.72
  253.35
  711.77
 1044.78
 1340.49
 1423.60
 1400.61
 1388.09
 1388.69
 1521.18
 1766.72
 1743.30
 1436.91
 1094.96
  519.73
  516.78
  692.83
  725.96
  723.21
  577.27
  572.03
  263.43
  257.09
  764.75
  655.22
  852.76
  455.73
  609.32
   64.00
   24.47
  270.11
  254.94
  614.42
 1047.27
 1263.21
  689.97
  996.58
 1398.43
 1402.19
 1737.80
 1900.12
 1438.16
 1424.54
 1228.02
 1349.27
 1424.03
 1432.52
 1428.84
 1420.63
  497.70
  422.12
 1262.48
 1416.38
 1402.28
 1361.64
 1369.83
  510.98
  660.15
 1189.76
 1397.69
 1399.14
 1019.12
  806.83
  600.86
  441.46
  679.49
 1016.43
 1024.93
  286.14
  586.67
  799.95
  929.84
 1034.61
 1374.70
 1851.21
 2442.58
 3725.59
 3520.83
 3625.63
 3605.47
 3585.93
 4055.37
 4866.62
 5084.26
 4261.29
 3015.63
 2801.78
 2923.43
 2491.74
 2169.64
 2072.51
 2201.86
 2372.19
 2469.37
 2819.37
 2929.52
 2911.20
 3060.06
 3063.97
 2713.24
 2578.36
 2172.81
 1768.59
 1698.76
 1693.77
 1684.20
 1672.59
 1591.94
 1330.84
 1460.55
 1447.44
 1428.02
 1206.24
 1025.27
 1416.86
 1427.03
 1429.58
 1409.53
 1401.49
  825.49
  617.68
 1354.39
 1406.10
 1410.75
 1400.13
 1372.23
 1170.99
  984.01
 1298.78
 1130.38
  853.27
  875.90
  842.54
  387.32
  364.55
 1300.39
 1365.13
 1335.93
 1310.98
 1298.10
  623.82
  654.69
 1441.04
 1378.12
 1430.88
 1410.43
 1424.90
  551.67
  660.01
 1386.70
 1382.15
 1388.12
 1382.32
 1378.69
  863.61
  803.24
 1385.29
 1389.05
 1405.08
 1330.69
 1177.13
  628.29
  688.84
 1335.00
 1349.72
 1354.31
 1281.79
 1366.15
 1398.60
 1428.39
 1435.13
 1427.25
 1416.86
 1431.36
 1431.50
 1429.92
 1442.83
 1434.87
 1432.38
 1448.07
 1435.41
 1751.14
 3506.90
 5296.38
 4489.72
 4317.98
 3740.80
 3112.42
 2681.12
 2169.75
 2173.37
 2166.78
 2032.41
 1855.32
 1716.34
 1559.86
 1554.59
 1560.80
 1562.55
 1572.63
 1581.69
 1591.21
 1568.02
 1526.19
 1509.00
 1477.71
 1456.79
 1612.59
 1565.30
 1492.55
 1554.74
 1616.95
 1565.72
 1554.68
 1557.79
 1487.80
 1450.39
 1446.37
 1388.21
 1395.99
 1486.97
 1665.17
 1738.60
 1683.01
 1675.37
 1677.04
 1654.24
 1654.24
 1802.17
 2306.72
 2630.18
 2703.98
 2689.76
 2659.43
 2326.97
 1986.88
 2257.50
 2549.03
 2539.45
 2549.42
 2456.85
 2369.16
 2269.37
 2190.85
 1965.42
 1702.72
 1699.12
 1757.71
 1833.43
 1827.37
 1839.26
 1947.55
 2080.07
 2081.23
 1961.25
 1845.86
 1920.02
 2006.28
 1952.76
 1902.38
 1905.55
 1779.74
 1736.05
 1803.95
 1796.93
 2008.06
 2207.13
 2203.65
 1799.54
 1057.21
  841.38
 1069.67
 1058.94
  845.65
 1087.96
 1460.75
 1779.43
 2256.31
 2245.02
 2343.16
 2756.73
 3090.98
 3052.44
 3050.72
 3073.14
 3093.98
 2711.85
 2271.63
 2275.49
 2147.72
 1956.01
 2016.36
 2140.53
 1908.95
 1705.10
 1913.85
 2332.20
 2540.81
 2822.82
 2996.46
 2779.30
 2523.40
 2490.27
 2494.86
 2808.89
 3356.42
 3560.05
 3134.70
 2908.11
 3253.52
 3811.19
 3908.29
 3887.59
 3852.37
 3490.50
 3250.77
 3444.94
 3652.84
 3863.61
 3852.17
 3730.29
 6524.29
 6843.28
 6127.00
 5614.49
 5258.44
 5014.49
 4680.07
 4231.61
 3900.02
 3902.49
 3555.35
 3038.40
 2946.99
 3056.12
 2757.21
 2404.69
 2662.43
 2942.94
 2918.93
 2906.33
 2840.83
 2532.91
 2299.27
 2253.03
 1967.31
 1724.92
 1912.58
 2113.09
 2976.30
 4497.11
 4255.51
 4321.21
 4306.79
 3965.21
 3616.34
 3058.30
 2292.42
 2251.13
 1798.20
 1482.25
 1450.33
 1453.70
 1458.32
 1350.35
  783.58
 1098.24
 1035.46
 1184.78
  808.11
 1128.68
  379.67
  332.16
  783.41
  706.82
  755.97
  828.75
  653.27
  190.23
  193.06
  318.76
  314.06
  555.77
  656.55
  201.13
  357.22
  381.31
  468.22
  539.80
  724.01
  757.79
  455.56
  323.21
  309.42
  440.47
  686.63
  850.52
 1202.81
 1259.62
 1020.34
 1077.74
 1090.43
 1091.50
 1224.73
 1699.24
 1816.89
 1578.30
 1295.64
  931.20
 1186.99
 1430.96
 1302.52
  835.49
 1091.61
  590.66
 1102.20
 1259.22
 1089.58
 1087.59
 1092.38
 1090.65
  590.01
  835.04
 1075.16
 1075.84
 1073.69
 1084.99
 1079.10
 1078.39
 1077.74
 1076.83
 1083.91
 1081.96
 1139.33
 1193.72
 1193.10
 1107.42
  768.92
  912.57
  866.61
  904.10
 1061.17
 1056.98
  614.67
  628.63
  767.53
  644.72
  537.20
 1072.56
  882.24
  563.79
  167.92
  797.37
  785.51
  683.06
  911.35
  812.95
  448.65
  279.20
  320.86
  600.15
  329.83
  854.97
  893.74
  758.55
  729.39
  693.73
  737.46
 1091.53
 1056.36
  406.35
  965.94
 1090.82
 1080.80
 1081.28
 1083.03
 1077.74
 1016.86
  864.46
  670.68
 1073.43
 1083.88
 1069.24
 1060.04
 1062.11
  959.43
  915.77
  830.25
 1048.29
 1047.67
 1045.80
 1044.50
 1060.61
 1178.86
 1132.25
 1063.27
 1188.15
 1340.12
 1309.71
 1032.32
 1042.31
 1073.52
 1016.01
 1000.18
 1269.19
 1105.01
  975.74
 1079.69
 1015.19
  979.88
  931.26
 1407.63
 1328.80
  984.32
  948.39
 1129.96
  864.23
  556.37
  903.14
  858.85
  691.84
  887.96
  968.07
 1282.72
 1211.82
  736.01
  653.21
  885.55
  939.41
  833.76
  759.34
  646.33
  774.18
  714.32
  761.44
  770.16
  721.46
  844.83
  880.37
  570.84
  574.41
  588.28
  659.16
  656.64
  715.23
  644.29
  419.06
  381.26
  588.37
  742.30
  767.19
  725.45
  540.74
  441.26
  367.86
  801.79
  790.97
  905.94
  856.41
  860.49
  568.40
  397.40
  710.95
 1091.73
  926.36
  919.05
  983.59
  802.90
  607.48
 1022.38
 1012.44
 1105.26
 1107.81
 1086.46
 1107.50
  572.57
 1091.25
 1019.18
  912.09
  799.78
  722.50
  531.76
  590.92
 1036.85
 1074.40
 1062.59
 1114.41
 1102.74
 1100.65
 1086.15
 1105.63
 1104.24
 1113.39
 1115.63
 1110.59
 1080.20
  983.64
 1106.76
 1115.54
  910.02
  783.78
  559.20
  703.28
  542.95
 1108.52
  676.63
  791.26
 1107.10
  963.91
  843.13
  587.38
  864.46
 1091.84
 1098.21
 1102.71
 1099.63
  773.50
  650.83
  936.13
  916.70
  926.56
  901.58
  793.95
  661.51
  511.63
  988.65
 1389.96
 1216.01
 1191.35
 1412.02
 2145.54
 5198.75
 7104.84
 6659.78
 5115.33
 4126.13
 3737.85
 3915.17
 3765.32
 3626.79
 3689.49
 3696.76
 3683.80
 3207.17
 2554.46
 2516.80
 1959.61
 1891.03
 2038.36
 2033.01
 2148.97
 2276.02
 2290.89
 2286.22
 2256.74
 1900.60
 1677.21
 1668.09
 1670.78
 1673.92
 1676.22
 1678.45
 1690.35
 1514.47
 1270.32
  658.23
  492.74
  831.47
  747.76
 1108.32
 1171.95
 1278.62
  590.69
  624.27
  781.69
  804.85
  800.15
  931.11
  854.32
  637.10
  549.63
  762.49
  743.46
  774.75
  734.40
 1410.12
 1431.61
 1322.91
 1704.28
 3888.84
 5965.14
 6076.77
 5964.72
 5527.36
 4709.23
 4456.14
 4202.70
 3939.61
 3811.25
 3183.58
 2696.87
 2971.54
 2972.39
 3121.93
 3270.74
 3268.02
 2949.43
 2578.45
 2574.00
 2377.71
 2078.94
 1948.99
 1944.94
 1970.14
 1957.43
 1838.58
 1973.51
 1725.63
 1435.55
 1422.55
 1398.20
 1285.24
 1200.80
 1656.68
 1894.91
 1910.82
 2047.96
 2181.67
 2177.85
 2214.94
 2584.25
 3042.31
 2688.34
 1913.74
 1394.46
 1027.34
  902.03
 1175.74
 1149.81
 1397.72
 1403.41
 1414.17
 1412.47
 1431.64
 1236.60
 1409.24
 1399.33
 1396.87
 1382.40
 1418.76
 1257.55
  967.47
  833.53
 1099.88
  988.48
  832.46
  585.03
  686.91
 1318.26
 1095.10
 1198.88
 1402.51
 1391.07
 1032.86
 1051.69
 1887.46
 1866.31
 1435.32
 1177.13
 1359.18
  833.34
  576.50
 1208.56
 1394.69
 1387.41
 1084.48
 1031.81
  836.00
  943.66
  951.53
 1011.99
 1025.52
  904.61
  659.19
  598.34
  667.26
  737.51
 1001.77
 1037.02
 1034.27
 1044.10
  575.82
  731.00
 1026.26
 1013.29
  992.70
  981.38
  990.75
  345.75
  153.65
  679.72
  605.39
  747.96
  869.24
  748.84
  591.54
  732.42
  961.95
 1014.34
  999.61
  999.30
  988.46
  999.64
 1016.35
 1177.27
 1399.96
 1280.86
 1228.70
 1380.98
 1196.95
  673.23
 1093.06
 1121.26
 1169.66
 1211.22
 1209.92
  772.91
  560.62
 1143.60
 1001.99
 1038.46
 1078.82
  985.91
  620.20
  371.66
  885.84
  893.34
  915.88
  953.37
  888.61
  611.64
  553.71
  914.58
  920.35
  932.81
 1033.37
  970.84
  636.87
  617.11
  933.92
  942.95
 1095.24
 1249.23
 1086.80
  634.16
  631.30
 1085.53
 1134.46
 1032.26
  945.56
  963.62
  580.24
  636.79
 1229.23
 1259.08
 1348.93
 1352.13
 1363.03
  479.23
  521.68
 1205.11
 1273.27
 1295.55
 1324.55
 1333.16
  333.66
  319.39
 1162.01
 1189.17
 1359.92
 1280.57
 1352.30
  412.18
  429.65
 1261.80
 1295.27
 1088.58
 1325.74
 1337.12
 1116.00
  306.33
 1119.45
 1155.33
 1140.06
  928.37
  969.06
  870.46
  595.36
 1178.75
 1218.25
 1083.35
  989.82
 1191.69
  228.66
  227.02
  894.87
  862.98
 1042.91
  757.59
  775.09
  628.35
  396.10
  946.43
  966.20
  896.62
  883.26
  876.46
  791.74
  369.48
  760.31
  778.77
  773.05
  759.26
  726.41
  533.63
  299.90
  778.09
  763.85
  778.85
  795.82
  787.52
  497.13
  434.86
  601.36
  622.32
  654.40
  596.69
  733.29
  566.37
  530.80
  766.28
  882.01
  848.23
  832.35
  654.49
  570.02
  525.19
 1335.37
 1347.37
 1188.09
  920.01
  928.48
  752.15
  749.52
 1169.49
 1176.48
  890.99
  797.29
  815.13
  514.60
  361.61
  832.88
  872.90
  719.42
  876.04
 1034.07
 1337.43
 1338.74
 1390.30
 1393.50
 1311.69
  564.52
  561.55
  578.37
 1508.44
 3367.24
 5043.99
 5405.71
 5272.43
 5035.30
 4494.82
 3468.53
 2571.23
 2299.92
 2487.66
 2693.44
 2694.57
 2712.70
 2722.10
 2737.87
 2743.73
 2714.08
 2714.76
 2576.41
 2206.34
 1992.03
 1984.22
 1982.12
 1980.34
 1998.21
 1980.23
 1998.80
 2185.35
 2406.45
 2406.59
 2401.10
 2269.20
 2246.15
 2778.25
 3044.80
 3161.15
 3305.00
 3305.94
 2979.27
 2377.60
 1774.39
 1398.14
 1397.80
 1553.94
 1720.62
 1568.67
 1409.05
 1103.73
 1069.81
 1318.15
 1213.15
 1327.24
 1351.70
 1377.73
 1120.21
  912.79
 1402.76
 1403.44
 1402.36
 1398.91
 1400.32
 1403.64
 1009.21
  797.83
  811.84
  871.73
  930.32
  937.66
  591.14
  537.96
  719.81
  425.12
  563.45
  412.41
  307.18
  455.19
  824.76
  998.03
  989.16
 1185.03
 1034.22
  877.45
  572.23
  427.90
  772.20
 1120.92
 1675.90
 2104.90
 2215.76
 2208.23
 2197.76
 2172.33
 2173.88
 2125.63
 1831.34
 1397.18
  821.87
  811.59
 1171.84
 1362.75
 1394.15
 1386.59
 1380.84
 1270.69
  880.74
 1211.54
 1358.30
 1381.66
 1417.06
 1405.37
 1411.00
 1408.68
 1401.34
 1406.61
 1405.62
 1407.57
 1424.59
 1433.23
  850.16
  723.18
 1338.08
 1400.21
 1334.29
 1285.98
  225.88
  227.10
  386.33
  423.00
  477.22
  445.08
  321.23
  240.69
  257.97
  362.88
  396.21
  367.33
  275.81
  428.07
  152.60
  140.48
  220.19
  261.99
  372.22
  311.20
  311.06
  196.32
  216.20
  261.82
  294.30
  303.53
  297.92
  293.82
  211.07
  209.40
  261.19
  251.06
  259.89
  261.19
  307.27
  356.03
  419.83
  697.84
  940.03
  842.28
  745.10
  988.82
  803.86
  652.84
  650.86
  814.11
  642.82
  715.96
  669.86
  255.96
  190.29
  411.22
  430.36
  681.16
  718.23
  727.49
  742.44
  542.41
  326.30
  422.71
  546.85
  681.59
 1157.08
 1224.70
 1192.82
  587.32
  912.54
 1396.33
 1398.06
 1394.55
 1385.12
 1404.66
 1402.00
 1405.00
 1400.89
 1169.20
 1260.81
 1396.25
 1179.26
 1072.39
  926.64
  882.44
  848.49
  951.45
  985.79
  888.02
  672.55
  667.85
  840.47
 1399.53
  899.43
 1374.02
 1395.65
 1397.27
 1300.59
 1231.41
 1400.72
 1022.95
 1261.32
 1248.55
 1011.93
 1044.61
  931.20
  856.24
  940.97
  938.00
 1001.62
  682.75
  698.07
  813.26
  708.74
  646.98
 1239.65
  828.92
  697.22
  815.84
  781.88
  633.99
  812.21
  810.68
  815.89
  740.77
  752.80
  825.01
  693.65
  722.82
  824.45
 1268.11
  980.05
  820.48
  880.09
  900.53
  904.84
  862.19
  760.48
  907.05
  849.39
  563.14
  721.80
  774.04
  779.76
  724.15
  931.51
  922.62
 1013.69
 1208.90
 1393.08
  943.01
  920.61
  970.48
  964.33
  929.36
  802.75
  772.43
 1026.26
 1048.57
 1043.02
 1041.64
  963.85
  978.91
  946.97
 1188.74
 1087.59
  987.18
 1013.04
 1015.87
 1010.01
 1289.29
  916.64
  681.30
 1150.85
  975.35
  924.80
 1111.18
 1169.20
  677.71
  667.57
  911.72
 1013.94
 1041.44
 1041.21
  962.06
  374.97
  655.22
 1054.01
 1085.67
 1084.90
 1091.67
 1091.70
 1073.29
  798.34
 1076.10
 1012.78
 1008.39
 1006.18
 1053.16
  931.74
  930.07
  970.39
 1095.35
 1109.31
 1054.83
 1031.13
  587.91
  621.05
 1143.92
 1205.16
 1397.38
 1395.85
 1398.09
  977.89
 1007.20
 1119.82
 1258.29
 1403.81
 1393.47
 1510.59
 1643.76
 1635.52
 1630.99
 1519.28
 1413.55
 1426.15
 1415.56
 1431.98
 1429.94
 1425.24
 1415.76
 1424.51
 1483.04
 1596.50
 1590.73
 1541.85
 1610.66
 1967.23
 2300.29
 2361.26
 2369.70
 2362.30
 2355.71
 2341.04
 2132.91
 1955.16
 1742.19
 1497.45
 1480.77
 1484.40
 1718.89
 1887.15
 1797.02
 1626.75
 1480.63
 1424.56
 1409.44
 1403.78
 1404.49
 1403.24
 1689.61
 2093.18
 2202.97
 2430.69
 3012.57
 3442.17
 3513.64
 3499.37
 3502.00
 3517.32
 3520.95
 3515.14
 3556.14
 3552.43
 3387.01
 3186.75
 3182.22
 3171.23
 3147.59
 3144.95
 2807.47
 2388.95
 2363.41
 2384.67
 2390.28
 2397.25
 2633.64
 2874.05
 2874.92
 2647.34
 2386.74
 2380.14
 2370.37
 2381.64
 2388.27
 2367.23
 1890.12
 1409.33
 1406.30
 1985.61
 2544.52
 2503.92
 2244.51
 1856.06
 1742.51
 1742.59
 1737.86
 1583.08
 1417.57
 1246.20
 1243.17
 1119.45
 1163.20
 1368.67
 1252.54
 1043.67
 1083.20
 1412.50
 1026.37
  433.28
 1234.93
 1111.83
 1315.03
 1424.05
 1432.63
  921.26
  555.94
  978.89
 1388.32
 1398.17
 1540.41
 1586.03
 1297.48
 1306.09
 1389.90
 1408.71
 1405.00
 1421.22
 1656.08
 1923.85
 1921.84
 2112.21
 2341.80
 2177.65
 1743.10
 1504.73
 1559.38
 1562.21
 1561.62
 1560.82
 1570.34
 1487.77
 1414.06
 1420.12
 1414.51
 1406.10
 2273.59
 4383.50
 4537.55
 3978.66
 3410.00
 3453.75
 3593.41
 3750.88
 3742.72
 3108.51
 1944.60
 1593.05
 1521.75
 1504.62
 1348.73
 1415.05
 1417.20
 1417.54
 1212.33
 1083.66
 1279.21
 1417.97
 1393.56
 1401.83
 1422.72
 1290.57
  912.34
 1192.08
 1085.13
 1055.96
 1241.75
 1213.26
  416.14
  426.73
 1074.09
 1152.33
 1132.62
 1160.40
 1154.51
  877.20
  635.94
  582.48
 1032.43
 1101.10
  901.44
 1032.57
  800.32
  553.99
 1066.87
  792.48
  680.23
  632.65
  725.76
  861.96
  338.95
  776.08
  887.03
  951.25
 1292.81
  736.29
  254.65
  197.37
  966.91
  721.85
  633.67
  675.58
  605.02
  251.17
  268.95
  313.27
  959.88
 1377.76
 1150.66
  752.52
  405.55
  119.13
  972.17
 1160.82
 1195.11
  830.90
  632.03
  391.79
  197.45
  754.70
 1102.57
  887.22
  827.56
  663.44
  249.07
  162.20
  494.98
  987.83
 1039.09
 1066.07
  454.77
  173.21
  161.04
  532.36
  715.09
  843.98
  715.88
  516.33
  202.89
  172.68
  196.35
  777.13
  766.34
  770.81
  443.10
  386.67
  401.76
  488.13
  512.70
  493.68
  487.96
  585.79
  682.61
  691.64
  679.66
  885.86
  919.48
  894.53
  894.47
  480.76
  534.91
  947.99
  952.64
  725.62
  760.96
  770.61
  670.51
  562.54
  816.09
  767.19
  858.48
  753.60
  798.25
  362.97
  342.61
  907.50
  961.19
 1154.19
 1153.26
  892.35
  331.59
  512.90
 1216.46
 1214.08
 1150.20
 1190.81
  597.26
  508.57
  514.94
 1059.53
 1027.36
 1026.94
 1125.14
  693.56
  647.18
  490.45
 1078.11
 1132.76
 1157.96
 1135.28
  902.80
  328.50
  321.79
  322.16
 1316.54
 1233.96
 1187.10
  514.04
  332.07
  314.32
  928.03
  932.28
 1068.25
  495.97
  633.84
  430.27
  426.56
  833.31
  753.71
 1101.13
 1239.43
  761.50
  553.40
  464.48
 1030.96
 1002.16
  859.13
  957.65
  887.25
  307.78
  311.54
  669.52
  607.62
  701.97
  802.53
  729.58
  228.94
  239.87
  534.28
  547.70
  539.92
  549.35
  683.99
  225.91
  277.56
  616.60
  662.59
 1033.34
  641.32
  579.93
  339.04
  284.84
  766.25
  500.64
  497.53
  683.63
  611.45
  440.27
  203.65
  964.84
  947.09
  549.38
  517.29
  547.65
  407.82
  397.54
 1094.39
  863.38
  710.89
  573.73
  567.70
  288.55
  256.13
  999.47
  947.76
  963.91
  909.79
  924.66
  427.16
  394.17
  866.98
  758.50
  550.45
  293.67
  303.67
  308.99
  554.08
 1186.90
 1186.48
 1218.39
 1097.70
 1158.81
  688.72
 1425.70
 1567.03
 1996.25
 2280.95
 2220.38
 2197.84
 2079.39
 1812.99
 1628.81
 1498.84
 1405.14
 1409.61
 1414.26
 1038.69
  841.29
 1230.90
 1153.06
 1408.14
 1411.14
 1316.17
 1382.91
  670.83
  632.85
  882.01
 1283.52
 1406.84
 1405.68
 1404.88
 1407.72
 1406.50
 1409.73
 1416.35
 1420.88
 1414.99
 1588.86
 1792.20
 1907.56
 2034.85
 2443.12
 2829.28
 2727.42
 2607.81
 2603.48
 2595.01
 2603.14
 2589.04
 2579.81
 2382.21
 2121.81
 1926.76
 1717.81
 1561.28
 1424.42
 2013.50
 2460.08
 2854.90
 2836.44
 2567.09
 2279.68
 2287.97
 2084.35
 1748.93
 1636.91
 1636.01
 1635.92
 1637.76
 1544.63
 1763.18
 4342.22
 5954.78
 5590.40
 5074.58
 4680.29
 4539.13
 4202.11
 3792.93
 3530.63
 3353.00
 2914.51
 2539.71
 3206.37
 3986.67
 4291.39
 4361.87
 4377.10
 4185.80
 3985.40
 4122.79
 4375.66
 4175.74
 3968.12
 3961.30
 3592.76
 3191.00
 3191.90
 3207.85
 2785.53
 2274.64
 2254.50
 2148.14
 1825.28
 1521.21
 1431.67
 1362.69
  832.77
 1053.33
 1029.29
 1022.78
 1030.17
  887.42
 1062.22
 1002.64
 2221.46
 7129.28
 6851.94
 6708.63
 6261.48
 5749.08
 5354.91
 5053.25
 5204.47
 5127.42
 4710.31
 4233.26
 3915.43
 3525.05
 3512.96
 3004.90
 3835.06
 4723.39
 4849.54
 4412.16
 4391.04
 4792.99
 4785.32
 4789.20
 4247.81
 3264.31
 2709.10
 2307.40
 1803.50
 1799.45
 1804.94
 1828.56
 1815.59
 1623.46
 1391.43
  940.52
  932.81
  971.49
  959.74
 1044.47
 1059.73
 1055.99
 1045.40
 1043.62
  967.45
 1051.49
 1066.33
 1050.98
  567.61
  497.30
  602.92
  866.18
  843.59
  839.96
  812.52
  258.31
  234.55
  288.72
  549.35
  700.25
  673.52
  422.20
  192.24
  187.80
  199.46
  826.57
  840.64
  987.80
  427.81
  128.22
  141.27
  188.31
  850.16
 1024.19
 1039.28
 1057.72
  679.86
  494.50
 1173.99
 1114.64
 1106.76
 1163.79
 1344.82
  373.30
  440.33
 1081.42
 1265.03
 1359.44
 1254.95
  726.10
  437.72
  634.10
 1170.14
 1556.24
 1780.34
 1912.41
 1607.49
  752.63
  859.05
  855.42
 1201.99
 1126.19
 1224.36
 1022.12
  673.26
  566.00
 1108.46
 1429.41
 1431.90
 1424.20
 1415.16
 1197.04
 1411.74
 1400.72
 1397.18
 1369.83
 1296.15
 1133.18
  459.70
  464.08
 1065.19
 1053.64
 1480.55
 1702.10
 1697.60
 1683.10
 1687.63
 1538.37
 1379.74
 1382.00
 1377.27
 1377.81
  828.55
  872.67
 1376.40
 1428.84
 1405.96
 1395.54
 1404.29
 1398.46
  395.02
 1085.10
 1400.64
 1318.86
 1303.48
 1236.03
  646.25
  794.77
 1413.10
 1415.19
 1413.63
 1411.99
 1413.32
 1411.00
 1414.94
 1401.43
  771.89
  859.67
 1381.18
 1413.15
 1399.39
 1398.00
 1392.93
 1243.90
 1001.43
 1420.32
 1426.40
 1408.90
  673.66
  792.36
 1385.83
 1422.92
 1415.90
 1135.53
  807.12
  815.92
 1142.64
 1194.26
 1304.19
 1282.72
 1336.70
  931.06
 1401.49
 1322.43
 1241.07
 1233.51
 1232.32
 1317.38
 1081.56
 1149.18
 1130.30
 1268.25
 1398.20
 1396.25
 1404.06
  892.32
  517.55
 1362.04
 1203.78
 1435.58
 1421.87
 1410.86
 1393.78
 1349.27
 1398.85
 1410.92
 1411.48
 1405.37
 1408.88
 1415.87
 1412.47
 1282.98
 1296.54
 1387.75
 1393.70
 1395.11
 1411.34
 1161.93
 1331.40
 1379.06
 1410.35
 1398.06
 1416.75
  817.79
  807.26
 1346.44
 1384.67
 1375.46
 1410.49
 1413.12
  978.12
  603.57
 1290.77
 1295.84
 1303.08
 1255.54
 1255.77
  796.81
  335.21
 1399.98
 1141.91
 1101.67
  694.70
  681.76
  595.76
  603.01
 1421.99
 1652.83
 1880.41
 1860.53
 1644.59
 1400.98
 1638.16
 2009.11
 2012.20
 1995.04
 1863.19
 1573.68
 1410.89
 1309.57
 1662.26
 2019.05
 2010.52
 1986.34
 1701.62
 1381.49
 1382.51
 1392.82
 1403.55
 1025.98
 1000.69
 1062.82
  447.07
  636.62
 1007.29
 1023.68
  763.90
  458.34
  409.49
  398.25
  384.51
  447.60
 1077.12
  780.41
  958.95
  910.90
  380.64
  355.38
 1378.69
 1391.15
  983.56
 1176.06
 1561.11
 1713.11
 2226.55
 3019.62
 3360.16
 3560.39
 3399.52
 2933.00
 2592.49
 2570.41
 2567.63
 2340.25
 2083.27
 1933.42
 1783.08
 1785.32
 1789.91
 1989.00
 2206.00
 1904.70
 1491.25
 1425.27
 1409.27
 1412.93
 1418.05
 1424.34
 1422.19
 1412.87
 1407.86
 1204.91
 1201.57
 1408.71
 1383.42
 1062.48
 2010.30
 3964.25
 3625.55
 3298.86
 3265.39
 3090.19
 2827.61
 2683.96
 2285.65
 1841.25
 1871.18
 1870.89
 1861.86
 1856.62
 1853.08
 1648.89
 1402.11
 1521.15
 2007.04
 2420.47
 3029.28
 3652.39
 3436.48
 3276.26
 3101.06
 3055.90
 2962.74
 2642.90
 2097.29
 1544.23
 1419.86
 1383.70
 1416.69
 1416.72
 1349.18
 1210.80
 1231.02
  606.18
  458.53
  743.06
  823.68
  737.51
  706.31
  426.90
  510.61
  441.94
  449.25
  422.23
  434.69
  408.70
  461.88
  295.49
  272.32
  502.11
  285.72
  341.59
  378.74
  302.96
  248.45
  183.55
  292.17
  307.38
  303.44
  301.69
  479.63
  311.00
  227.33
  462.27
  417.25
  338.10
  287.59
  210.14
  176.98
  168.26
  503.93
  421.69
  257.34
  186.44
  172.31
  178.34
  174.21
  406.57
  423.48
  420.51
  251.09
  500.05
  150.14
  148.24
  569.23
 1094.11
  926.24
  776.50
 1045.29
 1076.78
  823.79
  398.42
  404.59
  411.47
  346.88
  535.98
  382.53
  285.77
  671.25
  225.20
  244.32
  255.02
  540.51
  673.03
  858.48
  749.21
  257.40
  325.36
  286.62
 1095.61
 1018.27
  144.81
  152.23
  557.53
  638.01
  295.71
  979.20
  346.17
  349.77
  137.14
  177.86
  324.51
  918.54
  963.03
  569.37
  578.09
  418.47
  241.66
  486.20
 1215.44
 1271.28
  331.34
  329.89
  537.77
  695.18
  760.31
 1367.73
 1220.17
  296.14
  289.34
  552.89
  551.84
  571.21
 1213.01
 1306.77
  604.82
  492.26
  571.29
  632.97
  882.07
  836.65
  846.65
  506.16
  608.33
  234.55
  149.46
  191.42
  825.10
  880.63
  426.76
  612.86
  995.65
 1095.07
  510.69
  527.34
  530.46
  984.89
 1009.38
  702.43
  839.20
 1045.97
 1404.40
 1419.33
  900.76
  980.33
  852.34
 1023.99
 1063.10
  979.93
  961.92
  741.02
  623.17
 1079.38
 1047.86
  680.99
  633.82
  543.23
 1005.67
  997.40
 1031.07
  947.76
  918.68
  915.63
  710.19
  973.11
  939.92
  763.62
  812.64
  822.97
  804.59
  879.49
  838.69
  758.41
  815.16
  849.76
  918.99
  840.56
 1021.08
 1090.20
 1102.69
 1405.96
  935.84
  894.22
  762.43
 1100.05
 1367.22
 1384.75
 1404.91
 1134.94
 1194.26
 1182.03
 1141.40
  971.10
  959.60
  887.42
  908.83
 1233.31
 2798.53
 4219.30
 3326.66
 2238.64
 1385.12
 1364.56
 1355.50
 1377.87
 1394.04
 1389.45
 1392.99
 1390.05
 1089.21
 1277.66
 1358.76
 1152.58
 1039.60
  745.33
 1205.79
 1229.23
 1287.91
 1249.96
 1159.80
 1222.92
  930.46
 1248.97
 1394.89
 1405.82
 1226.40
 1422.19
 1419.72
 1419.61
 1361.33
 1705.55
 2176.21
 2320.99
 2301.03
 2281.49
 2288.79
 2298.56
 2294.85
 2100.71
 1895.13
 1848.92
 1777.51
 1784.87
 1784.47
 1563.66
 1417.26
 1269.67
 1242.12
 1114.35
 1103.11
 1293.99
 1394.41
 1436.54
 1442.52
 1444.58
 1454.83
 1433.97
 1416.44
 1418.48
 1410.46
 1423.06
 1434.76
 1436.46
 1443.68
 1442.09
 1444.10
 1437.93
 1441.92
 1435.47
 1430.60
 1219.52
 1380.02
 1414.60
 1420.91
 1415.11
 1417.23
 1419.38
 1410.46
 1406.13
 1404.23
 1396.13
 1402.17
 1366.15
  924.77
  842.79
  797.06
 1284.11
 1408.08
 1544.80
 1637.82
 1788.89
 2516.01
 3089.57
 3096.42
 3064.85
 2851.11
 2293.10
 1844.25
 1846.48
 1843.85
 1841.19
 1842.83
 1726.22
 1667.58
 1757.03
 1760.80
 2132.49
 2626.25
 2692.22
 2683.81
 2571.62
 3612.41
 4447.30
 4741.71
 4997.22
 4550.38
 4075.36
 4114.24
 4108.04
 3665.62
 3192.30
 3020.39
 2688.09
 2689.76
 2695.25
 2709.36
 2707.46
 3253.32
 3856.98
 3618.30
 3134.62
 2623.90
 2352.39
 2354.21
 2345.12
 2124.84
 1962.70
 2045.95
 1750.38
 1417.97
 1424.48
 1417.12
 1404.32
 1410.09
 1364.73
 1409.64
 1422.07
 1422.69
 1423.91
 1198.11
 2014.32
 3606.43
 3428.41
 2596.37
 2583.63
 2575.87
 2182.12
 1702.61
 1710.99
 1718.83
 1698.59
 1692.67
 1618.14
 1499.49
 1424.28
 1430.94
 1502.89
 1579.80
 1564.42
 1475.62
 1393.81
 1394.41
 1395.94
 1400.38
 1408.03
 1403.18
 1406.95
 1406.70
 1389.34
 1420.68
  733.04
  800.60
  515.56
  769.51
  790.80
  353.39
  620.88
  719.13
  395.25
  418.15
  418.04
  568.12
  555.55
  538.70
  534.82
  151.92
 1038.21
 2021.23
 1693.32
 1431.90
 1061.66
 1033.28
 1064.43
 1161.64
 1006.75
  877.65
  987.72
  774.27
  955.35
  333.37
  170.61
  627.53
  607.20
 1202.50
 1027.08
 1113.59
  722.70
  879.38
  792.02
  823.31
 1020.88
 1210.94
 1129.87
  586.50
  783.13
  777.78
  563.79
  882.98
  911.52
  912.14
  324.31
  828.72
  997.26
 1405.00
 1419.33
 1419.18
 1421.31
 1422.50
 1428.30
 1429.89
 1133.98
 1092.46
 1083.54
 1085.61
 1082.72
 1077.29
 1230.08
 1634.28
 1852.37
 1849.17
 1709.01
 1566.43
 1314.52
 1049.59
 1045.54
 1041.52
 1042.00
 1040.79
  759.17
  761.61
 1018.19
 1033.31
 1012.41
 1024.59
 1006.83
  673.23
  976.36
  792.59
  807.77
  512.59
  519.22
  406.55
  384.12
  365.37
  566.28
  492.51
  602.70
  798.51
  797.91
  490.22
  480.68
  779.62
  835.52
  986.62
  979.59
 1081.34
  522.47
  593.27
  846.05
  853.36
  985.14
  901.35
  904.84
  636.96
  788.43
  788.74
  715.54
  741.59
 1195.79
 1378.86
 1162.80
  692.21
 1264.46
 1149.07
 1250.05
 1147.20
 1143.01
  755.64
  785.82
  970.39
 1335.39
 1065.19
 1249.71
 1315.57
  888.53
  865.53
 1223.34
 1258.12
 1223.88
 1181.38
 1294.36
  656.75
  732.44
  971.52
 1036.48
 1043.70
 1049.88
 1053.53
 1059.16
 1060.15
  740.51
 1056.11
 1119.03
 1219.61
 1225.69
 1231.58
 1227.68
 1135.11
 1065.85
 1064.86
 1071.59
 1071.71
  787.24
  741.96
  866.92
  932.67
 1039.74
 1040.05
 1023.80
  633.39
  790.80
 1040.05
 1185.20
 1411.76
 1403.07
 1386.73
  556.23
 1010.12
 1405.03
 1398.40
 1416.41
 1401.77
 1411.26
  870.21
  858.99
 1409.58
 1266.64
 1419.33
 1427.93
 1422.75
  650.10
  622.23
 1036.14
 1396.42
 1289.24
 1434.36
 1425.02
  618.64
  589.39
 1174.92
 1227.14
 1222.30
 1292.18
 1416.58
  791.68
  826.94
 1182.23
 1263.84
 1378.89
 1377.78
 1144.54
 1278.02
 1095.41
 1275.62
 1292.58
 1306.31
 1274.65
 1258.32
 1432.24
 1435.81
 1435.55
 1435.38
 1436.37
 1436.63
 1438.86
 1437.65
 1435.58
 1384.16
 1432.80
 1435.81
 1434.56
 1429.92
 1439.97
 1441.13
 1599.59
 1879.45
 1891.34
 1898.36
 1898.87
 1889.38
 2532.74
 3552.21
 3375.37
 3562.74
 3585.54
 2846.27
 2408.72
 2394.16
 2415.82
 2428.74
 2028.62
 1712.29
 2120.62
 2562.76
 2556.39
 2547.38
 2432.05
 2288.54
 2279.65
 2113.23
 1944.32
 1940.04
 1944.94
 1959.04
 1942.68
 1749.10
 1432.27
 1432.97
 1434.19
 1431.22
 1431.13
 1430.91
 1672.31
 1967.28
 1975.38
 1971.45
 2127.56
 2284.89
 2343.50
 2389.63
 2562.76
 2731.22
 2730.28
 2724.36
 2736.77
 2722.10
 2701.09
 2298.17
 1834.73
 1840.85
 1843.06
 1843.17
 1842.18
 1837.90
 1986.17
 2343.47
 2559.62
 2553.98
 2751.07
 3296.19
 3387.97
 2999.69
 2576.95
 2569.78
 2562.33
 2562.50
 2334.95
 2131.52
 1983.26
 1845.52
 1848.67
 1836.77
 1831.45
 1644.76
 1433.97
 1419.67
 1438.86
 1443.68
 1440.05
 1449.43
 1455.20
 1353.91
 1293.17
 1172.66
 1421.65
 1691.65
 2013.36
 2004.86
 1823.32
 1844.96
 2942.40
 3866.44
 4523.98
 4702.18
 4827.82
 4405.31
 3931.57
 3938.93
 3919.59
 3536.72
 3102.05
 2950.47
 2810.36
 2820.70
 2845.84
 2858.87
 2852.87
 2620.53
 2400.05
 2741.21
 2631.60
 2061.21
 1574.95
 1932.60
 2374.06
 1932.06
 1405.70
 1414.88
 1452.20
 1450.67
 1446.06
 1428.50
 1415.98
 1256.90
 1125.20
  951.53
  566.20
 1058.26
  721.97
  739.35
  846.62
  815.33
  276.74
  279.86
  604.39
  742.18
  420.25
  356.96
  362.88
  295.17
  317.88
  534.20
  671.99
  778.01
 1019.07
 1235.32
 1007.12
  708.74
  945.67
 1163.71
 1683.01
 1853.85
 1882.79
 3628.95
 3990.66
 2852.16
 2384.25
 2146.87
 1989.40
 1758.90
  856.36
  872.87
 1162.46
  950.12
  961.58
  966.82
  881.39
  415.69
  464.74
  862.96
  869.44
  674.62
  526.50
  539.95
  260.37
  277.82
  257.00
  958.24
 1414.14
 1420.60
 1421.08
 1445.35
 2165.53
 2800.03
 2555.51
 1884.88
 1396.11
 1474.06
 1549.07
 1538.11
 1535.42
 1550.60
 1480.57
 1119.45
 1124.09
 1753.49
 2814.95
 2935.66
 3520.01
 4107.36
 2704.37
 1341.68
 1390.39
 1633.57
 1879.73
 1864.49
 1637.48
 1390.41
 1394.26
 1308.44
 1383.59
 1377.22
 1379.82
 1610.35
 1701.62
 1393.84
 1267.46
 1229.77
 1392.51
 1197.07
 1075.62
 1104.41
  950.31
  828.58
  941.05
 1142.19
  938.82
  950.88
 1023.31
  889.83
  754.16
  733.58
 1238.44
 1174.41
 1149.18
  973.82
  905.86
  859.42
  844.97
 1054.04
 1066.44
  902.37
  947.48
  959.35
  741.90
  675.87
  797.91
  846.67
  808.16
  939.72
  773.59
  746.49
  717.04
 1036.99
 1087.45
 1064.09
 1061.26
 1240.14
  814.76
  878.25
  973.02
  905.71
  888.24
 1081.00
  846.25
  559.57
  555.04
  933.46
 1004.12
 1046.19
 1155.04
 1042.94
  895.80
  680.28
  707.92
  760.17
  952.15
  913.50
  767.33
  534.62
  499.34
  702.48
  972.29
  833.68
  898.86
  956.66
  646.33
  660.18
  994.54
  983.44
  990.47
 1038.46
 1102.74
 1085.47
  325.36
  866.89
  836.99
  919.62
 1405.56
 1406.19
  714.38
  485.89
 1096.00
  938.79
  930.72
 1124.83
 1129.98
 1193.13
  326.15
 1068.08
  988.88
 1025.83
  979.11
  927.09
  305.43
  232.34
 1001.20
 1003.04
 1017.91
  852.48
 1043.14
  550.62
  442.68
  949.41
  889.80
  962.72
 1277.63
 1040.22
  350.08
  880.46
 1727.38
 2037.09
 2036.66
 1758.31
 1432.69
 1417.71
 1201.00
  917.38
 1240.42
 1435.66
 1434.76
 1224.96
 1057.15
 1058.40
 1241.72
 1428.95
 1439.91
 1383.96
 1185.54
 1043.65
 1033.56
 1053.22
 1077.31
  983.59
  984.10
  685.04
  626.65
  983.22
  881.31
  790.89
  720.66
  512.96
  783.95
  642.65
  571.66
  738.56
  705.83
  950.09
  871.68
  844.47
  417.93
  457.88
 1071.08
 1109.94
  789.59
  796.52
  809.95
  487.05
  498.66
  737.51
  761.72
  942.89
  652.28
  602.24
  224.86
  328.93
  491.27
  652.62
  915.43
  621.84
  521.88
  528.28
  880.00
 1398.09
 1427.74
 1439.32
  696.08
  698.01
  259.52
  307.80
 1248.69
 1428.95
 2170.80
 3717.15
 3721.71
 3172.65
 2823.22
 2809.26
 2427.77
 1952.59
 1948.48
 1912.60
 1871.15
 1866.31
 1857.90
 1861.66
 1853.99
 1850.31
 1745.88
 1655.69
 1663.39
 1659.03
 1660.67
 1672.08
 2005.20
 2388.04
 2377.57
 2373.52
 2370.97
 2667.70
 3341.78
 3703.11
 3384.03
 3010.51
 3018.75
 2998.61
 2997.76
 2985.30
 2619.36
 2268.60
 2270.27
 2269.94
 2261.53
 2281.21
 2295.73
 2309.55
 2148.97
 1964.34
 1938.97
 1952.16
 1960.01
 1958.42
 1937.75
 1826.13
 1706.03
 1708.02
 1564.76
 1410.18
 1392.88
 1411.48
 1401.12
 1426.12
 1700.26
 2426.75
 2717.26
 2719.89
 2713.72
 2250.99
 1726.14
 1719.26
 1570.85
 1411.06
 1190.92
 1256.67
 1749.92
 2132.34
 2135.20
 2127.10
 2124.87
 2134.47
 2123.14
 1813.58
 1011.93
  766.08
 1211.88
 1293.54
 1107.92
 1229.63
 1168.49
  580.69
  931.94
  750.11
  745.55
  900.45
  978.38
 1240.45
 1009.47
  783.39
  775.26
  737.51
 1219.35
 1446.96
 2653.68
 3881.62
 5570.89
 5843.32
 5962.17
 5924.00
 4942.96
 3645.60
 3134.42
 3127.94
 3346.23
 3380.13
 2845.47
 2552.76
 2507.26
 2440.46
 2403.11
 2393.51
 2146.81
 1862.20
 1842.27
 2080.95
 2391.75
 2611.49
 2320.91
 1990.19
 1974.53
 1847.36
 1576.12
 1390.73
 1383.19
 1415.64
 1413.75
 1435.81
 1294.05
 1237.98
  646.11
  600.86
  778.83
 1053.58
 1113.05
 1071.17
  843.90
  451.57
  351.58
  926.22
 1083.83
 1387.50
 1396.13
 1503.68
 2021.91
 2017.80
 1915.15
 1714.16
 1594.66
 2223.38
 2347.13
 2108.84
 2096.21
 2117.96
 1805.00
 1416.58
 1414.14
 1385.49
  792.42
  938.48
 1047.38
 1108.92
 1355.33
 1370.28
 1370.59
  371.63
  424.27
 1248.57
 1014.14
 1066.78
 1063.98
  215.72
  214.05
  219.26
  924.38
  964.61
  971.95
  946.83
  250.35
  401.90
  283.65
 1013.12
  520.49
  841.52
  751.61
  346.31
  325.73
  704.18
  998.31
  938.39
  936.81
  954.84
  355.80
  569.45
  563.76
 1209.70
 1308.63
 1291.25
 1305.83
 1359.58
  352.97
  359.43
 1251.77
 1213.38
 1144.17
 1154.51
 1144.28
  263.60
  262.10
 1082.21
  995.28
 1170.17
 1094.22
  740.77
  263.32
  493.79
 1361.56
 1361.81
 1287.60
 1119.99
 1001.99
  373.64
  373.50
 1071.17
 1117.30
 1003.24
 1064.91
  850.64
  429.48
  376.61
 1170.08
 1018.76
  897.53
  679.66
  486.82
  361.66
  323.75
  296.42
  851.97
  729.02
  653.10
  574.04
  382.87
  382.05
  865.67
 1001.62
  884.56
  752.46
  790.89
  895.61
  805.56
 1032.01
  828.61
  688.52
  555.94
  667.99
  740.46
  681.05
  506.93
 1032.43
  823.26
  984.72
  881.11
  644.58
  810.34
  934.31
  862.56
  635.40
  615.95
  537.17
  308.26
  306.78
  920.64
  719.39
  611.73
  599.16
  862.47
  381.06
  461.31
  673.43
  661.06
  701.38
  910.16
  664.82
  270.09
  200.88
  531.08
  570.95
  604.96
  635.71
  445.88
  283.82
  285.04
  827.22
  814.90
  845.20
  997.52
 1079.86
  753.99
  553.03
  494.41
  784.40
  589.33
  913.30
  789.30
  553.76
  394.20
  885.33
  600.88
  793.49
  700.67
  886.29
  252.93
  507.81
  668.76
  504.41
  667.37
  736.75
  532.02
  270.51
  241.54
   89.37
  589.53
  395.47
  526.89
  519.05
  269.83
  229.31
  413.23
  626.57
  866.61
 1223.51
  868.39
  819.77
  931.51
 1317.21
 1370.54
 1388.46
 1393.42
 1394.72
 1054.32
  828.75
 1120.16
 1076.97
  649.39
  878.76
 1404.52
 1381.86
 1375.72
 1346.47
 1291.25
 1351.42
 1371.95
 1326.45
 1288.67
  840.08
  962.29
  898.58
 1107.67
  833.93
  710.58
 1354.59
 1463.36
 1470.15
 1470.04
 1470.01
 1460.58
 2195.83
 2846.49
 2463.51
 2041.64
 2046.32
 2232.90
 2424.52
 2415.06
 2768.85
 3200.17
 3246.92
 3232.68
 2882.00
 2526.20
 2505.33
 2192.80
 1892.75
 1893.80
 1913.57
 1927.92
 1922.15
 2015.62
 2111.42
 2099.50
 1795.74
 1431.47
 1176.40
 1440.00
 1442.32
 1438.27
 1435.83
 1284.85
 1031.72
  902.17
  663.97
 1297.28
 1286.09
  950.43
 1279.58
 1361.73
 1355.73
  629.34
  334.54
  332.98
  383.52
 1483.75
 1479.13
 1662.45
 1847.99
 1850.65
 1848.69
 1845.30
 1989.06
 2133.73
 1839.46
 1468.20
 1472.93
 1781.44
 2327.56
 1946.70
 1461.52
 1460.02
 1454.75
 1454.64
 1413.97
 1205.02
 1034.33
 1107.90
 1288.78
 1174.89
 1039.57
  535.90
  558.75
  524.09
  528.65
  529.78
  353.37
  143.42
  587.57
  353.08
  353.28
  346.60
  417.50
  418.69
  413.31
  148.52
  148.13
  386.67
  381.80
  385.31
  404.70
  470.71
  229.62
   87.44
  339.29
  225.29
  252.61
  268.10
  335.36
  145.75
  139.91
  149.91
  182.25
  190.40
  205.01
  150.87
  150.84
  152.71
  815.36
  782.08
  958.16
 2029.16
 3477.82
 2842.56
 1983.82
 1634.17
 1434.19
 1226.60
  933.78
  801.42
  224.69
  143.79
  632.65
  664.09
  400.88
  468.02
  578.80
  518.99
  409.07
  421.92
  399.58
  272.78
  226.70
  668.87
  227.50
  230.81
  169.50
  331.45
  237.35
  525.22
  446.30
  354.58
  343.45
  942.38
  528.19
  636.96
  607.62
  451.97
  299.05
  294.01
  804.17
  230.56
  350.02
  355.43
  247.04
  470.94
  484.70
  775.51
  345.98
  399.69
  284.70
  273.94
  494.07
  797.52
 1132.42
 1444.56
 1448.97
 1424.79
 1412.98
 1411.85
 1077.03
  797.52
 1039.74
  899.40
  955.92
 1114.41
  661.17
 1025.10
 1707.99
 2220.10
 2241.19
 2237.51
 1984.50
 1397.92
 1381.64
 1380.25
 1316.00
 1275.25
 1303.82
 1369.09
  749.38
 1332.56
 1319.90
 1204.12
 1150.51
 1144.48
  980.47
 1290.29
 1052.59
  942.16
  827.90
  896.26
 1049.45
 1153.35
 1173.93
 1126.05
  920.52
  685.61
  721.26
 1014.34
 1095.64
  542.27
  551.73
  796.35
  601.11
  581.91
  575.09
  763.05
  912.77
  953.80
  905.43
  520.44
  545.16
  566.68
  674.82
  862.87
  948.44
 1110.42
  786.44
  814.70
  893.34
  792.16
  587.18
  542.27
  488.24
  813.63
  956.85
  791.29
  334.71
  272.92
  253.32
  819.09
  726.95
  437.27
  806.04
  291.52
  281.89
  295.54
  763.99
  544.56
  366.76
  861.85
  839.20
  382.45
  663.29
  968.89
  802.13
  684.13
  568.15
  930.75
  301.04
  286.93
  416.34
  747.51
  421.72
  745.47
  774.15
  420.59
  490.90
  998.57
 1119.42
 1011.62
  673.01
  518.37
  332.24
  443.53
  651.49
  616.29
  669.24
  917.24
  777.33
  396.55
  340.79
  790.92
  817.93
  849.14
  800.32
  843.11
  293.36
  315.31
  741.93
  883.29
 1124.49
 1127.01
 1034.10
  465.73
  542.47
  906.90
  733.89
  772.46
  608.47
  602.84
  451.77
  449.84
  873.15
 1211.79
 1088.36
  657.23
  649.39
  456.67
  340.09
  951.45
  809.92
  758.24
  293.90
  449.25
  356.23
  591.54
 1088.98
 1207.18
 1206.16
 1004.03
 1041.35
  152.15
  565.15
  765.69
  882.52
 1169.74
  387.23
  509.96
  927.46
   79.66
  597.88
  984.04
  934.80
 1049.73
  856.67
  468.76
  285.97
  617.00
 1044.64
 1046.17
 1080.80
  845.00
  256.89
  179.27
  587.15
  402.50
  452.08
  500.25
  155.97
  213.76
  273.31
  484.73
  400.99
  370.19
  603.91
  796.81
  279.01
  277.22
  661.03
 1049.82
 1180.02
 1096.43
 1101.07
  994.09
  869.50
  786.08
 1012.55
 1072.10
  984.89
 1093.88
  531.65
  296.85
  932.84
 1119.76
 1297.31
 1272.50
  934.29
  448.62
  232.91
  615.21
  723.18
  714.60
  722.22
  678.81
  240.78
  241.68
  428.01
  453.24
  334.85
  287.78
  289.51
  233.78
  352.06
  898.21
 1132.36
 1123.81
 1306.74
 1468.88
 1467.58
 1027.39
 1132.67
  857.92
  883.20
  669.61
  700.13
  491.16
  228.38
  712.62
  871.99
  858.26
  877.28
  778.85
  405.81
  329.92
  356.42
  833.96
  528.87
  450.80
  409.24
  400.40
  608.02
 1037.22
 1117.84
 1117.07
 1115.37
 1115.17
  903.42
  640.70
  952.32
 1307.96
 1492.81
 1293.00
 1105.94
 1075.16
  788.77
  914.35
  935.11
  774.64
  519.64
  619.18
  147.53
  649.31
 2014.63
 4456.51
 4951.40
 3194.20
 1931.15
 1925.74
 1920.39
 1715.01
 1291.05
 1080.46
 1092.41
 1065.45
 1098.13
 1094.50
 1094.16
 1094.42
 1093.31
 1089.80
  432.65
  422.29
  562.03
 1086.09
 1103.14
 1100.76
 1101.87
 1101.87
  486.71
  412.94
  628.58
  692.04
  795.82
  603.46
  819.01
  178.31
   91.61
  668.90
  633.59
  487.13
  512.79
  672.44
  309.79
  203.51
  213.85
  153.85
  155.71
  204.70
  144.84
  230.98
  193.52
  224.47
  235.51
  372.48
  790.12
  737.63
  109.33
  136.12
  410.03
  161.77
  788.60
  751.47
  699.45
  109.87
   23.64
  399.07
  135.78
  905.20
  586.13
  752.69
   25.99
   39.67
  791.57
  756.85
  649.98
  673.37
  801.71
   90.50
  165.51
  233.33
  610.48
  717.49
  436.45
  331.11
  206.40
  258.05
  545.38
  540.82
  747.34
  350.36
  170.55
  175.48
  280.70
  215.80
  718.09
  461.00
  777.30
  170.35
  345.01
  254.79
  575.88
  863.44
 1046.79
  821.10
  346.54
  530.29
  454.57
  598.45
  797.74
  649.90
  933.44
  183.21
  444.77
  242.19
  289.51
  532.27
  923.16
  980.50
  649.62
  626.48
  601.87
  735.11
  903.45
 1244.24
 1015.81
  621.61
  943.55
  660.77
 1004.88
 1142.47
 1210.06
 1258.60
  789.42
  993.78
  601.85
  959.01
 1291.59
 1299.66
 1048.37
 1145.98
  660.38
  229.48
  566.00
 1035.18
 1002.22
 1146.66
  960.00
  765.66
  392.56
  878.47
  913.19
  930.89
  956.85
  868.22
  919.36
  569.79
  342.24
  339.89
  710.38
  250.15
  238.57
  310.69
  507.95
  750.68
 1330.44
  840.56
  923.98
  643.47
  329.52
  335.30
  707.92
  608.27
  721.29
  661.06
  338.10
  629.26
  309.33
  878.73
  661.96
  290.73
  400.46
  753.60
  939.44
  300.10
  699.03
 1216.32
 1385.91
 1073.43
  618.04
  395.47
  771.15
 1076.01
  992.22
  600.23
  909.96
  830.14
  418.32
  426.40
  723.47
  649.93
  985.48
  910.58
 1077.34
  360.11
  256.61
 1187.44
 1221.45
 1155.61
  980.22
  811.02
  395.67
  523.32
  717.01
  637.27
  992.56
  872.10
  763.99
   62.58
   91.15
  818.95
  483.09
  704.32
 1116.87
 1415.70
  695.49
  817.51
 1147.74
 1352.33
 1052.76
 1154.11
 1002.87
 1068.31
  584.86
  975.80
 1107.78
 1172.35
   73.40
  529.98
  343.26
  173.36
  367.72
  445.82
  790.83
  935.42
  984.01
  159.28
  294.30
  699.28
  692.63
  405.27
  608.05
  167.32
  166.22
  276.54
  199.32
  832.40
  425.21
  275.58
  192.70
  119.78
  668.22
 1154.62
 1414.85
 1408.23
 1085.81
 1296.43
  896.45
  406.18
  414.96
 1264.94
 1001.74
  996.10
  501.29
  216.79
  418.30
  287.73
  848.63
  297.04
  116.81
  368.06
  214.05
  228.09
  242.28
  206.01
  565.94
  254.71
  258.67
  252.73
  204.48
  187.57
  313.24
  252.30
  854.12
 1668.20
 2386.03
 3115.93
 2363.32
 1549.55
 1422.86
 1424.39
 1427.00
 1305.18
 1093.94
 1265.03
 1253.76
  687.99
  971.78
 1064.43
  900.48
    0.00
  543.97
  614.45
  802.22
  456.58
  659.24
  454.00
  857.29
  959.23
  320.15
  760.79
 1024.36
 1349.58
 1974.14
 2261.61
 2491.46
 2766.10
 2754.92
 2735.41
 2616.11
 2475.46
 2460.76
 2446.94
 2443.01
 2433.97
 2288.45
 1853.56
 1535.62
 1234.27
  973.56
  947.03
 1037.36
 1027.51
 1029.91
  223.28
  522.30
  266.60
  826.88
 1058.06
 1419.95
 1453.42
 1064.77
 1062.59
 1070.09
 1719.82
 1990.96
 1363.91
 1225.02
  614.25
  583.27
 1050.61
 1022.27
 1028.13
 1059.36
 1043.19
  347.67
  178.65
  749.29
  249.50
  228.40
  457.91
  343.51
  184.85
  354.16
  291.69
  259.21
  281.44
  279.20
  283.54
  297.86
  513.19
  842.23
 1064.97
 1009.64
 1024.59
  598.70
  352.52
  262.92
  636.93
  312.70
  150.39
  137.65
  133.34
  134.56
  128.13
  412.63
  457.54
  448.79
  380.69
  341.22
  135.67
  138.89
  297.30
  349.34
  445.59
  446.10
  430.19
  153.11
  159.85
  370.64
  309.93
  604.45
  383.61
  358.43
  136.23
  121.17
  163.13
  174.29
  111.57
  121.48
   83.48
  145.10
  118.11
  132.21
  864.09
  887.34
  419.43
  139.60
  465.10
  454.83
 1056.39
  316.64
  614.76
  597.54
  686.34
  292.99
  694.56
  799.21
  864.29
  397.09
  436.36
  277.36
  535.64
  410.76
  774.38
  389.58
  344.33
  307.97
  288.18
  327.82
  292.40
 1011.36
  370.55
  373.30
  307.80
  829.57
  527.80
  390.52
  705.12
  300.39
  333.29
  481.58
 1077.97
  570.92
  530.46
  814.76
  392.30
  525.53
  422.60
  275.69
  472.38
  383.18
  943.77
  339.60
  385.11
  281.67
  248.99
  482.52
  469.49
  713.19
  467.26
  427.41
  286.74
  254.57
  506.11
  473.63
 1317.13
 1050.92
 1155.81
 1110.87
 1267.97
 1112.99
 1069.78
 1178.12
  981.58
  997.23
  821.13
  949.32
 1563.15
 1077.12
 1400.98
 1064.29
 1369.01
 1409.90
 1404.91
 1048.86
  886.66
 1075.11
 1055.79
  928.93
 1039.31
  524.09
 1077.03
 1073.77
 1190.44
 1357.11
 1024.39
 1063.61
  982.79
  560.70
  508.83
  971.64
 1193.41
 1246.05
 1235.04
 1347.91
  683.17
  632.88
  700.98
  967.53
  993.33
 1011.34
 1287.45
  286.28
  430.36
 1006.41
  994.88
  990.13
  694.50
 1015.41
  546.37
  314.86
 1296.68
 1113.98
  586.50
  541.42
  634.67
  403.20
  408.75
  960.51
  877.20
 1292.61
 1105.35
 1103.42
  599.24
  269.24
 1278.02
 1325.14
  511.88
  509.90
  534.20
  311.85
  241.83
  632.99
  164.15
  993.55
  961.64
  964.95
  380.95
  615.95
  987.69
  888.10
  859.84
  845.57
  798.34
  853.41
  788.68
 1337.15
 1108.29
  989.93
 1038.92
  954.87
    0.00
  413.88
  986.30
  945.10
 1002.81
 1162.83
  637.04
  282.97
  448.40
 1047.02
  888.24
 1065.39
 1171.41
  826.88
   52.36
  180.60
  718.82
 1214.08
 1240.62
  373.75
   76.20
  241.77
  334.56
  557.79
 1312.51
 1344.60
 1348.99
 1129.50
  310.35
  310.10
  600.20
  798.65
  266.72
  443.50
  468.90
  360.45
 1129.73
 1125.14
 1141.59
 1114.04
 1291.13
 1967.17
 2360.44
 2326.23
 1907.22
 1397.29
 1392.06
 1400.64
 1349.64
 1372.46
 1368.50
 1207.18
  928.08
 1320.87
 1249.34
  620.73
 1042.12
  863.58
  817.59
  324.85
 1019.01
 1205.28
 1210.88
  422.15
  442.79
  950.82
  840.53
  215.26
  317.52
  154.27
   84.78
  236.81
  699.45
  654.74
  652.39
  888.92
  638.32
  840.33
 1085.19
 1415.36
 1915.49
 2996.77
 3729.53
 5028.22
 5693.02
 5609.65
 5224.83
 4649.00
 3802.41
 2825.43
 2164.06
 1900.17
 1585.38
 1214.31
 1753.44
 1760.03
 1752.19
 1473.38
 1088.39
 1073.52
 1112.91
 1109.03
 1101.89
 1063.55
 1128.65
 1122.85
  805.61
  778.57
  276.63
  307.69
  523.15
  588.93
  182.98
  302.91
  294.21
  180.24
  789.36
 1037.16
  932.42
  156.73
  529.67
 1081.22
 1086.18
  637.13
  466.12
  433.22
  148.10
  236.84
  614.14
  493.31
  395.90
  304.69
  137.59
  490.65
 1046.99
 2020.01
 3169.93
 4491.05
 4788.32
 4003.97
 2265.52
 1391.26
 1585.86
 1314.27
 1047.07
 1086.74
 1070.83
 1345.08
 2939.23
 2485.57
 1834.05
 1676.78
 1534.66
 1239.03
  790.21
 1005.53
 1232.69
 1165.46
  576.53
  726.19
    0.00
  172.76
  197.26
  451.97
  774.44
  630.90
  799.16
  476.46
  448.43
  402.44
  777.78
  614.67
  473.51
   36.93
  178.96
    0.00
  137.68
  671.53
  527.54
  182.53
  792.73
 1504.16
 2269.23
 2502.73
 2238.05
 1811.94
 1557.71
 1199.42
 1053.36
  275.66
  649.02
 1090.37
 1071.91
  847.13
 1080.06
 1069.36
  410.40
   55.61
  582.73
  748.90
   42.59
  496.20
    0.00
  399.35
  605.07
  365.80
  530.43
  466.77
  643.78
    0.00
  150.67
  335.33
  861.79
  923.92
 1062.76
 1082.10
   13.39
  200.14
  207.14
  520.07
  709.03
  856.50
  765.89
  326.75
  156.96
    0.00
  317.91
  685.07
  695.55
  535.02
  266.77
  135.92
  158.40
  301.35
  952.04
  847.33
  903.82
    0.00
  166.16
    0.00
  423.20
  621.27
  352.52
  418.86
  177.18
  311.54
  273.17
  382.08
  803.01
  767.58
  822.32
  534.99
  265.44
   64.51
  354.53
  915.74
  785.23
  921.88
  155.54
  424.67
  392.41
  791.80
  760.70
  788.85
  874.82
  560.45
  423.08
  342.83
  556.60
 1361.50
  936.66
  928.62
 1070.46
  646.02
  779.93
  591.14
  917.07
  653.81
  487.22
  378.62
  497.87
  675.64
  566.05
 1030.82
  905.29
  836.62
  369.53
  474.96
  493.34
  860.46
 1093.51
 1108.77
 1059.67
 1002.84
  717.61
  684.19
  505.29
  495.23
  722.05
  464.17
  707.33
  247.18
  554.90
  425.91
  740.94
  983.44
  859.61
  344.11
  438.03
  347.45
  743.80
  898.07
  481.95
  443.58
  238.94
  641.38
  603.74
  501.24
  561.15
  884.82
  882.24
  916.11
  605.98
  693.82
 1335.73
  991.46
 1187.89
 1841.84
 1640.73
  664.06
  575.46
  717.07
 1168.35
  888.07
  791.82
  822.21
  880.82
  377.21
  326.49
  688.01
  933.46
 1114.49
  926.07
  505.34
  252.78
  894.50
 1038.24
  979.39
  820.25
  267.06
  814.28
  188.22
  958.95
  982.79
 1163.09
  919.56
 1002.70
  280.42
  848.46
 1014.99
  559.60
  713.67
 1058.71
 1208.53
  548.55
 1021.76
 1186.22
 1002.90
 1010.83
  656.16
 1453.56
 1439.01
 1424.56
 1667.61
 2275.26
 2744.75
 2741.35
 2397.02
 1764.85
 1774.67
 1805.23
 1772.38
 1767.93
 1740.81
 1738.91
 1766.01
 1763.91
 1750.60
 1758.90
 1620.09
 1460.53
 1467.89
 1324.75
 1214.96
 1448.52
 1470.30
 1452.29
 1440.51
 1745.73
 2141.09
 2139.65
 2147.10
 2109.32
 2099.27
 2254.76
 2466.99
 2453.63
 2482.76
 2499.47
 2505.45
 2507.37
 2493.19
 2444.08
 2388.07
 2380.40
 2161.31
 2104.08
 2591.95
 3034.18
 2912.25
 2788.56
 2768.82
 2762.65
 2253.00
 1745.68
 1605.74
 1427.62
 1452.65
 1447.08
 1306.91
 1243.65
 1357.93
 1150.20
 1146.80
 1073.66
 1187.50
 1276.18
 1492.13
 1336.33
 1035.07
 1159.69
 1308.41
  967.42
 1142.98
 1034.67
  834.55
 1475.42
 1488.96
 1465.88
  856.39
  830.14
 1136.92
  809.52
  908.52
 1048.40
 1022.07
  539.38
 1100.51
  973.50
 1122.20
 1299.91
 1539.98
 1537.46
 1533.78
 1523.19
 1678.59
 1834.85
 1626.89
 1824.28
 2893.61
 4615.45
 5978.37
 5953.56
 5325.78
 4819.92
 4512.60
 4062.16
 4586.85
 4834.14
 4472.28
 4086.46
 4119.48
 4159.26
 4196.78
 4160.03
 3411.87
 2678.15
 2427.12
 2454.79
 2475.54
 2473.25
 2419.62
 2407.05
 2420.07
 2182.35
 1813.30
 1591.92
 1352.70
 1346.66
 1344.14
 1232.41
 1046.79
  830.96
  769.14
  537.60
  269.66
  866.07
  850.52
  843.87
  978.06
  982.59
  938.45
  518.91
  843.59
  650.10
   35.08
  228.80
  487.84
  215.35
  256.78
  351.78
  570.24
 1076.44
 1556.61
 2031.54
 2426.47
 2435.45
 1859.60
 1490.66
 1487.43
 1466.22
 1447.02
 1508.33
 1489.55
 1305.46
 1109.06
 1325.40
 1567.34
 1368.44
  987.92
  914.46
 1131.97
 1133.35
 1127.10
 1123.95
 1113.59
  988.06
  815.61
 1027.51
 4292.24
 7551.68
 8171.62
 8508.67
 7652.88
 6719.22
 5656.12
 4109.74
 3571.55
 3033.53
 2356.19
 2355.85
 2400.59
 2976.07
 3171.54
 2395.10
 2136.17
 2152.82
 2162.84
 2125.46
 2119.91
 2141.12
 1674.97
 1100.87
 1108.15
 1134.80
 1131.65
 1127.32
 1411.91
 1265.90
 1123.75
 1479.27
 1415.96
 1110.87
 1302.46
 1017.65
 1110.08
 1257.27
 1363.14
 1312.83
 1305.29
 1302.40
 1305.24
 1482.36
 1853.37
 2134.81
 2126.62
 2124.78
 1843.65
 1508.38
 1508.86
 1373.59
 1161.90
 1056.44
  572.00
 1324.52
 1876.36
 2024.82
 2330.48
 2215.85
 1835.30
 1828.87
 1743.44
 1631.39
 1627.28
 1570.62
 1646.17
 1660.30
 1627.31
 1610.10
 1609.30
 1621.42
 1596.42
 1467.38
 1366.12
 1010.68
 1372.60
 1056.39
 1133.27
 1225.24
 1081.53
 1115.15
 1227.28
 1331.94
 1142.92
 1022.07
  992.85
 1099.23
 1413.18
 1406.64
 1672.62
 1921.58
 1911.95
 1908.50
 1676.73
 1374.61
 1356.46
 1018.42
 1204.03
 1353.74
 1471.57
 1474.32
 1474.63
 1487.51
 1476.21
 1475.93
 1473.04
 1347.26
 1349.95
  936.55
  928.59
 1428.78
 1472.08
 1466.47
 1473.41
 1304.87
  852.79
  934.99
 1249.91
 1460.41
 1418.22
 1477.01
 1166.54
 1329.36
  894.90
 1318.91
 1431.67
 1411.59
 1325.94
 1211.42
  391.57
  336.26
 1320.73
 1475.73
 1185.65
 1216.21
 1105.89
  768.43
  667.37
 1118.60
 1149.66
 1499.46
 1494.70
 1143.12
 1479.44
 1460.44
 1422.19
 1168.86
 1268.45
  708.66
 1407.38
  959.01
  475.92
 1262.08
 1295.18
 1431.70
 1466.61
 1252.65
 1013.15
  929.10
 1229.21
 1095.01
 1185.88
 1145.95
 1189.25
  466.12
  956.09
 1172.63
 1359.07
  899.54
 1287.68
  944.31
 1079.38
  978.66
 1092.04
  896.28
 1019.72
 1147.29
 1049.00
  963.59
 1012.24
 1081.39
 1242.94
 1062.62
 1031.02
 1415.22
 1343.38
 1108.35
 1349.67
 1367.96
 1292.61
 1049.42
 1337.66
  936.21
  825.97
 1247.50
 1302.29
 1477.23
 1493.94
 1653.99
 1875.59
 1888.62
 1867.84
 1891.85
 2011.80
 2136.96
 1994.04
 1793.65
 1798.20
 1783.23
 1779.46
 1785.12
 1841.42
 2012.28
 2183.60
 2187.05
 2190.51
 2180.20
 2171.99
 2183.06
 2206.76
 2203.53
 2190.99
 2172.81
 2157.60
 2040.40
 1913.74
 1887.69
 1928.46
 1928.38
 1840.00
 1734.66
 1562.55
 1351.70
 1500.59
 1439.23
 1289.92
 1498.47
 1505.10
 1571.22
 1662.71
 1572.38
 1509.51
 1497.73
 1633.20
 1922.40
 2060.82
 2086.30
 1990.19
 1884.74
 1883.98
 1616.27
 1485.30
 1489.92
 1495.72
 1492.72
 1501.78
 1503.77
 1499.63
 1657.53
 1826.01
 1818.42
 1672.28
 1499.43
  976.31
 1244.38
 1739.45
 1913.82
 1774.31
 1522.20
 1541.12
 1009.92
 1338.03
 1496.86
 1368.98
 1731.58
 2986.92
 4206.67
 4309.65
 3637.98
 3023.53
 2764.15
 2456.57
 2267.24
 2051.13
 2040.23
 2038.11
 2038.44
 2039.29
 1745.71
 1417.40
 1056.28
 1095.78
 1426.86
 1436.06
 1313.02
 1438.33
 1434.39
 1399.31
 1034.90
  538.44
  440.30
  355.26
 1229.09
 1646.31
 2191.64
 2905.73
 3167.15
 3168.66
 2915.42
 2348.85
 1775.01
 1483.49
 1469.39
 1476.72
 1470.44
 1483.07
 1487.17
 1482.13
  503.64
  514.12
  992.85
 1389.65
 1046.48
  643.84
 1082.41
   89.14
   67.71
  488.04
  122.70
 1346.66
 1019.21
  527.97
    9.91
   65.19
  210.62
  527.43
  148.66
  155.66
  140.31
  138.21
  127.45
  343.45
  423.00
  404.11
  445.40
  214.81
   94.44
   94.47
  383.98
  542.72
  452.05
  489.17
  582.65
  480.28
  328.42
  270.57
  213.34
  408.75
  394.57
  349.68
    0.00
  430.59
  775.77
  142.66
  249.78
  314.15
  625.49
  254.65
  281.44
  585.96
  393.41
  522.79
  527.46
  633.79
  138.04
  209.15
  222.60
  138.87
  264.08
  821.05
  280.96
  119.92
  257.99
  103.50
  377.61
  320.26
  313.69
  377.01
  287.44
  135.33
  533.55
  944.25
  943.32
  983.02
  277.34
  157.67
  805.13
 1098.69
 1104.47
 1097.79
 1091.61
  787.69
  688.47
  543.51
  665.13
  786.16
 1090.79
 1110.45
  821.84
  655.51
  750.54
 1109.65
  692.29
 1107.73
 1230.40
 1407.32
 1539.96
 1665.57
 1666.93
 1533.87
 1412.61
 1535.76
 1620.43
 1695.56
 1821.59
 1439.94
 1088.22
 1285.50
 1309.85
 1088.05
 1064.88
  496.54
  761.10
 1074.37
 1066.84
 1081.02
  263.29
  405.44
  345.72
  716.27
 1051.97
 1083.32
 1088.61
  896.94
  295.71
  360.95
  332.30
  811.93
 1007.15
 1073.86
  572.65
  769.09
 1077.88
  550.31
 1079.04
 1092.29
 1102.60
 1098.21
  528.22
 1042.77
  641.74
 1082.61
 1083.12
 1046.17
  270.28
  555.86
  697.70
  753.54
 1098.07
 1090.54
 1083.32
  808.59
  717.63
 1072.73
  985.26
 1082.81
 1081.25
  957.22
  878.70
  845.94
  908.40
  638.83
 1055.03
  979.14
  993.04
  861.14
 1092.61
  768.41
 1079.30
 1089.80
 1094.02
 1094.81
 1179.09
 1293.17
 1289.61
 1388.26
 1826.24
 2344.66
 2760.10
 4245.04
 6153.48
 5671.41
 5082.25
 4268.76
 2785.78
 1775.49
 1681.94
 1624.37
 1746.19
 1698.53
 1653.96
 1642.86
 1634.99
 1410.75
 1163.20
 1169.03
 1169.57
 1169.00
 1201.88
 1202.42
 1197.32
 1192.39
 1200.18
 1148.16
 1131.82
 1207.66
 1192.45
 1193.13
 1198.37
 1208.96
 1206.78
 1401.40
 1769.15
 1664.15
 1445.63
 1444.78
 1446.06
 1394.35
 1433.31
 1453.28
 1431.42
 1430.54
 1427.08
 1479.58
 1224.02
 1111.63
 1118.35
 1777.36
 2231.14
 2222.14
 2198.29
 1933.96
 1673.95
 1758.22
 1760.49
 1850.70
 1959.81
 1955.05
 1945.17
 1951.46
 1946.61
 1931.15
 1932.82
 1931.55
 1929.03
 1911.47
 1910.40
 2633.58
 3591.11
 3167.44
 2743.42
 2735.58
 2644.65
 2548.74
 2559.16
 2972.05
 3625.72
 3891.02
 3863.35
 3993.16
 5552.91
 5944.67
 5830.89
 6340.85
 5895.26
 5430.49
 4931.44
 4582.88
 4631.56
 3541.11
 2592.38
 2679.59
 2678.41
 2799.09
 2910.60
 2888.32
 2377.00
 1875.03
 1876.53
 1877.94
 1876.73
 1874.32
 1869.19
 1869.70
 1850.56
 1837.14
 1840.26
 1875.71
 1338.08
 1815.56
 1362.47
 1355.10
 1369.43
 1385.40
 1603.13
 1821.20
 1829.61
 1833.77
 1988.10
 2110.54
 2117.31
 2131.89
 2139.76
 2124.30
 1995.29
 1587.10
 1287.54
 1289.01
 1265.90
 1264.43
 1272.76
 1337.23
 1373.34
 1375.92
 1383.84
 1383.99
 1378.49
 1382.80
 1385.97
 1385.52
 1388.06
 1393.33
 1284.14
 1202.33
 1205.56
 1051.32
  932.56
  893.76
  804.74
  924.12
  929.22
 1157.48
 1401.32
 1532.73
 1625.98
 1622.61
 1650.62
 2506.18
 2946.76
 2716.29
 2332.52
 2034.96
 2025.90
 2163.97
 2331.27
 2317.96
 1962.58
 1489.55
 1488.08
 1480.26
 1337.72
 1387.92
 1478.71
 1475.65
 1477.20
 1479.05
 1469.53
 1463.75
 1467.63
 1450.22
 1291.02
  974.72
  960.25
  611.30
  680.71
  696.03
  712.31
  767.92
  777.47
  556.37
  544.31
  752.35
 1109.91
 1202.16
 1261.80
 1258.51
 1476.64
 1657.33
 1789.62
 1807.21
 1793.22
 1808.91
 2089.47
 2635.25
 2368.85
 1720.02
 1385.83
 1095.98
 1380.30
 1395.09
  846.14
  832.37
  612.30
  693.90
  779.87
  656.92
  733.69
  360.76
  196.01
  443.81
  360.98
  459.36
  518.20
  387.63
 1029.83
  263.88
  722.76
  719.19
  730.49
  777.67
  877.11
  488.27
  763.22
  566.11
  363.79
  502.99
  519.39
  432.85
  176.47
  207.56
  460.83
  340.34
  712.14
  853.07
 1294.31
  689.23
  844.89
 1354.45
  612.72
 1142.44
 1020.99
 1141.99
  665.87
  555.77
  374.01
  819.09
  416.60
  427.98
 1117.89
  723.41
 1023.99
  915.99
  698.72
  768.80
 1012.98
  904.64
 1007.43
 1009.30
 1006.66
 1119.08
 1281.22
 1115.43
  926.95
  907.58
  901.61
 1010.26
  763.90
  758.41
 1003.95
  983.61
  861.79
  943.52
  966.03
  499.74
  852.14
  751.70
 1027.36
  801.57
  671.02
  636.73
  679.24
  553.74
 1088.58
 1720.33
 2015.99
 2191.75
 2400.14
 1857.25
 1371.89
 1341.40
 1099.37
 1134.00
 1249.08
  858.85
 1249.06
 1486.55
 1488.45
 1205.45
 1050.07
 1052.40
 1221.36
 1305.01
 1269.93
 1048.37
  793.47
  750.14
  745.78
  966.00
  903.68
  939.55
  938.17
  953.26
  965.60
  541.19
  948.22
  823.17
  984.83
 1213.74
 1217.45
  839.51
  528.73
  999.02
  846.22
  976.93
  923.64
 1129.96
 1125.71
  793.86
 1032.97
  842.31
  731.76
  971.15
 1090.14
  999.10
  577.86
 1008.28
  975.03
  843.73
 1000.04
  946.94
  571.80
  539.27
  586.61
  916.19
 1037.67
  850.21
 1326.19
  981.49
 1084.79
 1109.23
 1051.94
  900.25
  992.22
 1311.92
  756.09
 1145.44
 1331.57
 1315.26
 1342.67
 1335.99
 1341.57
 1266.27
 1198.57
 1385.77
  952.04
 1064.69
  252.84
  436.50
  711.40
 1242.91
 1213.38
 1315.80
 1236.68
 1273.21
  433.93
  275.49
  682.04
 1367.14
  795.36
  733.66
  968.29
  962.06
  679.46
  545.95
 1002.36
  851.46
  741.99
  966.68
  701.61
  227.36
  334.05
  950.74
  932.13
  770.59
  960.42
  965.32
  656.81
  376.47
  990.18
  880.48
 1006.92
  935.11
  993.10
  504.72
  473.68
  846.14
  537.88
  694.47
  767.44
  882.92
  139.60
  156.00
  741.93
  157.81
  732.67
 1186.62
 1124.15
  829.37
  291.98
  912.17
  541.16
 1017.25
 1123.13
 1119.05
  170.50
  129.38
  397.14
  637.38
 1139.70
 1205.25
 1090.23
  150.19
  211.13
 1042.12
 1186.96
 1301.24
 1296.83
 1182.20
  735.33
  897.93
  930.77
  636.36
 1179.28
  906.99
 1169.66
 1220.68
  926.33
 1287.20
 1249.03
 1327.10
 1312.37
  734.74
  406.01
  358.15
 1215.95
 1048.77
  383.92
  603.12
  633.87
  422.57
  291.81
  270.57
  726.92
  612.04
 1371.64
 1367.96
 1345.31
  998.48
  777.24
 1043.42
  961.13
  399.72
  932.53
  860.46
 1197.24
 1220.85
 1366.60
 1634.96
 2012.93
 2106.66
 2268.66
 2499.36
 2625.20
 2400.48
 2113.29
 1884.49
 1525.91
 1529.08
 1518.72
 1518.52
 1436.91
 1314.64
 1298.30
 1294.84
  643.22
  853.30
 1342.05
 1354.51
 1331.97
 1120.84
 1320.84
 1352.58
 1372.04
 1359.27
 1326.13
  546.37
  470.85
  673.35
 1006.89
 1157.22
 1247.22
 1290.82
 1205.73
  797.69
 1320.19
  342.41
 1078.82
 1271.88
  914.18
 1322.51
  310.27
  835.57
  633.08
  979.00
 1345.02
 1346.04
 1164.30
  619.54
  553.82
  151.10
  371.06
  577.69
  663.86
  552.40
  475.38
  183.27
  262.67
  279.46
  989.36
 1190.33
  835.91
  577.98
  435.37
  229.42
  247.74
  400.99
  475.13
  414.45
  436.59
  111.96
  102.56
  198.10
  434.18
  857.69
  763.08
  659.30
  894.36
  470.26
  259.33
 1139.64
 1042.29
  979.20
  875.56
  794.49
  353.76
  440.72
  746.12
  866.10
  866.55
  868.19
  872.36
  542.35
  556.23
 1434.59
  972.94
 1229.38
  796.04
 1133.66
 1006.75
  431.80
  839.31
  961.95
  875.53
  834.55
  828.04
  177.32
  580.10
  580.75
  872.75
  717.46
 1068.39
  530.86
  133.23
  125.81
  530.71
  130.14
  204.39
  266.04
  378.06
  287.42
  428.21
  646.98
  607.28
  679.35
  696.76
  826.29
  373.39
  600.43
  407.56
  643.76
  552.40
 1018.05
  160.33
  255.25
   84.58
  179.64
  659.44
  889.09
  880.88
  576.73
  320.63
  621.78
  424.04
  675.24
  685.24
  323.77
  405.33
  300.39
  248.59
  237.35
  702.99
 1018.70
  717.78
  270.43
  180.07
  228.38
  186.41
 1028.24
  670.12
  564.84
  338.44
  548.04
  371.66
  490.93
  316.10
  498.46
  767.13
  319.39
  416.46
  754.70
  444.83
  700.50
  936.38
  727.83
  887.31
  303.47
  350.79
  736.69
  929.10
  863.95
  522.39
  435.60
  344.16
  369.70
  453.58
  437.98
  443.98
  482.86
  420.28
  297.27
  336.04
  712.00
 1058.88
 1106.57
  823.94
  663.04
  433.30
  379.47
  753.34
  985.23
 1047.92
  872.50
  703.28
  546.91
  564.81
  736.29
  969.06
  987.97
  983.76
  613.82
  427.10
  569.28
  620.65
 1070.21
 1082.35
  917.41
  780.19
  357.53
  293.84
  909.31
 1093.23
  972.46
  968.01
  563.65
  437.33
  371.91
  588.65
  937.29
 1243.36
  904.86
  784.83
  546.52
  488.86
  761.84
 1227.45
  988.77
  973.45
  976.48
  642.57
  655.51
 1038.55
 1249.31
  656.27
  133.68
  392.08
  579.05
 1018.93
 1373.74
  652.93
 1079.89
  882.86
  807.31
  882.44
  795.17
  969.09
  974.13
  992.90
  715.93
  695.29
  693.99
  630.16
  827.25
  988.82
  795.76
  925.51
  948.39
  438.97
  603.72
  908.69
  616.20
  957.08
  960.71
  965.92
  955.98
  984.97
  970.81
  963.37
  935.19
  948.84
 1176.90
 1387.50
 1428.92
 1169.32
 1054.49
 1056.87
 1056.42
 1151.22
 1290.34
 1290.00
 1289.49
 1279.86
 1400.18
 1540.61
 1544.06
 1542.84
 1542.05
 1542.53
 1541.71
 1540.75
 1862.17
 2319.46
 2418.82
 2404.07
 2387.56
 2374.79
 1978.70
 1556.92
 1557.00
 1554.82
 1553.83
 1563.32
 1564.25
 1559.92
 1435.55
 1201.09
 1298.87
 1297.85
 1173.93
 1002.05
  986.13
 1000.89
 1020.94
 1130.35
  983.05
 1018.98
 1005.33
  912.77
  952.30
  993.33
  301.72
  107.35
  652.22
  522.13
  809.55
  816.66
  161.86
  381.60
  361.12
  607.85
 1188.37
  945.10
  627.81
  979.56
  559.43
  727.66
 1060.18
 1421.87
 1422.16
 1487.46
 1770.48
 2071.77
 2091.54
 2187.90
 2273.53
 2504.37
 2227.52
 1677.38
 1656.14
 1647.70
 1641.56
 1499.12
 1315.43
 1305.94
  942.92
  837.19
  628.18
 1121.09
 1196.05
 1036.82
  856.33
 1184.86
 1103.51
 1256.59
 1176.40
 1156.15
 1327.27
  961.98
 1019.75
  774.75
  973.82
  940.15
 1038.52
 1038.78
  822.15
  854.80
  650.24
  583.36
  760.39
  535.08
  540.85
  972.68
  945.10
  303.47
  258.76
  420.93
  305.09
  354.95
  369.45
  253.80
  350.62
  323.77
  511.97
  571.60
  409.66
  377.21
  264.25
  565.83
  508.74
 1293.37
 1110.28
  903.11
  921.35
  842.51
  164.44
  246.22
  530.32
  419.63
  406.74
  528.48
  635.51
  490.16
  496.39
  514.72
  583.33
  573.98
  514.23
  560.25
  280.31
  318.28
  307.63
  389.89
  392.33
  472.52
  512.08
  239.96
  172.25
  242.11
  275.58
  318.51
  378.79
  355.83
  242.53
  201.05
  302.42
  237.44
  257.17
  261.85
  381.12
  529.67
  743.97
  408.07
  179.25
  330.00
  403.35
  595.36
  258.79
  128.02
  471.65
  523.52
  353.20
  192.89
  284.19
  189.98
  258.76
  426.54
  251.34
  284.13
  234.92
  282.77
  216.62
  449.50
  607.79
  205.84
  112.59
  202.98
  301.26
  200.96
  192.72
  200.65
  218.18
  224.07
  226.34
  265.70
  144.98
  171.57
  209.23
  244.46
  163.95
  157.36
  605.44
  626.60
  308.65
  347.79
  432.06
  358.04
  432.17
  561.83
  456.89
  330.15
  563.85
  575.77
  591.23
  777.27
  680.26
  335.58
  304.80
  657.29
  663.63
  670.37
  645.71
  799.67
  403.60
  397.71
  515.99
  512.90
  598.22
  601.28
  584.69
  529.41
  521.82
  530.46
  613.14
  852.56
  800.12
  537.43
  356.91
  224.04
  565.86
  561.32
  565.23
  565.80
  458.28
  257.23
  275.47
  418.35
  558.72
  700.05
  564.47
  607.25
  219.99
  224.67
  427.50
  507.61
  630.70
  529.47
  440.92
  316.64
  439.14
  450.78
  309.33
  541.05
  491.21
  465.39
  297.78
  313.04
  651.68
  660.01
  785.62
  801.62
  791.43
  580.98
  570.53
  738.87
  751.16
  967.53
  831.84
  930.07
  516.58
  554.56
  776.73
  819.94
  768.35
 1211.76
  576.47
  459.53
  347.28
  732.16
  768.38
  794.49
  940.12
  833.96
  710.78
  710.84
  706.99
  700.11
  701.55
  816.40
  718.12
  457.57
  376.53
  428.80
  446.98
  311.74
  311.40
  430.73
  257.15
  254.68
  257.71
  249.30
  246.61
  249.67
  288.04
  288.18
  232.40
  251.11
  242.08
  233.05
  223.73
  226.73
  233.87
  217.90
  330.06
  401.25
  341.36
  332.33
  410.31
  515.20
  286.96
  389.38
  310.64
  375.93
  524.12
  522.19
  339.04
  333.49
  501.38
  484.39
  532.53
  487.70
  375.62
  157.02
  123.63
  539.01
  479.35
  491.86
  459.67
  220.53
  231.09
  314.86
  276.34
  300.50
  206.34
  206.88
  207.17
  207.05
  207.85
  208.58
  218.27
  207.48
  207.73
  209.09
  208.61
  216.34
  218.72
  217.28
  291.44
  314.01
  194.82
  154.33
  207.02
  268.30
  299.14
  261.65
  352.37
  564.18
  200.94
  168.66
  283.45
  365.26
  251.51
  374.69
  582.96
  188.62
  248.96
  330.97
  731.54
  615.50
  384.80
  686.83
  335.89
  336.06
  311.88
  307.89
  340.60
  340.99
  372.99
  327.85
  309.19
  308.03
  301.63
  310.38
  257.88
  230.30
  274.62
  292.29
  374.26
  396.78
  430.05
  251.03
  254.20
  251.71
  236.87
  387.52
  365.03
  237.86
  238.80
  237.55
  234.89
  231.77
  250.92
  434.98
  716.76
  849.70
  405.87
  406.12
  405.75
  387.06
  428.52
  432.48
  432.29
  604.99
  757.87
  820.11
  847.49
  755.97
  646.08
  849.85
  778.94
  570.47
  582.56
  786.61
  669.69
  550.93
  643.84
  500.27
  417.96
  389.44
  388.34
  377.86
  528.85
  671.39
  918.03
  492.51
  665.76
  688.52
 1027.48
 1052.28
 1272.62
 1272.81
 1274.65
 1277.66
 1274.46
 1275.28
 1276.30
 1272.08
 1270.24
  675.22
  421.33
 1126.36
 1295.44
 1287.85
  901.95
 1136.95
  554.73
  552.07
  881.96
  878.25
 1058.68
 1163.51
 1023.03
  300.50
  410.76
  529.24
  699.91
  842.91
 1300.79
 1295.98
 1304.64
 1257.04
 1312.26
 1314.64
 1326.56
 1324.97
 1316.51
 1139.81
 1138.05
 1103.99
 1300.11
 1220.26
 1463.98
 1590.22
 1589.51
 1589.59
 1418.53
 1300.99
 1078.87
  184.06
  180.77
  320.01
  318.14
  319.50
  322.08
  627.50
 1033.28
  781.38
  786.36
  508.23
  686.74
  750.65
  905.74
  648.80
  836.14
  616.34
  567.67
  656.61
  608.76
  436.90
  508.46
  475.16
  183.86
  185.19
  331.28
  413.23
  403.80
  428.77
  880.77
  199.69
  200.34
  257.51
  349.12
  350.08
  201.62
  315.73
  231.41
  262.13
  371.74
  436.73
  494.92
  282.52
  342.21
  195.02
  366.48
  436.82
  385.85
  341.73
  356.11
  413.57
  200.99
  200.60
  231.69
  287.87
  334.85
  342.95
  344.13
  226.73
  308.77
  448.94
  209.09
  208.50
  206.63
  205.24
  202.89
  203.17
  414.11
  482.07
  617.70
  651.63
  473.54
  287.25
  289.74
  393.77
  387.54
  432.31
  449.05
  524.51
  331.73
  428.21
  473.80
  381.03
  388.82
  388.85
  386.67
  223.00
  201.87
  383.18
  382.56
  382.22
  380.86
  472.13
  370.95
  354.16
  438.88
  481.64
  509.19
  567.07
  523.35
  319.81
  309.28
  426.31
  468.13
  406.88
  374.41
  458.22
  282.01
  344.36
  449.78
  413.94
  398.81
  408.58
  391.68
  381.65
  378.79
  541.53
  572.28
  392.41
  392.75
  389.36
  311.68
  336.29
  532.72
  346.82
  360.70
  634.38
  716.93
  616.32
  616.71
  610.91
  757.84
  992.73
 1076.21
  652.99
  442.79
  444.06
  445.14
  444.94
  651.20
  611.39
  664.12
  662.70
  656.61
  724.94
  718.88
  759.49
  844.95
  849.53
  618.30
  616.88
  749.09
 1076.10
 1093.91
 1179.68
 1033.71
  573.84
  496.03
 1042.71
  673.88
  392.64
  320.69
  293.96
  290.93
  292.23
  292.14
  292.85
  292.51
  290.56
  289.74
  328.93
  331.14
  296.05
  292.88
  328.62
  309.30
  296.56
  290.45
  288.78
  290.11
  294.92
  295.80
  297.27
  297.89
  295.40
  296.82
  534.00
  495.91
  470.09
  471.05
  469.92
  365.43
  363.14
  637.92
  649.70
  318.39
  303.78
  419.80
  369.53
  298.03
  391.68
  295.85
  296.45
  294.16
  294.33
  294.92
  300.95
  299.82
  296.25
  297.30
  414.13
  477.71
  298.94
  272.69
  298.06
  296.62
  295.51
  296.28
  294.47
  294.98
  307.15
  319.05
  295.77
  295.94
  295.20
  292.57
  263.12
  259.47
  263.32
  256.55
  262.07
  273.46
  263.06
  261.79
  262.53
  290.45
  291.44
  289.20
  290.62
  289.71
  293.65
  296.48
  297.92
  293.84
  401.79
  290.50
  288.52
  284.33
  292.51
  294.78
  296.08
  297.86
  407.62
  520.32
  523.86
  522.96
  608.56
  324.62
  666.72
 1611.62
 2860.20
 2234.17
 1816.67
 2142.48
 2375.33
 2375.36
 2362.47
 2030.54
 1706.80
 1687.00
 1695.10
 1710.08
 1714.42
 1696.75
 1694.14
 1615.02
 1445.24
 1446.34
 1457.58
 1452.74
 1454.66
 1313.59
  891.02
  811.31
  819.35
 1506.43
 4540.46
 4592.99
 4739.90
 4415.67
 3546.43
 3038.57
 3025.77
 2525.83
 2084.43
 1751.11
 1437.93
 1499.41
 1313.51
 1190.04
 1190.50
 1187.16
 1216.21
  821.95
  633.62
  984.32
 1195.91
  947.91
  836.62
  881.90
  851.40
  817.22
  859.95
  855.37
 1011.25
 1241.72
 1059.11
  704.21
  672.04
  693.68
  711.77
  805.78
  725.36
  561.49
  556.20
  551.98
  551.44
  547.70
  566.76
  756.82
  879.29
  775.71
  779.42
  938.65
  998.88
  794.34
 1139.10
 1293.66
 1299.83
 1257.44
 1043.62
  957.11
 1056.70
  861.79
  873.83
  783.16
  865.08
  745.16
  723.86
  727.40
  756.20
  729.70
  535.27
  544.73
  863.21
  881.53
 1244.89
 1102.09
  915.06
  428.18
  590.35
  848.63
  997.72
 1296.49
 1125.99
 1152.81
 1301.95
 1306.34
 1310.14
  957.48
  852.42
  957.87
 1094.67
  914.44
 1088.36
  707.33
  927.52
  668.56
  606.60
  524.12
  748.61
 1206.98
 1302.26
  779.48
  781.71
  961.70
 1010.49
  642.71
  829.23
  964.53
  632.82
  903.39
  607.85
  503.95
  352.43
  357.78
  544.48
  351.89
  353.79
  352.69
  571.12
 1074.28
 1467.38
 2276.16
 2891.24
 4104.19
 3941.85
 2719.18
 1722.32
 1516.85
 1462.45
 1328.20
 1247.67
 1227.96
 1415.19
 1772.29
 1926.06
 1922.26
 1780.65
 1636.86
 1432.52
 1221.87
  504.72
  768.35
  672.53
  863.41
 1108.55
 1025.72
 1037.93
  811.05
  844.78
  975.54
 1036.99
 1112.09
  844.97
  583.41
  647.97
  920.75
  866.86
  871.73
  973.25
 1008.79
  664.99
  680.51
  597.29
 1053.33
 1096.00
  669.55
  777.81
  608.73
  743.74
  951.36
 1056.81
 1114.15
 1010.57
  959.54
  745.64
  652.84
  663.63
  886.12
  562.09
  476.46
  511.06
  569.85
  501.49
  481.64
  560.39
  859.50
  560.19
  456.75
  777.10
  431.69
  429.51
  696.20
  826.68
  578.26
  444.94
 1086.21
  579.25
  396.86
  398.98
  396.92
  408.33
  406.49
  408.16
  407.00
  405.78
  438.60
  433.62
  830.53
  820.54
  830.73
  969.48
 1121.09
 1048.09
  752.04
  806.21
  819.23
  760.56
  989.45
  860.38
  949.69
  982.91
  766.71
  758.75
  745.19
  726.81
  731.00
  730.35
  756.43
  745.07
  746.32
 1003.10
  861.09
  847.01
  801.17
  723.89
  750.25
  777.55
  722.62
 1068.82
 1015.50
  923.81
  688.75
  691.10
  635.66
  600.69
 1038.86
  917.13
  947.91
  385.39
  379.25
  378.62
  395.08
  459.67
  436.45
  978.91
  989.36
  621.10
  634.35
  632.40
  850.02
  981.01
 1237.02
 1818.37
 2608.35
 2072.20
 1352.89
 1178.80
 1248.21
 1671.09
 2222.87
 2278.97
 2554.92
 1901.02
 1292.49
 1290.48
 1299.88
 1305.32
 1305.10
 1310.02
 1418.22
 1575.86
 1569.32
 1560.54
 1562.44
 1568.33
 1569.32
 1698.33
 1852.23
 1859.45
 1856.23
 1849.26
 1846.63
 1712.72
 1452.40
 1311.01
 1315.54
 1311.61
 1303.03
 1298.33
 1311.01
 1300.48
 1310.90
 1370.96
 1486.92
 1705.13
 1698.95
 1700.23
 1666.87
 1624.17
 1620.09
 1617.71
 1959.33
 2312.50
 2700.12
 3188.17
 3177.41
 3089.74
 2778.93
 2457.22
 2526.37
 2317.20
 2055.10
 2045.61
 2020.27
 1960.55
 2036.09
 1879.33
 1700.68
 1711.02
 1707.34
 1653.17
 1301.78
 1297.53
 1462.88
 1798.83
 2138.97
 2377.71
 2374.45
 2371.05
 2360.10
 2823.56
 3725.08
 4130.92
 4152.04
 4084.25
 3694.16
 3406.77
 3417.73
 3408.64
 3129.10
 2582.38
 3298.77
 3661.26
 3636.25
 3263.57
 2845.08
 2594.62
 2866.09
 2874.70
 2875.49
 3077.25
 3290.47
 2813.00
 2325.69
 2320.08
 2310.37
 2096.64
 1834.54
 1837.25
 1519.11
 1306.09
 1309.00
 1310.19
 1310.11
  946.49
  576.05
  602.44
  617.53
  731.37
  877.88
 1310.48
 1311.18
 1455.60
 1916.09
 2576.18
 2847.77
 2961.06
 3672.10
 4396.05
 4571.92
 4482.84
 4095.75
 3692.91
 3707.84
 3713.98
 3573.76
 3162.82
 2851.70
 2873.65
 3916.25
 4769.60
 4743.89
 4670.81
 4270.07
 3895.46
 3508.17
 3093.05
 3084.61
 2869.74
 2653.18
 2418.85
 2103.12
 1973.57
 1823.86
 1819.16
 1581.41
 1295.27
 1295.89
 1293.00
 1295.10
 1152.16
 1203.30
 1241.13
 1231.58
 1042.60
 1059.64
  991.63
  936.24
  983.93
  542.75
  587.86
  933.69
  843.36
 1116.05
 1265.76
 1072.13
 1143.86
 1318.38
 1317.27
 1322.71
 1184.64
 1131.94
  709.39
  699.06
  896.60
  991.23
 1314.35
 1314.01
  726.84
  754.39
  527.94
  615.47
  839.42
  679.38
  475.55
  326.66
  329.78
  330.85
  356.34
  447.58
  577.35
  667.43
  420.87
  420.65
  407.90
  416.71
  421.98
  362.23
  330.26
  334.48
  327.31
  328.70
  331.99
  225.60
  225.43
  225.66
  222.06
  584.66
 1023.48
  796.21
  732.61
  869.27
  910.25
  865.28
  583.21
 1989.09
 3005.32
 2239.44
 1574.16
 1319.76
  723.67
  496.37
  487.84
  520.49
  641.83
  645.96
  642.74
  305.00
  375.62
 1006.75
  681.16
  611.28
  615.50
  611.62
  724.01
  606.83
  716.44
  498.40
  495.69
  486.00
  482.15
  224.18
  219.77
  469.15
  895.72
  650.78
  633.99
  644.55
  702.63
  949.32
  456.50
  379.36
  363.98
  510.10
 1093.88
 1020.17
  987.13
  305.37
  301.43
  366.39
  276.71
  609.63
  647.75
  608.39
  430.33
  429.14
  388.28
  567.07
  533.23
  425.06
  425.29
  425.91
  425.12
  424.13
  423.59
  424.95
  424.70
  422.94
  388.90
  332.18
  356.76
  357.56
  366.99
  361.18
  361.41
  383.47
  395.25
  384.15
  380.69
  389.67
  393.04
  395.08
  424.27
  459.21
  459.30
  458.99
  457.12
  445.68
  448.03
  446.02
  449.87
  449.76
  449.56
  597.32
  568.74
  551.70
  648.46
  681.90
  682.12
  684.36
  742.18
  680.99
  808.93
  686.34
  707.04
  847.64
  813.34
  708.74
  869.13
  791.03
  809.58
  696.99
  689.80
  690.93
  691.70
  690.62
  861.74
  830.99
  852.37
  731.91
  834.19
  816.91
  757.22
  656.16
  767.05
  817.22
  804.54
  831.64
  833.65
  650.64
  600.54
  631.64
  689.37
  658.45
  643.05
  715.57
  428.46
  424.47
  701.10
  684.56
  680.51
  711.89
  719.13
  413.60
  406.26
  486.60
  558.27
  504.12
  582.68
  630.79
  419.68
  388.00
  527.97
  553.74
  575.06
  603.40
  543.97
  544.25
  385.39
  661.23
  673.83
  494.19
  604.22
  591.09
  380.18
  397.00
  667.09
  613.94
  581.91
  619.91
  843.47
  386.75
  385.22
  529.30
  542.24
  541.05
  593.24
  626.85
  382.53
  381.43
  538.56
  769.68
  757.31
  835.18
  979.11
  663.72
  383.47
  855.68
  904.27
  874.42
  775.03
  540.82
  684.90
  595.28
  718.79
  872.10
  857.69
  730.86
  775.60
  566.93
  624.70
 1008.87
  813.94
 1180.39
 1131.80
 1079.35
  541.90
  542.89
  843.05
  829.51
  876.18
  319.87
 1062.99
  810.91
  835.97
 1168.49
 1302.35
 1661.41
 2281.66
 2317.37
 2170.49
 2167.23
 2165.73
 2167.85
 2081.57
 1937.30
 1523.56
 1165.10
 1108.66
 1327.13
 1323.02
 1323.53
 1324.52
 1321.04
  810.23
  993.13
 1307.33
 1315.46
 1316.25
 1312.37
 1314.67
  822.83
  701.66
  976.36
 1132.62
  955.07
  797.60
  683.14
  595.96
 1317.04
 2115.10
 2267.84
 1995.12
 1675.17
 1536.08
 1454.15
 1454.49
 1457.78
 1366.00
 1308.18
 1317.61
 1318.32
 1314.89
  756.37
  769.85
  798.76
  783.84
  958.98
  966.37
  526.47
  523.32
  904.98
 1003.95
  900.99
 1079.52
 1012.75
  519.19
  576.08
 1106.03
 1152.69
 1304.50
 1251.66
 1317.10
 1317.16
 1061.20
 1086.12
 1026.68
 1261.49
 1317.89
 1029.32
  485.18
  498.15
  498.91
  532.19
  487.90
  490.42
  489.74
  491.58
  489.74
  683.26
  661.96
  749.21
  774.69
  818.39
  968.58
 1087.40
 1245.06
 1506.43
 2089.87
 2458.70
 2555.11
 2558.77
 3151.83
 3999.81
 4182.62
 5129.71
 5551.29
 4758.31
 3588.88
 3409.04
 3215.18
 2850.57
 2734.05
 2592.83
 2522.95
 2453.43
 2457.17
 2247.93
 2136.17
 1971.48
 1847.50
 1727.72
 1581.58
 1745.59
 2552.20
 2580.54
 2367.94
 1956.81
 1526.25
 1307.96
 1129.05
 1271.96
 1622.16
 2030.97
 2035.90
 1854.70
 1715.15
 1699.27
 1607.35
 1410.26
 1295.21
 1291.98
 1287.28
 2055.66
 3650.49
 3739.13
 3373.98
 2858.56
 2867.45
 2766.90
 2640.40
 2597.87
 2138.63
 1709.12
 1451.92
 1691.05
 2369.58
 2497.66
 2554.21
 1957.40
 1278.59
 1291.47
  989.05
 1025.13
  687.90
  420.65
  918.71
  945.10
  940.12
  830.84
  743.94
  393.63
  387.66
  705.68
  591.65
  473.63
  459.38
  400.85
  402.89
  394.34
  397.26
  495.12
  666.44
  632.32
  459.67
  454.91
  453.75
  452.53
  566.90
  451.97
  449.11
  448.28
  448.65
  451.91
  452.33
  452.45
  453.55
  392.95
  447.97
  445.91
  448.74
  438.71
  443.53
  445.65
  444.32
  450.15
  551.90
  753.51
  813.51
  828.66
  842.71
 1061.85
 1026.77
 1208.87
 1261.66
 1209.61
 1125.28
 1100.70
  772.71
  834.27
  585.31
  667.14
  597.15
  681.53
  649.11
  599.92
  537.31
  422.01
  429.28
  600.26
  606.12
  861.23
  729.19
  681.39
  542.04
  539.97
  681.81
  691.19
  688.89
  901.18
  925.82
  717.21
  731.40
  593.72
  601.59
  937.66
  865.14
  718.09
  573.78
  591.00
  719.70
  794.40
  735.62
  742.58
  742.24
  743.01
  750.85
  815.78
  818.39
  735.87
  613.99
  609.55
  605.92
  606.18
  724.26
  751.87
  714.49
  682.07
  709.62
  519.95
  562.43
  699.00
  701.58
  694.16
  697.33
  693.88
  547.14
  484.76
  706.14
  711.77
  754.79
  700.28
  701.61
 1000.21
  982.28
 1312.49
 3671.11
 3200.45
 2096.69
 1377.08
  919.02
  836.90
  851.06
  776.48
  762.88
  709.73
  713.19
  459.07
  462.61
  759.03
  992.39
  668.93
  729.81
  749.35
  461.20
  490.62
  775.15
  851.66
  977.75
  706.02
  976.96
  506.19
  625.75
  700.64
  737.63
  713.13
  677.48
  545.07
  461.68
  416.74
  645.57
  691.61
  656.53
  721.40
  764.44
  654.32
  614.05
  601.73
  604.31
  604.34
  598.05
  601.36
  920.86
  863.89
  811.93
  860.63
  922.25
  922.65
  906.03
  837.16
  861.23
 1001.37
  982.57
  970.02
  999.84
  914.86
  904.86
  926.10
  699.68
  701.78
  766.51
  827.90
  841.01
  809.98
  845.85
 1043.90
 1164.47
 1126.39
 1154.79
 1210.35
 1010.83
  998.93
 1535.40
 1765.75
 1682.93
 1581.58
 1570.40
 1563.63
 1577.53
 2608.43
 3921.66
 4084.54
 4149.89
 3887.79
 3572.23
 3528.05
 3120.46
 2496.38
 2306.04
 2655.44
 3074.64
 3055.05
 3073.03
 3058.76
 3057.17
 3041.82
 2618.77
 2143.81
 2014.80
 2039.32
 2049.55
 2228.20
 2374.82
 2386.46
 2238.98
 2093.58
 2074.97
 2068.89
 2057.36
 2298.62
 2591.08
 2283.47
 2004.92
 2002.20
 1992.09
 1997.07
 1997.05
 1677.69
 1298.98
  989.42
  879.01
 1161.27
 1272.79
 1285.73
 1493.35
 1848.72
 1989.65
 1981.19
 1965.78
 1782.46
 1715.21
 1864.55
 2027.26
 2202.40
 2204.86
 2547.33
 3477.88
 3892.80
 3592.87
 3322.33
 3347.48
 3348.98
 3341.81
 3331.76
 3323.32
 3141.98
 2956.56
 2937.33
 2907.18
 2253.57
 1772.27
 1516.42
 1217.26
 1231.36
 1232.97
 1240.96
 1244.07
 1244.89
 1133.83
 1281.68
 1290.91
 1287.62
 1271.57
 1278.31
 1281.05
 1284.74
 1286.24
 1286.41
 1287.09
 1289.92
 1289.35
 1284.34
 1165.07
 1317.87
 1621.59
 1849.23
 1837.45
 1590.76
 1595.48
 1601.01
 1603.50
 1961.31
 2411.24
 2303.75
 2124.33
 1808.23
 1814.15
 1702.58
 1446.25
 1286.94
 1282.30
 1277.51
 1278.48
 1267.38
 1285.75
 1295.50
 1285.58
 1107.64
 1121.21
 1132.48
 1110.64
  611.08
  462.73
  491.44
  264.90
  266.77
  266.91
  373.33
  373.53
  288.61
  291.18
  281.58
  284.41
  283.88
  295.80
  280.96
  273.03
  229.31
  234.72
  282.18
  282.29
  349.01
  371.18
  407.56
  256.61
  268.22
  264.39
  257.17
  242.96
  300.16
  289.96
  237.83
  235.96
  239.73
  231.09
  208.53
  212.15
  211.92
  211.73
  210.37
  215.75
  319.22
  250.86
  253.24
  255.02
  201.50
  198.90
  589.22
  369.19
  367.61
  367.41
  367.75
  252.19
  252.73
  258.48
  256.92
  325.98
  407.20
  408.44
  327.77
  329.61
  425.21
  426.08
  430.39
  438.66
  345.38
  337.88
  338.41
  462.70
  462.27
  441.09
  439.00
  343.99
  386.64
  388.17
  532.13
  673.91
  679.69
  604.20
  620.28
  369.56
  366.05
  484.84
  489.80
  488.95
  613.40
  489.65
  348.67
  346.63
  578.71
  583.72
  580.50
  552.18
  582.62
  669.33
  675.33
  626.79
  631.98
  635.85
  560.93
  553.74
  549.54
  544.08
  687.16
  626.88
  522.59
  476.40
  483.68
  359.74
  400.82
  397.12
  398.16
  395.25
  456.98
  461.00
  463.01
  460.94
  569.42
  687.65
  516.92
  510.27
  508.00
  373.13
  395.78
  867.15
  872.24
  763.22
  956.91
 1056.44
  749.52
  743.46
  667.48
  821.78
  822.41
  729.92
  869.81
  960.48
  904.16
 1071.79
  910.58
  972.03
 1093.62
  925.25
  674.34
  540.63
  903.90
  782.90
  808.62
  776.73
  789.11
  851.32
  669.10
  756.46
 1000.55
  770.64
  792.25
  768.69
  511.12
  535.70
  631.86
  721.65
  880.74
  575.60
  641.57
  665.28
  687.42
  474.25
  690.73
  667.71
  684.59
  687.48
  490.90
  660.69
  977.70
 1328.29
 1330.58
 1334.94
 1333.78
 1334.91
  580.38
  668.08
  913.73
  880.37
  868.82
  797.77
  675.44
  680.03
  570.75
  648.03
  644.63
  775.43
  994.69
  735.56
  726.70
  992.00
  997.04
 1002.33
  992.02
  987.38
  516.02
  510.92
  986.36
  993.10
  992.28
  987.75
  986.50
  588.96
  966.09
  977.50
  978.21
  975.06
  977.98
  979.00
  658.37
  641.52
  779.17
  811.50
  806.46
  770.22
  714.32
  745.04
  702.97
  888.98
  968.44
  974.92
  890.51
  890.06
  931.94
 1053.61
 1318.89
 1170.51
 1084.68
  687.87
  684.02
  780.50
  853.70
 1004.12
  980.58
 1092.55
  772.37
  786.08
 1083.49
 1188.40
 1024.45
  993.86
 1027.51
 1014.96
  987.07
  300.70
  334.14
  658.79
  637.27
  617.65
  570.98
  494.07
  422.15
  549.18
  720.04
 1056.95
  710.33
  703.45
  587.86
  339.77
  338.33
 1036.74
 1305.75
 1308.29
 1309.34
 1321.24
 1334.74
 1331.88
 1323.08
 1317.33
 1596.33
 1896.92
 1926.51
 1947.66
 1947.49
 1934.49
 1915.44
 1908.70
 1909.63
 1758.14
 1570.42
 1574.19
 1566.71
 1561.22
 1547.23
 1522.06
 1508.01
 1513.85
 1443.65
 1754.80
 3812.95
 4810.41
 4831.22
 4750.21
 4547.37
 4484.31
 4045.60
 3763.00
 3815.19
 3821.36
 3661.23
 3542.47
 3532.02
 3417.45
 3162.51
 3073.37
 3546.01
 4190.33
 4195.85
 4167.08
 3789.87
 3291.97
 3037.55
 2779.07
 3097.98
 3488.69
 3442.68
 3434.58
 3428.07
 3408.19
 3045.00
 2580.32
 2572.39
 2584.22
 2583.03
 2579.01
 2594.33
 2451.93
 2287.60
 2304.59
 2319.26
 2442.21
 2557.95
 2292.36
 1959.50
 1784.90
 1594.58
 1581.86
 1446.48
 1281.90
 1430.68
 1583.96
 1610.58
 1593.28
 1487.09
 1543.24
 1545.87
 1684.74
 1859.48
 2057.42
 2292.65
 2299.07
 2284.24
 2044.50
 1760.37
 1551.25
 1276.27
 1152.21
 1172.43
 1284.48
 1435.24
 1594.30
 1594.01
 1439.91
 1261.43
  877.62
  802.67
  733.94
  929.84
  932.19
 1127.86
 1361.30
 1368.55
 1275.90
 1149.98
 1141.59
 1135.93
 1070.32
 1264.77
 1344.88
 1346.83
 1181.18
 1010.40
 1010.20
 1293.00
 1639.04
 1635.86
 1626.21
 1638.67
 1432.78
 1140.15
 1179.37
 1328.09
 1337.01
 2663.82
 3794.91
 3707.58
 3482.58
 3224.07
 2974.09
 3262.89
 4587.81
 4845.58
 4409.07
 4259.28
 3575.48
 2490.01
 2726.88
 2043.57
 2097.97
 1691.42
 1254.07
 1250.98
 1251.38
 1251.09
 1664.49
 2188.16
 2245.89
 1896.58
 1493.20
 1497.73
 1482.33
 1447.33
 1318.12
  657.77
  659.02
  826.23
 1093.43
 1115.40
  882.52
 1478.03
 1897.37
 1843.45
 1623.55
 1381.58
 1367.68
 1625.90
 1926.37
 1928.86
 1925.32
 1794.86
 1670.81
 1666.70
 1679.67
 1676.41
 1500.57
 1325.37
 1408.17
 1480.52
 1471.03
 1464.21
 1310.73
 1191.74
 1217.62
 1284.00
 1202.98
 1105.94
  976.99
 1030.03
 1566.63
 1915.95
 2128.80
 2721.50
 3731.17
 4644.61
 5567.74
 5617.27
 5474.27
 4173.73
 3042.48
 2986.72
 2662.49
 2640.09
 2484.86
 2183.26
 1897.74
 1713.42
 1702.55
 1604.77
 1475.76
 1477.74
 1399.33
 1269.02
 1264.86
  918.85
  866.27
  508.03
  680.03
 1093.03
 1192.39
 1020.71
  845.97
  879.24
  916.36
  944.08
 1186.76
 1081.53
  965.69
  847.58
 1116.84
 1213.32
 1343.15
 1203.89
 1194.29
  983.42
  768.09
  940.57
  955.81
 1095.21
 1156.32
 1217.43
  766.37
  856.05
  860.86
  974.35
  893.71
  938.36
 1078.96
  911.80
  490.84
  890.65
  931.17
 1155.81
 1131.23
 1175.57
  881.56
  856.07
  908.91
  932.70
 1062.48
 1133.24
 1061.94
  833.00
  671.87
  795.17
  992.36
 1068.39
 1151.36
 1114.44
  891.50
 1335.90
  954.48
 1049.34
 1182.62
 1137.60
 1273.15
  870.66
 1140.32
  960.34
  941.71
  801.82
  973.90
 1003.15
 1095.95
 1090.88
 1165.21
 1161.30
 1056.87
  805.95
  796.04
  627.47
  621.22
 1051.66
 1106.28
  956.32
  969.46
  803.66
  944.82
  740.34
 1181.44
 1120.92
 1013.38
 1011.79
 1084.90
  755.86
  804.82
  798.31
  835.66
  891.13
 1092.38
 1245.57
 1023.60
  712.51
 1166.31
 1142.41
 1086.35
 1015.58
 1067.21
  988.80
  613.03
  835.18
 1159.66
  985.11
 1224.36
 1090.65
  496.54
  393.29
  778.09
  566.88
 1142.98
 1071.88
  566.31
  685.01
  832.69
  989.53
 1328.03
 1330.18
 1332.56
 1336.41
 1338.23
 1331.49
 1320.64
 1314.67
 1301.33
 1439.91
 1608.20
 1589.71
 1593.62
 1799.20
 2224.34
 2427.89
 2432.05
 2427.55
 2418.57
 2406.34
 2401.01
 2283.75
 2149.48
 1901.19
 1725.37
 1725.26
 1731.46
 2137.19
 2680.87
 2675.60
 2491.54
 2299.41
 2305.25
 2311.33
 2655.50
