19850101
   97.33
   95.03
   88.18
   80.65
   70.51
   65.27
   97.35
   95.94
   71.19
   93.11
   97.66
   68.47
   47.20
   95.43
   93.45
   74.33
  103.92
   58.70
   82.63
   75.86
   87.92
  100.24
   63.17
   57.79
   82.77
   29.02
   12.60
   32.08
    0.00
   34.38
   78.95
   32.03
    8.24
   17.22
   30.21
   85.23
   87.41
   82.46
   67.68
   73.11
   70.42
   67.31
   92.85
   96.90
   87.16
   90.78
   54.28
   22.74
   36.19
   33.81
   20.90
   26.62
   22.29
   23.47
   20.95
   51.48
   30.16
   49.41
   29.51
   46.58
   45.11
   22.63
   30.30
   59.69
   50.69
   58.47
   48.03
   51.03
   31.23
   48.99
   51.45
   52.16
   69.86
   46.72
   49.44
   50.40
   55.44
   35.62
   34.69
   58.62
   59.38
   44.83
   45.02
   57.91
   53.63
   56.21
   63.37
   39.87
   39.19
   16.82
   57.12
   25.91
   29.76
   29.87
   29.25
    4.30
    5.44
   21.10
   21.72
   23.11
   17.87
   17.98
    4.47
    4.25
   42.33
   17.47
   39.53
   22.37
   42.82
   27.55
    4.70
   88.97
   44.26
   38.26
   17.90
   43.81
   37.41
    8.98
   47.74
   37.89
   44.57
   44.26
   14.22
   28.94
   29.42
   50.57
   48.22
   43.35
   48.85
   40.38
   29.76
    4.13
   39.79
   41.88
   13.28
   29.45
   42.98
    3.77
    3.74
   34.26
   46.44
   43.89
   41.20
   27.98
   13.65
   27.18
   29.17
   34.89
   27.92
   35.85
   55.59
   38.37
   35.42
   56.55
   38.77
   69.49
   61.33
   58.42
   38.37
   35.79
   61.82
   58.70
    8.44
   23.67
   29.14
   22.71
   26.59
   41.60
   52.30
   25.85
   36.44
   67.03
   34.80
    4.45
   51.90
   52.13
   57.96
   48.39
   57.43
   31.63
    4.59
   30.70
   30.24
   17.84
    9.15
   21.72
    8.89
    4.50
   30.30
   30.44
   31.52
   32.45
   37.80
   13.42
    5.75
   57.14
   30.10
   41.88
   42.84
   42.87
   45.70
   48.93
   50.55
   48.96
   50.57
   48.56
   43.83
   30.04
   21.15
   48.22
   29.19
   29.96
   35.31
   34.32
   41.06
   26.82
   33.92
   38.45
   36.44
   33.27
   25.71
   22.06
   23.56
   34.57
   30.92
   30.72
   34.72
   30.38
   26.48
   17.30
   31.29
   31.21
   36.30
   36.59
   45.48
   44.60
   43.86
   46.35
   49.27
   49.24
   43.10
   39.70
   50.43
   48.90
   42.50
   13.22
   21.63
   20.87
   63.06
   82.94
   78.10
   80.99
   69.46
   66.91
   59.21
   52.05
   43.69
   56.07
   85.57
   70.31
   61.96
   59.47
   67.45
   65.44
   50.60
   40.89
   36.16
   26.36
   26.05
   29.96
   29.48
   40.75
   38.65
   31.29
   33.19
   32.71
   38.00
   31.15
   31.04
   41.80
   35.65
   29.82
   33.41
   28.54
   38.28
   42.39
   41.14
   33.10
   34.89
   33.92
   32.71
   39.05
   35.45
   39.11
   39.73
   29.00
   30.92
   32.59
   29.42
   34.26
   36.30
   34.32
   42.16
   40.18
   33.44
   31.06
   29.53
   33.61
   36.73
   36.25
   35.06
   29.99
   34.35
   33.41
   33.81
   33.81
   33.61
   33.53
   39.50
   35.08
   34.60
   34.41
   31.74
   34.43
   34.09
   35.20
   35.93
   36.73
   34.09
   36.39
   33.39
   37.15
   35.76
   30.16
   30.61
   39.47
   31.80
   31.88
   33.13
   35.45
   33.41
   30.47
   36.33
   35.65
   33.61
   34.91
   36.98
   31.06
   30.33
   33.73
   36.70
   36.08
   34.21
   27.24
   32.59
   36.36
   35.08
   59.49
   78.01
   77.28
   31.18
   35.76
   34.46
   34.83
   32.48
   34.55
   38.77
   37.27
   31.06
   31.35
   38.17
   37.10
   34.29
   35.28
   29.56
   32.05
   34.24
   56.10
   66.97
   36.98
   38.23
   34.09
   33.07
   36.33
   35.82
   36.44
   37.69
   37.35
   32.22
   33.73
   39.33
   60.40
   74.22
   56.10
   39.13
   42.39
   35.51
   34.74
   38.23
   39.05
   33.27
   35.34
   31.52
   34.07
   33.02
   46.10
   28.66
   28.01
   38.06
   27.04
   34.38
   36.59
   34.69
   29.68
   22.17
   33.30
   32.25
   25.82
   26.99
   35.20
   32.34
   26.82
   32.28
   33.02
   17.27
   17.41
   21.15
   38.14
   36.42
   31.12
   32.82
   20.76
   21.29
   21.52
   18.94
   23.47
   19.57
   17.41
   25.60
   20.84
   22.63
   22.17
   17.44
   35.57
   37.46
   28.12
   19.00
   22.26
   17.50
   17.13
   18.18
   13.17
    9.34
    8.89
   16.96
   17.39
   17.70
   18.24
   18.21
    8.83
    9.23
   10.08
   12.94
    9.23
    9.17
   22.23
   19.77
   23.02
   24.81
   17.41
   19.00
   16.42
   16.31
   13.62
   12.23
   21.55
   16.08
   18.18
   18.49
   20.16
   16.93
   16.31
   18.15
   16.88
   16.88
   16.82
   20.93
   21.24
   20.87
   26.25
   18.58
   18.60
   19.82
   17.41
   20.76
   19.28
   18.15
   13.59
   12.49
   12.63
   12.26
   20.59
   17.41
   16.74
   12.40
   17.90
   16.68
   12.80
   12.40
   12.23
   16.79
   18.77
    9.06
    8.58
    9.32
    9.17
    8.75
    8.78
   17.39
   17.36
   12.86
   17.50
   13.03
   12.63
   13.28
   17.95
   12.60
   17.27
   17.90
   17.08
   12.97
   21.35
   25.60
   21.07
   21.69
   34.04
   13.03
   14.58
   32.90
   25.54
   27.44
   24.61
   34.09
   18.63
   17.64
   29.14
   25.17
   20.87
    8.64
   17.19
   17.16
   17.19
   22.09
   16.99
   25.20
   26.87
   24.15
   12.15
   12.74
   36.19
   21.66
   35.37
   29.42
   31.46
   17.78
   16.68
   24.69
   24.27
   24.04
   23.11
   25.23
   17.16
   16.99
   30.16
   25.09
   23.67
   25.37
   23.11
   17.87
   16.57
   24.64
   24.01
   21.18
   20.73
   12.77
   16.88
   16.74
   24.38
   35.48
   46.81
   38.00
   46.89
   42.96
   44.49
   41.97
   38.85
   46.75
   45.45
   45.08
   17.19
   17.36
   48.31
   54.59
   41.48
   28.88
   15.35
   12.49
   12.66
   20.95
   22.48
   22.96
   21.86
   41.68
   16.82
   16.93
   41.97
   41.94
   41.68
   39.02
   44.20
   18.04
   18.80
   39.93
   22.03
   17.22
   27.72
   31.80
   32.59
   41.09
   46.33
   64.08
   47.86
   56.32
   60.31
   33.27
   48.76
   82.86
   51.90
   51.20
   46.61
   37.89
   34.63
   53.97
   31.29
   32.96
   24.75
   25.74
   24.75
    0.00
    0.00
    0.00
    0.00
    0.00
    0.00
    0.00
    0.00
    0.00
   10.34
   27.01
   27.18
   23.98
   23.84
    8.38
   16.76
   24.44
   24.52
   29.65
   25.23
   28.20
    0.00
    0.00
   24.15
   28.01
   19.31
   46.30
   52.44
   12.06
   15.57
   32.96
   43.10
   34.55
   50.52
   37.97
   44.00
   40.86
   61.50
   55.27
   60.54
   65.70
   61.99
   49.30
   21.38
  107.72
   99.70
   79.57
   68.81
   69.32
   68.89
   71.19
   74.02
   73.06
   75.04
  102.59
   92.00
  103.87
   83.96
   78.95
   81.47
   90.64
   85.69
   94.04
   73.28
   73.71
   76.68
   78.95
   82.40
   76.40
   81.10
   79.46
   78.18
   80.53
   77.87
   80.76
   73.60
   74.22
   74.28
   70.96
   77.53
   80.14
   80.28
   88.32
   86.03
   80.05
   86.82
   80.50
   85.86
   79.15
   88.12
   74.13
   90.08
   55.56
   49.30
   85.32
   64.34
   54.79
   54.23
   59.41
   54.79
   56.66
   43.69
   74.70
   74.76
   72.80
   67.65
   72.69
   79.06
   89.31
   76.99
   82.66
   76.34
   78.01
   81.89
   80.87
   78.55
   86.88
   75.04
   69.80
   79.85
   81.67
  100.38
   78.32
  101.83
   76.97
   82.46
   79.63
   80.87
   82.03
   78.41
   80.08
   72.15
   72.12
   74.70
   70.11
   88.49
   79.43
   59.47
   70.08
   76.65
   51.68
   72.94
   57.85
   74.87
   88.35
   80.17
   70.17
   77.47
   76.88
   78.21
   72.66
   95.46
   93.56
   94.30
   65.53
   62.50
   63.94
   53.43
   49.92
   58.16
   59.95
   38.94
   39.36
   41.23
   28.63
   46.55
   43.32
   25.15
   30.87
   30.55
   22.88
   53.75
   51.68
   54.00
   52.19
   35.17
   21.27
   38.60
   49.92
   57.79
   45.02
   40.01
   14.98
   18.77
   18.35
   19.40
   30.87
   39.25
    8.41
    4.02
    4.22
   25.85
   25.94
   25.94
   28.66
   14.55
    0.00
    0.00
    4.47
   22.96
   24.89
    4.47
   28.26
    4.56
    4.42
    4.50
   28.29
   18.75
   25.34
    4.05
   24.49
    4.70
   33.36
   26.33
   26.73
   23.98
   24.61
    3.09
   12.66
   27.64
   27.24
   56.01
   28.46
   48.39
   26.25
   45.42
   43.10
   44.23
   38.57
   39.56
   41.06
   26.73
    9.03
   60.03
   45.70
   65.50
    0.00
   13.71
    8.92
    9.03
   34.09
   55.27
   26.48
   40.83
   54.88
   40.78
   18.29
   23.73
   23.02
   38.77
   17.87
   17.92
   35.03
   43.13
   33.64
   25.97
   39.39
   26.56
   52.50
   43.44
   44.66
   72.86
   68.13
   37.41
   56.95
   26.56
   27.44
   35.34
   66.60
   42.67
   49.41
   70.03
   70.17
   48.70
   41.12
   73.54
   52.47
   72.21
   73.74
   71.30
   27.04
   51.20
   81.95
   76.91
   81.18
   72.60
   70.37
   63.97
   44.71
   76.12
   79.88
   79.57
   76.63
   85.89
   73.60
   59.64
   64.96
   80.25
   64.90
   58.93
   55.36
   53.92
   52.53
   56.61
   70.48
   70.20
   61.96
   65.72
   53.55
   48.34
   64.79
   67.54
   65.95
   63.83
   39.42
   49.81
   22.40
   65.64
   63.60
   57.96
   55.59
   51.03
   22.85
   55.53
   52.84
   39.30
   36.36
   37.24
   46.92
   44.32
   44.37
   48.51
   38.91
   35.79
   34.80
   59.13
   37.10
   19.11
   57.54
   54.20
   30.89
   49.95
   60.74
   40.89
   19.09
   30.61
   32.17
   31.86
   29.76
   26.48
   17.90
   13.45
   32.37
   35.08
   42.53
   23.42
   17.50
   25.66
   17.73
   50.49
   54.91
   53.86
   61.96
   67.31
   20.59
   18.58
   58.50
   55.70
   51.23
   58.19
   83.05
   18.21
   16.99
   76.88
   54.45
   73.62
   90.50
   76.54
   36.84
   20.08
   53.43
   38.17
   42.42
   38.34
   52.24
   35.88
   20.05
   64.45
   59.30
   56.58
   31.97
   54.42
   58.08
   28.23
   60.54
   50.23
   50.80
   23.70
   50.04
   55.56
   57.26
   57.91
   66.52
   41.23
   54.37
   53.86
   33.07
   35.28
   62.44
   41.97
   46.81
   29.53
   31.26
   60.20
   46.95
   37.35
   40.35
   35.59
   48.03
   62.30
   34.57
   54.45
   60.37
   59.38
   59.04
   53.35
   36.53
   32.00
   35.51
   71.67
   62.13
   65.27
   53.77
   58.56
   34.01
   37.77
   60.63
   38.48
   61.53
   28.29
   28.43
   27.69
   36.98
   33.75
   59.83
   65.02
   63.80
   55.22
   59.75
   36.44
   52.78
   66.46
   73.91
   56.75
   41.74
   22.34
   55.42
   59.72
   56.78
   58.33
   35.99
   55.70
   33.92
   35.82
   51.37
   57.17
   54.57
   10.96
   64.11
   13.90
   59.64
   35.37
   45.31
   54.51
   36.42
   36.05
   38.09
   51.08
   66.40
   60.54
   58.98
   44.00
   45.79
   30.78
   28.03
   36.33
   35.08
   33.33
   76.23
   69.04
   41.80
   41.14
   61.65
   52.24
   39.59
   40.46
   35.28
   39.22
   63.68
   42.96
   50.55
   33.64
   32.45
   24.83
   30.55
   33.36
   35.65
   59.69
   53.35
   59.69
   45.70
   47.86
   31.91
   40.49
   35.79
   64.76
   62.52
   33.02
   22.34
   56.12
   47.77
   55.61
   40.44
   42.31
   45.70
   33.44
   14.24
   37.43
   33.24
   30.47
   32.31
    9.15
    0.00
    9.60
   10.39
   32.00
   24.66
    5.04
   28.43
   41.43
   32.20
   29.28
   33.10
   33.95
   33.67
   34.04
    4.76
   23.53
   31.52
    4.84
    4.79
    4.33
   26.39
    9.09
   26.56
   33.07
    6.20
   15.97
    5.78
    3.03
    3.94
    4.25
   10.17
   10.85
    8.52
   10.90
    3.11
    8.95
    5.01
    8.66
    8.44
    8.41
   10.00
    8.86
    8.30
    4.39
    8.89
    9.68
    8.16
    7.99
    8.24
    9.23
    8.81
   11.55
    9.15
    4.84
    4.62
    5.18
    5.01
    4.50
    9.06
   12.83
   11.33
    5.35
    3.43
    9.57
    8.66
    9.23
    9.03
   12.37
   37.38
    8.98
   10.56
   10.14
   39.90
   40.95
   46.21
   34.60
   14.24
   35.74
   18.09
   51.56
   59.72
   57.20
   60.03
   21.55
   41.77
   51.45
   69.15
   59.49
   51.96
   54.82
   41.48
   37.66
   27.18
   50.66
   21.97
   69.72
   59.55
   58.25
   33.81
   30.10
   43.41
   64.45
   31.97
   59.38
   57.03
   40.97
   12.66
   60.54
   43.38
   60.80
   40.86
   46.67
   38.11
   48.54
   32.20
   34.66
   35.88
   35.76
   37.01
   14.22
   15.01
   33.22
   34.24
   34.35
   35.57
   55.59
   40.69
   40.92
   59.52
   59.98
   67.90
   55.30
   67.68
   34.72
   58.59
   58.98
   58.50
   58.47
   70.93
   58.70
   51.23
   49.81
   58.42
   67.08
   62.21
   64.00
   60.65
   53.29
   52.70
   57.51
   56.12
   56.41
   63.94
   20.36
   18.09
   17.81
   17.16
   41.91
   41.00
   21.24
   46.50
   21.80
   17.92
   18.29
   36.19
   18.09
   38.03
   12.86
   20.64
   16.65
   38.48
   51.99
   63.60
   64.85
   31.23
   22.60
   17.25
   44.23
   29.85
   31.97
   30.92
   27.27
   21.66
   21.58
   34.97
   34.69
   30.92
   26.84
   29.59
   24.66
   12.35
   19.43
   24.41
   20.02
   13.37
   44.12
   34.04
    8.72
   10.99
   28.94
   43.69
   34.15
   47.20
    4.47
    4.42
   25.12
   28.37
   50.66
   55.19
   56.83
   33.44
   32.25
   47.46
   51.56
   36.02
   17.67
   30.50
    4.70
    6.26
   53.63
   54.17
   26.56
   16.59
   12.03
    0.00
   32.31
   48.20
    4.05
    4.98
    4.59
   14.19
    8.86
   13.00
   40.52
   23.39
   14.72
   34.04
   29.02
   21.66
   17.78
   47.91
   57.85
   56.15
   67.79
   70.20
   62.35
   62.18
   65.41
   67.05
   75.15
   80.50
   82.63
   71.70
   75.52
   80.00
   86.48
   62.07
   69.86
   81.95
   66.43
   64.70
  105.34
   87.70
   52.90
   69.91
   77.33
   84.53
   88.63
   63.88
   49.19
   73.91
   52.75
   52.16
   56.66
   53.89
   52.81
   75.46
   67.42
   59.38
   37.97
   35.76
   41.60
   34.72
   56.15
   47.03
   29.93
   16.99
   22.68
   42.05
   69.63
   86.51
   85.94
   90.44
   85.26
   85.63
   86.65
   84.75
   98.40
   89.68
   88.60
   92.54
   86.99
   68.39
   68.05
   94.07
   86.00
   93.25
   84.58
   22.99
   11.92
   69.94
   69.63
   70.45
   43.72
   42.19
   38.17
   45.65
   63.32
   62.47
   65.53
   92.31
   69.43
   60.03
   61.39
   63.51
   64.62
   79.09
   64.02
   61.45
   68.92
   55.27
   77.45
   72.83
   78.30
   95.06
   93.02
   76.06
  101.66
   66.86
   63.54
   67.39
   73.77
   71.44
   78.27
   71.42
   71.56
  114.12
  107.69
   87.44
   70.88
   69.06
   52.16
   89.37
   84.19
   69.12
   62.78
   60.51
   38.85
   13.00
   54.03
   59.41
   67.73
   50.55
   55.39
   17.08
   16.93
   45.90
   43.58
   46.92
   44.46
   38.37
   25.63
   30.21
   26.82
   24.69
   12.77
   12.40
    9.34
    0.00
    0.00
    0.00
   60.77
   34.09
   35.06
   49.75
   13.31
   14.33
   44.15
   40.72
   37.66
   38.96
   35.00
   33.47
   33.02
   34.32
   28.52
   45.11
   26.25
   38.03
   22.26
   21.15
   25.43
   21.63
   16.37
   44.80
   42.39
    4.39
    4.42
   56.32
   69.60
   66.97
   71.70
   78.35
   70.25
   69.32
   91.10
   63.83
   82.37
  105.03
  113.89
   86.03
   50.55
   97.58
   75.86
   64.56
   68.61
   87.24
   31.83
   30.33
   42.56
   60.82
   98.40
   78.30
   64.17
   37.24
   31.32
   60.20
   62.89
   63.91
   49.87
   17.50
   38.96
   39.59
   63.57
   66.46
   71.30
   95.54
  122.27
  201.50
  196.69
  166.05
  121.20
  273.91
  303.73
  231.91
  160.90
  167.15
  173.41
  135.10
  114.68
  115.33
   58.73
   64.19
   79.46
  151.86
  104.69
  122.33
  117.03
  188.28
  159.62
  109.30
  123.52
  108.23
  109.84
  108.88
  105.68
   95.82
   95.23
   85.74
   73.79
   72.46
   72.01
   59.24
   42.79
   43.10
   68.13
   77.11
   80.87
   73.11
   59.69
   68.24
   68.24
   89.71
   79.57
   87.92
   74.76
   67.51
   68.56
   64.14
   75.24
   80.33
   76.74
   70.48
   68.24
   77.36
   85.26
   75.49
   72.66
   71.61
   71.70
   74.47
   82.86
   82.91
   77.39
   82.49
   75.78
   72.58
   81.01
   72.94
   79.49
   83.08
   75.21
   69.63
   66.12
   72.52
   49.10
   52.13
   58.28
  104.46
   91.55
   94.89
   93.42
   79.12
   72.89
  100.92
   91.32
   92.71
   84.67
   75.07
   61.39
   71.30
   36.53
   99.17
   97.10
   76.68
   80.28
   81.47
   62.69
   96.31
   81.18
   75.21
   73.82
   69.23
   67.54
   56.15
  111.54
  175.88
  171.88
  190.54
  156.65
  128.36
  119.38
  127.31
  126.55
  131.98
  121.96
  127.57
  134.00
  125.27
  130.09
  128.76
  127.26
  138.61
  151.04
  122.44
  119.47
  142.60
  134.50
  127.82
  130.54
  131.65
  129.95
  131.81
  138.78
  133.71
  125.73
  126.80
  122.10
  139.23
  135.50
  133.49
  130.99
  122.75
  137.05
  130.00
  129.75
  127.28
  109.70
  103.53
   95.97
   71.92
   78.01
   94.80
  101.66
   89.03
   93.33
  116.55
   88.97
  107.32
  113.66
  105.11
  116.89
  124.40
  129.04
  127.60
  131.98
  133.57
  120.49
  134.79
  133.74
  131.79
  135.41
  124.14
  119.19
  119.72
  117.37
  147.93
  148.21
  141.75
  134.53
  150.22
  149.91
  115.33
  101.54
  109.19
  139.46
  176.22
  169.42
  174.04
  147.36
   85.97
   86.76
   77.22
   85.55
   70.48
   63.43
   69.40
   39.47
   79.23
   78.07
   70.74
   70.14
   66.35
   78.75
  105.11
  102.03
  132.61
  138.53
  146.51
  141.47
  147.19
  146.96
  139.35
  148.38
  104.29
  114.77
  113.47
   99.51
  143.25
  142.80
  134.67
  134.82
  135.13
  137.00
  142.72
  137.73
  162.23
  170.75
  165.37
  174.88
  166.64
  176.44
  131.56
  172.48
  169.56
  158.38
  113.75
  111.12
  179.33
  193.83
  189.95
  173.10
   71.05
  151.38
  198.47
  236.45
  235.99
  235.37
  226.17
  233.13
  233.70
  234.24
  234.86
  234.07
  234.01
  237.13
  212.09
  166.79
  235.03
  234.44
  213.28
  160.81
  142.09
  152.43
  147.19
  139.52
  136.43
  122.50
  120.40
  129.52
  120.77
  115.65
   66.54
  152.74
  185.11
  181.26
  181.37
  138.72
  111.60
  114.85
  117.34
   95.31
  112.53
  120.40
  128.90
  116.61
  118.17
   84.53
   64.14
   74.30
   73.09
   66.06
   29.11
   26.48
   46.44
   47.77
   52.70
   58.98
   43.01
   22.65
   21.32
   29.76
   35.08
   37.18
   38.94
   55.78
   21.92
   20.53
   37.60
   21.95
   48.56
   55.53
   17.67
    0.00
    0.00
   21.15
   46.95
   52.39
   60.26
   30.75
   25.29
    8.81
   41.97
   54.03
   53.97
   54.20
   48.93
   21.89
   23.59
   63.12
   66.60
   74.64
   70.37
   56.41
   41.65
   34.01
   68.53
   46.33
   45.28
   44.66
   49.67
   45.79
   45.70
   45.70
   60.65
   58.90
   52.61
   58.13
   45.68
   42.59
   63.20
   63.15
   62.24
   42.05
   48.31
   44.57
   44.03
   59.72
   70.31
   44.37
   46.33
   44.66
   45.93
   41.23
   49.55
   48.59
   49.53
   49.41
   41.60
   19.85
   21.97
   53.21
   61.93
   63.71
   66.80
   44.23
   25.34
   22.46
   31.94
   37.29
   31.43
   46.92
   24.47
   13.93
   14.81
   48.79
   89.14
   49.21
   12.77
   35.93
   12.74
   15.35
   67.59
   71.36
   72.77
   65.50
   72.66
   51.76
   29.87
   32.88
   54.71
   67.51
   64.17
   78.86
   65.13
   65.30
   95.29
   88.97
   72.38
   70.76
   74.47
   40.63
   73.54
   65.41
   99.19
   86.62
   71.81
   93.76
   43.83
   34.12
   42.79
   77.14
   73.94
   73.79
   68.87
   43.95
   71.87
   76.80
  100.02
   92.11
   63.94
   77.25
   42.48
   42.19
  100.69
  100.95
   95.48
   68.33
   68.89
   43.64
   42.59
   42.90
   99.22
   80.70
   75.07
   79.49
   38.85
   40.29
   80.59
   55.59
   57.40
   38.65
   38.57
   42.14
   42.98
   41.26
   47.23
   39.45
   36.33
   48.51
   39.70
   40.04
   61.99
   58.70
   53.01
   67.99
   59.47
   42.39
   42.14
   67.93
   60.57
   61.90
   65.98
   60.37
   19.14
   17.16
   53.15
   51.96
   47.29
   47.77
   58.02
   20.73
   20.87
   52.87
   72.55
   69.52
   76.06
   69.15
   48.28
   25.91
   74.73
   73.14
   69.01
   65.47
   66.03
   47.52
   60.65
   76.80
   53.97
   75.61
   74.53
   69.15
   73.74
   77.05
   78.35
   73.28
   67.31
   62.78
   71.95
   61.33
   61.02
   72.01
   68.53
   71.25
   72.38
   68.24
   65.67
   64.96
   76.12
   73.68
   56.58
   55.44
   55.27
   63.15
   69.57
   67.00
   67.90
   72.41
   72.32
   55.95
   71.44
   70.65
   70.93
   65.89
   56.18
   60.29
   69.15
   64.53
   66.74
   68.92
   68.84
   62.33
   63.34
   69.89
   70.85
   40.27
   71.98
   69.66
   66.32
   62.33
   64.17
   41.85
   42.02
   32.14
   70.62
   62.84
  124.65
  164.46
  156.42
  167.44
  165.85
  188.73
  175.42
  173.72
  166.36
  109.33
  110.07
  117.51
  117.71
  114.94
  105.06
   96.08
   77.76
   73.20
   78.72
   80.39
   80.70
   71.61
   71.61
   80.93
   77.39
   80.36
   79.88
   76.40
   78.44
   30.27
   20.64
   16.11
   70.14
   49.07
   53.83
   56.01
   45.53
    0.00
   26.25
   45.39
   48.39
   47.26
   47.60
   54.37
   28.83
   22.00
   53.72
   55.98
   46.84
   49.87
   48.11
   52.36
   28.37
   47.29
   69.29
   60.48
   43.78
  109.25
  160.39
  161.83
  168.34
  169.42
  172.14
  166.25
  129.52
   84.44
   73.82
   81.35
   81.10
   73.60
   64.05
   62.16
   74.61
   73.48
   79.17
   66.69
   51.23
   58.19
   76.71
   64.34
   65.13
   75.38
   71.22
   76.14
   77.08
   62.21
   26.31
   19.94
   45.70
   36.84
   34.66
   35.45
   29.87
    0.00
    0.00
   31.71
   25.51
   29.48
   20.44
   22.65
   23.05
   19.57
   32.65
   28.63
   36.84
   33.36
   44.20
   19.20
   15.09
   36.33
   28.80
   30.33
   54.26
   10.90
    9.09
    4.42
    9.26
    7.79
    9.29
   11.67
    8.30
   12.49
   18.32
    0.00
   29.93
   29.82
   30.10
   27.89
   36.08
   25.80
   38.43
   71.50
   81.30
   99.08
  110.75
   62.92
   78.89
   77.59
   72.18
   72.29
   80.76
   77.87
   87.78
   68.84
   71.61
   71.75
   72.24
   71.08
   71.10
   75.01
   70.85
   80.73
   79.91
   85.83
   89.03
   81.24
   71.16
   68.50
   74.53
   66.69
   74.33
   63.51
   70.20
   34.49
   37.27
   49.38
   32.99
   28.29
   26.79
   13.68
   25.29
   26.11
   39.79
   40.49
   52.10
   53.66
   41.51
   26.59
   21.12
   67.54
   80.11
   93.13
   70.00
   59.78
   22.26
   21.95
   82.15
   62.50
   65.58
   32.03
   77.16
   13.31
   27.58
   38.94
   77.33
   69.09
   73.62
   42.67
   39.25
   41.26
   63.06
   73.79
   69.32
   69.04
   60.63
   52.19
   47.97
   77.39
   70.20
   56.61
   79.66
   69.32
   69.09
   25.63
   77.70
   75.86
   65.95
   61.79
   63.29
   36.33
   41.26
   76.77
   80.42
   77.45
   74.93
   67.82
   13.62
   44.32
   78.83
   76.23
   66.91
   68.72
   74.76
   39.42
   45.02
   78.86
   81.86
   83.17
   73.71
   79.77
   26.33
   31.52
   92.77
   64.51
   77.87
   90.27
   78.52
   40.01
   31.97
   46.13
   78.58
   74.70
   92.17
   83.70
   47.74
   43.86
   78.55
   74.16
   75.07
   75.29
   95.40
   77.84
   75.32
   76.97
   71.67
   71.08
   71.64
   65.13
   70.40
   70.31
   73.82
   80.62
   78.78
   76.99
   74.59
   76.31
   81.89
   81.21
   65.84
   75.41
   68.61
   79.23
   88.32
   79.46
   77.11
   79.77
   73.96
   75.72
   73.45
   76.34
   75.24
   73.20
   77.64
   77.42
   75.15
   81.81
   73.99
   91.27
   78.41
   79.17
   78.13
   77.14
   73.94
   66.86
   61.90
   79.34
   76.37
   80.02
   78.95
   80.11
   79.49
   80.59
   88.58
   78.44
   77.70
   77.02
   74.44
   74.78
   68.53
   82.06
   76.03
   79.23
   79.57
   80.11
   78.44
   69.80
   75.78
   80.05
   73.65
   77.84
   74.50
   61.14
   64.05
   79.54
   79.77
   80.93
   76.37
   77.25
   77.02
   78.83
   30.67
   70.54
   78.98
   69.23
   77.02
   70.68
   68.81
  106.90
  111.51
   97.69
   95.20
  113.27
  105.06
  100.50
  105.17
  113.98
  122.98
  123.46
  123.26
  123.32
  123.83
  123.72
  123.80
  123.69
  113.15
  104.21
  105.99
  105.68
   97.89
  100.50
  100.58
   95.00
   90.19
   81.81
   96.48
  115.33
  117.12
  119.67
  122.27
   94.24
   75.21
   76.46
   75.55
   76.03
   78.61
   76.94
   75.61
   67.54
   68.41
   67.42
   67.03
   78.81
   85.83
   61.28
   63.43
   72.69
   75.83
   72.92
   82.83
   91.12
   78.86
   26.39
   16.96
   33.16
   26.05
   22.20
   15.63
    0.00
    0.00
   23.81
   45.28
   46.64
   53.94
   47.88
   26.56
   11.64
    6.54
   19.14
   24.01
   29.17
   34.77
   34.55
   33.84
   34.43
   32.99
   49.02
   69.15
   68.39
   67.42
   71.16
   63.37
   75.52
   78.95
   74.76
   73.77
   70.96
   76.31
   57.14
   77.98
   55.13
   72.94
   74.53
   72.80
   69.35
   77.28
   73.77
   66.01
   74.61
   74.67
   70.76
   31.21
   29.62
   71.87
   72.52
   74.64
   74.22
   67.93
   64.68
   60.91
   38.74
   38.79
   29.51
   30.64
   18.63
    0.00
    0.00
    0.00
    0.00
    0.00
    0.00
    0.00
    0.00
    0.00
    0.00
    0.00
   25.37
   15.94
   13.20
    9.54
    8.10
   17.67
   15.46
   16.76
   15.01
   16.96
   13.08
   12.74
   21.24
   20.33
   21.66
   23.56
   17.56
   17.64
   12.60
    2.83
    2.38
    0.00
    4.30
    0.00
    4.13
    0.00
    3.68
    0.00
    0.00
    4.28
    1.53
   17.58
   18.24
   27.95
   26.67
    4.13
    4.33
    4.62
   16.96
   24.72
   22.14
   21.97
   17.41
   12.01
   12.83
   16.82
    8.86
   29.65
   28.85
   26.59
   25.51
   25.32
   12.88
   12.66
   48.96
   49.41
   53.38
   72.60
   74.61
   59.92
   65.70
   45.34
   37.94
   59.64
   58.56
   50.80
   29.48
   29.31
   42.53
   52.84
   43.44
   51.68
   34.57
   25.34
   25.20
   51.17
   62.04
   53.18
   44.46
   42.45
   59.78
   55.64
   92.17
   70.40
   64.17
   82.37
   86.14
   46.16
   75.92
   85.23
   81.13
   65.24
   61.87
   58.25
   36.95
   36.27
   69.80
   76.80
   50.66
   56.35
   52.30
   42.36
   24.07
   58.56
   55.84
   47.35
   64.42
   46.24
   50.04
   41.29
   55.81
   55.90
   54.99
   57.17
   56.95
   32.79
   26.67
   67.90
   71.95
   64.59
   86.00
   45.76
   56.27
   39.30
   57.82
   65.70
   65.55
   63.20
   64.76
   43.78
   40.10
   83.53
   64.70
   67.48
   70.51
   63.80
   32.88
   43.52
   68.58
   83.05
   80.62
   84.89
   69.18
   43.72
   43.07
   42.65
   67.34
   80.25
   77.11
   72.75
   77.02
   73.28
   80.73
   84.33
   81.61
   81.98
   76.60
   81.24
   80.36
   80.67
   82.86
   78.58
   76.34
   72.92
   79.17
   76.80
   80.59
   76.43
   77.28
   78.35
   76.46
   74.02
   69.06
   67.28
   76.34
   77.31
   78.83
   76.37
   81.16
   79.23
   81.24
   79.26
   81.24
   85.80
   80.65
   78.66
   68.78
   84.47
   81.50
   84.04
   70.34
   75.69
   58.47
   57.96
   87.67
   91.49
   81.10
   82.66
   72.04
   74.05
   65.58
   81.95
   86.17
   83.03
   72.63
   67.88
   76.63
   65.95
   78.52
   80.08
   81.69
   76.91
   75.15
   74.36
   61.93
   77.28
   79.66
   73.20
   77.22
   80.70
   79.94
   74.53
   77.02
   75.78
   74.16
   72.52
   53.69
   77.02
   78.32
   96.70
  141.75
  137.25
  135.41
  141.90
  139.01
  138.38
  143.59
  143.93
  145.41
  146.45
  129.35
  140.76
  136.77
  139.83
  145.75
  145.18
  132.98
  170.84
  193.06
  190.49
  185.22
  180.46
  205.10
  203.97
  209.12
  217.81
  210.51
  214.39
  215.12
  214.42
  213.45
  212.55
  213.71
  198.42
  204.48
  204.45
  210.96
  215.15
  214.81
  180.75
  154.07
  137.73
  129.78
  124.51
  165.00
  155.86
  130.54
  126.32
  135.33
  140.22
  138.55
  147.13
   98.88
   86.03
   88.04
   77.96
   93.16
  105.88
  122.67
  113.38
   78.52
   51.48
   69.86
   70.82
   77.47
   76.88
   73.14
   74.84
   72.72
   71.90
   79.17
   72.58
   73.77
   58.67
   50.12
   36.42
   56.44
   53.66
   52.13
   81.44
   34.46
   46.41
   26.02
   30.41
   25.03
   60.82
   92.60
   91.72
   12.06
   13.37
   54.91
   41.68
   18.60
   18.18
   57.62
   58.08
   52.07
   73.60
   74.42
   70.91
   87.16
   93.42
   72.26
   55.33
   74.87
   73.96
   37.04
   62.18
   58.22
    4.76
   13.37
   14.58
   13.56
    9.83
    9.34
    8.27
    6.99
    8.47
   69.01
   67.82
   73.68
   64.70
   70.14
   70.40
   61.87
   27.21
   13.56
   22.31
   26.79
   44.12
   30.98
    4.05
    5.27
    4.79
    4.79
    4.62
   27.01
   27.52
    8.58
    4.90
   13.20
   11.02
   10.00
    8.38
    8.55
    8.69
   11.27
    4.50
   17.50
   13.48
   21.89
    8.95
   13.00
   13.76
    9.12
   26.76
   26.93
   26.96
   35.37
    4.73
   22.29
   29.14
   18.86
   30.38
   41.26
   33.58
   39.36
   46.44
   33.13
   30.19
   34.12
   40.52
   29.90
   30.50
   50.06
   52.73
   57.23
   48.85
   45.79
   41.46
   35.88
   30.81
   58.19
   57.60
   73.91
   70.28
   43.44
   21.46
   54.14
   74.33
   50.60
   60.34
   71.10
   27.58
   25.34
   62.52
   58.47
   58.36
   57.06
   39.02
   54.26
   55.98
   78.35
   68.75
   65.72
   56.58
   50.63
   22.40
   28.94
   35.31
   38.88
   26.93
   42.48
   45.82
   46.01
   29.34
   41.00
   55.67
   44.26
   30.41
   31.77
   45.02
   41.51
   76.63
   75.41
   62.61
   58.62
   56.75
   54.06
   49.44
   67.59
   48.93
   70.03
   49.24
   45.59
   32.37
   44.03
   79.12
   74.70
   70.20
   82.74
   94.44
   45.36
   43.27
   57.06
   73.48
   67.34
   81.61
   70.08
   67.22
   70.88
   75.97
   72.29
   79.29
   67.11
   73.45
   42.93
   43.52
   79.12
   78.55
  100.84
   95.54
   89.37
   95.97
   81.98
   82.77
  120.60
  102.90
  102.37
  103.58
  100.58
   98.54
  106.84
   92.60
  106.50
   81.35
  100.69
   26.62
   64.79
   44.88
   95.43
   81.18
   69.04
   64.79
   49.70
   39.50
   98.00
  100.81
   70.08
   73.71
   73.20
   45.59
   46.69
   75.44
   75.24
  104.57
   70.11
   77.73
   73.45
   42.79
  111.46
   68.33
   50.83
   85.94
   79.20
   38.85
   53.04
   68.81
   57.85
   67.90
   72.18
   84.70
   43.01
   45.14
   60.20
   60.20
   86.45
   83.82
   78.07
   29.51
   47.49
   89.25
   78.47
   81.27
   75.15
   71.75
   15.52
   23.67
   46.92
   46.72
   44.32
   65.33
   75.12
   54.23
   58.81
   75.41
   99.28
   27.98
   61.73
   28.37
   23.39
   16.59
   34.07
   68.61
   37.10
   57.54
   42.70
   23.02
   33.27
   23.73
   24.66
   52.67
   36.90
   62.58
   46.95
   23.28
   46.81
   43.04
   31.55
   16.17
   14.10
   16.08
   66.09
   67.17
   77.22
   66.88
   67.00
   45.79
   22.48
   15.15
   73.40
   71.02
   34.43
   50.26
   87.98
   89.59
   69.40
  101.46
   95.77
   66.49
   61.31
   60.31
   34.52
   36.33
   52.50
   44.23
   92.91
  107.24
   83.59
   88.77
   55.36
   54.23
   26.19
   85.55
   95.68
   81.55
   47.06
   20.59
   72.26
   67.08
  100.10
   98.51
   74.53
   44.15
   65.81
  103.58
  102.31
   57.09
  104.29
  109.76
   77.59
   81.75
  100.86
  101.52
  140.82
  103.44
   62.18
   56.32
   44.49
   59.61
   51.31
   48.73
   22.12
   29.00
    9.68
   20.11
   36.61
  105.45
   88.49
  107.49
   82.06
   32.79
    3.88
   51.82
   53.60
   82.37
   54.31
   41.74
   35.11
   59.04
   66.37
   74.13
   73.85
   70.74
   66.74
   73.28
   75.49
   88.94
   83.31
   94.07
   97.01
   56.55
   64.39
   71.13
   82.23
   87.24
   91.10
   83.82
   42.14
   69.83
   64.34
   77.02
  118.08
   81.35
  109.30
   56.69
   67.88
   80.93
   93.53
   48.08
   62.89
   73.60
   56.10
   20.47
   23.87
   11.67
   16.40
    8.24
    8.47
    8.38
    0.00
    9.06
    0.00
    0.00
  158.35
  142.66
  180.58
  182.08
  172.76
  166.81
  126.69
   72.89
  119.55
  168.20
  201.56
  220.87
   91.15
   68.07
   84.21
  168.71
   97.33
   55.47
  105.71
  177.97
  173.50
  174.40
  171.37
  175.54
  187.66
  176.95
  121.93
   90.50
   83.56
   88.52
   75.15
   53.04
   34.26
   49.30
   64.28
   62.78
   43.13
   41.29
   22.99
   17.41
   13.45
   13.48
   18.72
   50.72
   38.71
   10.34
   20.93
   17.50
   43.49
   16.88
   29.19
   29.59
   25.66
   26.99
   19.43
   44.71
   29.14
   30.61
   26.05
   26.14
   32.34
   24.69
   47.15
   47.57
   24.61
   49.81
   24.69
   25.88
   33.78
   24.83
   72.63
   69.63
   89.45
   69.29
   55.53
  112.47
  101.91
   59.47
   67.51
   58.70
   86.45
   84.92
   83.59
   55.19
   66.88
   95.91
   64.90
   68.75
   98.57
   79.43
  142.63
  128.30
  183.75
  120.15
   77.25
   64.70
   93.87
   99.19
   89.14
   87.33
   82.91
   88.94
   69.72
  100.02
   54.74
   69.89
   90.78
   75.18
   60.00
   58.47
   60.80
   54.31
   54.48
   59.04
   57.62
   76.63
   79.83
   72.58
   60.09
   58.50
  129.86
  122.19
   51.73
   55.61
   91.55
   87.73
   82.91
  104.74
   91.24
  103.30
   73.31
   79.29
   68.50
   69.35
   78.72
   77.62
   91.66
   86.65
   83.36
   68.84
   77.14
   93.11
  109.53
   98.26
   78.86
   94.52
   96.19
   92.11
  106.56
   94.66
   98.20
   96.39
  101.01
   97.38
   98.74
   92.26
   98.91
   60.85
   83.90
   76.94
   71.81
   80.39
   79.51
   78.95
   80.31
   73.00
   94.41
  106.44
   80.25
  107.26
  101.66
   77.28
   68.56
   80.90
   73.11
   79.26
   79.26
   76.34
   77.02
   78.75
  100.47
   74.42
   31.15
   69.46
   75.32
   57.57
   73.85
   82.74
  111.91
  105.11
  116.07
  109.44
  136.49
  111.94
  103.44
  127.51
  118.76
  112.25
  100.41
  112.45
   95.17
  123.89
  118.68
  118.28
  106.22
  116.18
  103.95
  117.03
  107.35
  132.66
  136.40
  128.84
  104.57
   93.39
  116.98
  110.29
  130.97
  106.47
   98.37
  107.26
   93.02
   71.73
   74.28
   82.71
   78.72
   87.98
   84.55
   80.50
   78.10
   83.73
   80.65
   77.08
   82.66
   86.22
   81.81
   97.83
   57.68
   69.89
   95.80
   81.47
   81.52
   81.98
   84.89
   78.72
   77.64
   76.03
   85.04
   76.12
   84.87
   75.32
   83.53
   77.67
   70.23
   88.72
   81.21
  111.60
  110.69
  124.62
  129.32
  125.73
  140.59
  117.40
   79.74
   61.11
   93.02
  125.59
  126.29
  155.69
  108.60
   78.21
   81.58
   71.44
   93.53
   74.25
   80.25
   75.83
   60.71
   41.63
   33.61
   73.31
   93.98
   78.44
  114.91
   25.49
   50.06
   61.87
   69.04
   75.75
   77.25
   59.27
   68.13
   57.60
  110.97
   97.64
   55.90
   81.18
   85.15
   82.69
   73.11
   80.59
   73.99
   89.06
   75.89
   82.46
   71.50
   89.14
   83.99
   72.18
   82.06
   76.97
   83.25
   72.55
   73.03
   97.64
   98.97
  105.06
   83.22
   73.40
   81.98
   65.89
   69.29
   78.30
   58.53
    0.00
    0.00
  109.08
  153.28
  166.42
  232.76
  191.37
  189.64
  187.46
  188.02
  162.54
  136.26
   74.90
  112.16
  158.83
  128.39
   86.25
   80.48
   77.53
   76.54
   95.29
   78.75
   71.36
   63.03
   64.08
   86.37
   94.69
   91.32
   77.96
   75.63
   66.03
   72.18
   99.93
   77.08
   72.01
   69.04
   77.93
   55.53
   65.58
   63.46
   68.30
   55.76
   51.20
   70.45
   56.92
   38.82
   26.90
   38.60
   27.55
   24.92
   18.43
   38.57
   30.53
   34.83
   42.02
   29.53
   34.52
   31.12
   17.05
   19.20
   51.82
   29.87
   23.22
   73.40
   50.46
    4.64
    4.16
    4.45
    4.90
    3.94
    4.73
    5.01
    4.47
    4.42
   23.11
   22.03
   19.09
   17.70
    0.00
    0.00
    0.00
    0.00
   20.08
   22.71
   27.98
    4.28
    4.67
    4.33
   10.05
   11.19
   34.01
    4.50
   18.72
   14.61
    8.83
   25.43
   20.76
   25.66
   29.73
   37.12
   30.16
   27.38
    7.02
    4.11
    3.77
   21.61
   12.86
   26.76
   30.61
   31.23
   39.33
   38.17
   39.08
   55.19
   25.20
    4.47
    4.39
   22.94
   30.87
   21.46
   45.68
    2.72
   16.37
   41.54
   44.51
   25.34
   46.41
   51.76
   15.32
   46.58
   60.97
   43.04
   51.40
   41.71
   31.15
   29.53
   24.78
   34.80
   43.41
   39.30
   36.10
   48.03
   47.12
   59.10
   63.54
   63.23
   64.76
   50.89
   51.45
   16.76
   34.80
   59.83
   53.32
   48.65
   52.78
   47.63
   24.47
   16.28
   49.44
   51.96
   36.36
   37.15
   44.83
   29.51
   35.74
   58.33
   71.75
   80.48
   77.79
   74.47
   30.36
   38.09
   85.18
   73.20
   70.37
   67.65
   65.58
   54.82
   54.06
   72.41
   72.89
   72.35
   76.40
   72.80
   68.89
   66.91
   70.88
   72.04
   80.99
   68.61
   81.27
   47.80
   50.01
   68.30
   76.51
   67.90
   76.97
   68.16
   50.49
   47.43
   42.93
   73.31
   80.31
   75.44
   75.83
   71.73
   71.98
   74.56
   68.53
   63.32
   79.20
   75.38
   70.65
   77.56
   69.09
   76.60
   73.91
   77.19
   69.09
   65.98
   81.55
   81.86
   72.66
   68.75
   80.67
   69.94
   74.22
   73.40
   73.91
   82.29
   48.65
   45.65
   75.61
   75.46
   79.60
   57.99
   33.07
   35.48
   32.31
   36.05
   34.74
   68.75
   63.32
   71.16
   70.99
   77.87
   53.66
   68.95
   67.85
   87.90
   62.55
   57.48
   92.85
   91.77
   83.90
   83.70
  104.01
   99.99
  113.98
  114.20
  115.53
  101.32
   93.79
   81.10
   44.80
   58.84
   76.85
   76.74
   60.57
   89.00
   64.56
   87.41
   73.82
   59.58
   73.00
   74.78
   72.66
   77.98
   70.51
   75.38
   70.06
   77.08
   75.04
   73.00
  110.58
  145.18
  147.19
  126.32
  134.84
  130.14
  135.38
  132.13
  133.37
  134.90
  140.68
  115.59
   71.16
   79.34
   95.94
   77.28
   60.88
   63.97
   94.44
   76.77
   74.28
   71.44
   97.35
   65.10
   75.01
   73.48
   64.65
   67.76
   76.82
   86.42
   73.85
   72.07
   78.95
   67.37
   80.39
   93.25
   79.15
   85.86
   62.18
   69.43
   77.05
   75.49
   72.72
   80.45
   64.14
   71.30
   72.21
   65.04
   73.06
   73.77
   73.60
   93.56
   88.38
   98.51
   58.36
   61.22
   64.79
   80.99
   84.04
   72.18
   61.96
   36.39
  163.73
  259.98
  258.96
  251.74
  229.06
  197.99
  202.38
  200.23
  218.66
  192.61
  198.50
  199.66
  165.09
  142.89
  140.25
  139.21
  133.40
  120.54
  118.31
   94.10
   73.82
   66.63
   69.21
   73.45
   87.50
   87.16
   70.65
   65.72
   75.83
   69.49
   57.60
   70.59
   87.58
   90.05
   63.71
   62.27
   50.38
   35.68
   44.77
   29.17
   61.79
   55.70
   69.29
   79.37
   68.39
   68.44
   68.02
   78.30
   70.17
   65.86
   45.87
   23.13
   29.31
   20.81
   31.40
   19.40
   23.05
   37.01
   43.86
   37.21
   50.49
   36.70
   22.17
   28.26
   39.56
   34.52
   27.16
   33.87
   30.41
   30.33
   25.26
   60.68
   37.52
   40.12
   49.27
   41.57
   50.40
   21.46
   26.19
   39.16
   46.01
   52.81
   48.70
   46.10
   24.41
   33.16
   29.34
   31.01
   25.37
   26.36
   29.65
   39.11
   35.28
   29.99
   24.44
   17.50
   20.98
   18.72
   25.77
   34.32
   42.22
   34.32
   31.66
   28.91
   43.04
   20.98
   25.32
   37.27
   37.80
   42.39
   44.26
   51.76
   53.49
   45.84
   36.02
   78.18
   73.48
   86.96
   82.54
   62.84
   57.00
   90.19
   72.35
   79.12
   85.43
   82.91
   62.92
   78.35
   76.60
   76.40
   89.62
   82.71
   69.80
   63.71
   77.31
   76.23
   70.08
   72.46
   80.14
   64.51
   62.38
   59.61
   80.45
  106.22
   80.48
   77.02
   94.89
   80.67
   84.70
   69.80
   93.28
   99.25
  103.92
   71.70
   74.11
  102.65
   65.92
   45.34
   33.73
   59.49
   49.38
   34.12
   71.30
   24.55
   49.70
   53.49
   44.12
   17.16
   18.63
   97.35
   98.46
   81.27
   98.03
   84.13
   41.20
   49.13
   90.25
   75.92
   87.16
   70.68
   80.87
   41.00
   51.06
   79.40
   69.29
   49.38
   64.73
   77.25
   22.54
   23.30
   77.67
   62.01
   92.20
   59.18
   64.42
   76.40
   72.80
   73.96
   93.02
   79.20
   81.35
   91.21
   73.74
   74.16
   99.53
   63.09
   82.69
   87.95
   67.51
   58.11
   77.81
   90.27
   70.74
   81.16
   87.50
   85.49
   88.41
   79.15
   72.26
   75.66
   73.17
   87.53
   94.66
   90.47
   74.42
   91.29
   84.64
   93.73
   50.15
   68.02
   74.36
   73.94
   90.81
   89.62
   74.42
   66.20
   66.63
   75.58
   59.92
   85.40
   68.81
   76.46
   55.30
   66.46
   76.23
   74.70
   69.23
   61.33
   65.67
   67.00
   66.06
   71.22
   79.77
   80.53
   69.29
   81.38
   68.19
   85.35
   70.99
   75.89
   81.72
   93.16
   87.56
  112.56
   65.02
   66.57
   69.97
   90.90
   80.56
  109.61
   97.04
  108.71
   72.46
   70.06
   89.57
   73.00
   28.68
   45.14
   69.12
   91.92
   75.55
  110.95
   74.98
   68.47
   96.76
   93.79
   71.25
   74.02
  111.00
  107.29
   76.40
   95.14
   96.99
   85.83
   83.59
  105.54
   84.53
   67.65
   98.26
   60.03
   66.40
   66.12
   85.43
  102.76
   97.18
   68.13
   76.06
   82.26
   52.61
   99.82
   71.78
  118.73
   78.24
  105.71
   61.08
   65.55
   99.87
   95.31
  130.09
  146.48
  131.11
   81.10
  101.15
  153.31
  138.24
  153.51
  159.85
  161.49
  113.78
  128.95
  128.36
  130.68
  125.02
  139.91
  132.32
  103.02
   87.39
   72.97
   87.41
   84.07
  116.72
   93.87
   78.69
   93.59
   85.89
  109.90
   76.97
   76.12
   69.06
  123.74
   99.87
   97.83
   88.38
   76.51
   65.72
   93.67
   66.80
   63.01
   66.66
   73.57
   72.58
   84.61
   63.77
   92.06
   67.03
   76.63
  102.05
   90.95
   75.69
   56.10
   68.16
   81.01
   65.75
   71.22
   85.35
   93.05
   70.37
   67.11
   73.85
   70.23
   83.59
   70.54
   79.23
   78.61
   70.08
   66.57
   74.76
   74.25
   95.09
   70.54
   87.13
   57.09
   58.98
   70.85
   65.81
   56.78
   52.19
   62.07
   49.10
   88.75
   76.23
   63.49
   74.05
   87.13
  117.88
  143.82
  151.47
  183.69
  177.83
  178.20
  172.48
  138.98
   81.78
   93.08
  105.20
   76.68
   50.46
   53.66
   95.03
   68.05
   67.65
   75.12
   59.61
   71.44
   72.66
   71.02
   48.20
   56.72
   59.27
   59.15
   39.87
   40.92
   53.63
   47.97
   52.98
   58.76
   44.09
   47.12
   72.32
   64.59
    8.50
   28.46
   42.90
   63.91
   31.77
   35.45
   32.25
   17.84
   24.24
   14.47
   25.51
   21.72
   22.46
   58.70
   14.84
   19.62
   43.52
   67.25
   48.45
   59.69
   50.43
   24.01
   89.06
  103.36
   63.74
   89.74
   79.29
   64.39
   71.47
   63.80
   80.00
   70.96
   70.03
   71.13
   71.95
   75.49
   78.15
   84.89
   92.57
   49.81
   35.37
   46.38
   47.09
   46.84
   42.62
   41.57
   42.42
   67.56
   54.34
   47.63
   47.60
   83.68
   64.36
   74.64
   64.93
   61.08
   52.50
   58.30
   63.83
   64.59
   67.93
   68.16
   66.06
   53.21
   64.73
   58.39
   71.33
   67.90
   59.64
   70.31
   68.36
   68.36
   71.42
   78.32
   68.81
   68.98
   64.11
   75.97
   71.05
   64.42
   72.09
   71.95
   67.65
   53.97
   69.74
   77.93
   62.86
   65.13
   61.19
   70.51
   70.31
   70.31
   74.95
   70.96
   63.94
   79.40
   64.48
   64.68
   66.83
   70.48
   67.93
   58.87
   68.78
   63.49
   72.26
   72.26
   73.14
   71.10
   61.19
   85.29
   67.45
   66.91
   76.20
   80.17
   69.89
   22.74
   26.22
   83.14
   58.84
   66.69
   73.82
   74.39
   74.98
   66.49
   66.57
   73.60
   73.06
   76.68
   73.28
   78.07
   72.09
   61.76
   71.92
   65.92
   70.93
   71.53
   72.41
   84.92
   91.58
   80.25
   69.66
   72.04
   78.32
   94.58
   71.78
   66.23
   71.25
   77.16
   83.22
   87.22
   51.65
   61.33
   60.63
   83.59
   65.38
   52.19
   62.07
   69.69
   63.80
   59.18
   64.90
   70.88
   58.84
   71.58
   65.33
   42.53
   32.65
   58.90
   73.17
   62.04
   92.11
   60.63
   81.07
   82.43
   78.78
   63.68
   53.24
   89.48
   72.55
   84.04
   78.78
   83.25
   80.08
   91.38
   84.21
   80.25
   68.92
   90.64
   81.81
   80.90
   71.67
   92.09
   83.42
  108.96
   69.29
   70.28
   72.89
   69.01
   54.88
   47.18
   40.86
   44.43
   37.41
   85.15
   72.80
   75.58
   73.60
   70.88
   83.11
   74.70
   69.74
   68.02
   98.17
  100.75
  107.55
   77.08
   75.44
   75.49
   76.29
   76.80
  102.14
   62.44
   73.20
   93.13
   75.24
   74.81
   98.94
   75.29
   63.88
   80.67
   70.45
   81.55
   66.83
   87.84
   94.01
   66.69
   85.57
   71.50
   72.12
   80.28
   72.69
   79.57
   87.05
   67.25
   94.80
   58.08
   26.25
   63.77
   50.97
   75.10
   90.50
   46.92
   63.20
   27.30
   54.65
   34.72
   30.02
   51.65
   38.09
   57.60
   28.26
   94.30
  108.60
   84.50
   29.25
   21.41
   20.39
   21.86
   66.18
   76.51
   89.11
   62.92
   51.28
   96.76
   84.19
   75.32
   63.51
   84.44
   75.52
   82.43
   71.25
   63.71
   75.24
   89.37
   77.39
   69.66
   74.02
   67.88
   72.63
   72.52
   78.30
   82.15
  131.50
  178.08
  204.50
  200.94
  173.13
   61.96
   72.01
  132.07
  177.26
  161.94
  161.49
  184.97
  139.23
   83.56
   79.37
   59.32
   81.75
   55.90
   70.71
   92.57
   97.75
   65.50
   75.41
   77.36
   75.66
   73.48
   75.32
   64.59
   74.39
   65.04
   87.27
   78.13
   79.09
   79.34
   64.25
   65.04
   84.92
   42.98
   61.11
   86.90
   87.39
   72.80
   86.90
   69.60
   72.80
   50.97
   67.28
   73.71
   37.92
   22.17
   10.53
   29.73
   53.63
   46.50
   48.54
   21.75
   21.35
   22.94
   18.01
    9.66
   10.76
   12.23
    4.90
    7.96
    2.94
    2.63
    3.34
   14.07
   20.76
   14.61
   21.86
   17.78
   14.41
    0.00
   36.44
   40.75
   38.43
   39.42
   37.89
   19.20
    0.00
    0.00
   61.08
   66.09
   49.87
   63.94
   83.25
   73.77
   66.74
   69.38
   66.66
   73.20
   67.65
   62.84
   81.86
   70.71
   58.84
   69.57
   65.61
   69.80
   30.04
   45.51
   46.61
   13.85
   52.50
   19.23
   42.28
   57.26
   56.92
   57.40
   79.88
   67.45
   74.70
   63.88
   44.74
   52.36
   53.35
   58.50
   53.26
   57.96
   49.92
   21.80
   28.43
   50.12
   38.74
   49.16
   34.15
   37.15
   57.65
   62.86
   40.12
   47.69
   63.91
   68.70
  107.58
  108.57
  109.27
  103.02
  101.57
   54.99
   68.53
   67.28
   62.69
    7.62
   76.34
   72.63
   80.36
   69.21
   61.93
   55.70
   66.06
   75.97
   77.90
   67.56
   62.24
   47.18
   46.81
   54.17
   50.80
   74.02
   72.24
   44.88
   45.68
   24.55
   24.41
   53.75
   48.65
   53.12
   56.52
   58.39
   34.26
   30.19
   74.36
   61.16
   55.19
   56.07
   51.82
   28.18
   34.60
   68.92
   65.50
   56.66
   59.86
   69.97
   56.78
   50.15
   69.89
   72.01
   70.82
   71.02
   69.97
   71.61
   69.89
   76.68
   68.58
   74.30
   64.51
   65.10
   64.39
   66.97
   64.39
   69.52
   65.07
   62.75
   68.53
   68.13
   63.46
   64.48
   67.73
   67.45
   62.98
   64.70
   59.86
   68.39
   69.29
   79.80
   68.44
   64.48
   67.05
   64.70
   60.48
   61.93
   70.59
   47.20
   65.81
   64.85
   54.40
   82.63
   63.63
   66.20
   71.95
   67.11
   44.12
   57.88
   80.19
   53.83
   63.37
   51.59
   70.91
   55.08
   77.39
   76.09
   61.96
   43.69
   42.76
   61.87
   64.68
   66.60
   75.58
   66.91
   68.70
   60.06
   61.11
   49.10
   66.97
   55.36
   56.07
   62.95
   57.71
   52.95
   58.59
   53.83
   51.90
   55.64
   62.75
   60.12
   49.16
   50.77
   34.52
   37.21
   58.90
   62.47
   55.05
   67.68
   40.66
   31.52
   38.91
   60.34
   57.62
   55.44
   54.37
   52.47
   39.53
   37.97
   41.00
   26.50
   41.06
   39.93
   44.34
   26.19
   17.02
   27.89
   40.01
   38.09
   39.13
   43.89
   23.19
   25.51
   59.38
   58.93
   55.95
   41.29
   39.50
   32.31
   33.70
   31.57
   22.00
   31.32
   33.84
   40.15
   34.12
   34.04
   27.50
   22.77
   47.01
   35.76
   28.20
   36.13
   33.05
   49.64
   74.87
   80.11
   84.58
   61.70
   48.73
   48.62
   88.24
   66.20
   74.44
   74.84
   96.67
   90.25
   84.95
   78.41
  111.00
  104.94
  110.12
   58.36
   70.96
   40.18
   45.42
   57.96
   46.24
   58.96
   29.87
   68.13
   72.77
   71.78
   65.89
   77.62
   96.93
   83.76
   64.31
   70.31
   86.90
   76.63
  105.40
  102.88
   79.40
   61.67
   91.44
   89.45
  110.86
   95.85
  111.85
   50.40
  131.14
  116.50
   70.40
   94.41
  119.33
   90.19
   96.99
   72.38
  117.85
   81.38
   74.19
   97.64
   72.43
   84.13
  102.85
   93.45
   95.03
   34.69
   56.92
   55.08
   41.43
    0.00
   13.51
   57.57
   49.95
   12.77
   34.74
   28.15
   21.55
   32.54
   65.33
   70.54
   87.39
   81.95
   77.11
   94.83
   89.45
   93.25
  127.00
   86.34
   82.46
  122.87
   70.40
   80.59
   60.37
   61.70
   64.79
   44.20
   30.47
   45.70
   38.20
   37.83
   36.59
   48.82
   39.47
   54.82
    7.70
    3.71
    3.96
   22.82
   30.84
   28.29
   24.41
   25.63
   42.70
   50.74
   15.23
   23.02
   24.35
   33.24
   34.07
   36.90
   35.06
   19.11
   23.47
   30.81
   25.40
   14.24
    0.00
    2.83
   21.55
   20.78
   27.81
   28.09
   43.15
    0.00
   80.05
   28.20
   48.56
   43.01
   34.80
    0.00
    8.83
   77.79
   32.00
   32.34
    0.00
   23.62
   15.91
   30.24
   49.07
   12.83
   38.96
    0.00
    0.00
    0.00
   40.04
   61.36
   29.14
   34.66
   33.64
   46.33
    2.78
   30.61
   24.78
   26.28
   26.19
   26.33
   19.11
   33.53
   46.30
   37.32
   84.98
   45.02
   44.32
   47.15
   40.75
   51.34
   44.97
   95.82
   48.68
   58.50
   59.86
   25.60
   44.68
   73.54
   30.81
   39.90
   32.82
   34.12
   20.98
   36.36
   59.18
   95.68
   99.96
   71.92
   54.42
   54.26
   61.56
   76.71
   54.91
   63.29
   48.68
   41.06
   81.84
   73.26
   92.71
   73.26
   76.03
   67.20
   82.35
   79.63
   55.78
   95.97
   99.82
   94.21
  100.27
  111.77
   92.96
   88.43
  121.79
   93.73
  116.10
  108.17
   99.45
   96.25
  106.05
  103.50
  107.72
  117.46
  124.28
   95.12
   67.62
   80.76
   91.21
   96.73
   85.66
  101.29
   90.84
   77.02
   92.43
   92.79
   75.29
   98.54
   96.33
   69.86
   46.41
   86.31
  116.30
   97.07
  119.30
   79.91
  103.58
   88.97
   79.43
   92.77
   86.62
  113.15
   79.23
   79.80
   91.80
   54.06
   96.08
   91.07
   95.63
   91.46
   94.49
   75.83
   81.47
   61.87
   92.99
  125.36
   74.90
   76.46
   55.05
   95.34
   80.45
   64.19
   98.34
   90.67
  108.77
   80.17
   56.29
  102.88
   46.21
   44.46
   74.90
   94.30
   49.89
   61.53
  113.13
   65.21
   92.43
   38.60
   53.01
   56.44
   52.73
   86.39
  100.04
   75.44
  112.11
   76.74
   41.03
   50.04
   78.95
   93.87
   86.51
   87.47
   77.93
   55.44
   39.81
   88.75
   92.09
   79.09
   95.34
   81.07
   92.79
   48.11
   86.08
   82.29
   86.54
   88.94
   99.99
   98.83
  111.77
   95.77
   63.51
  101.46
   75.15
   97.52
   62.95
   56.38
   98.12
  101.26
   78.21
   73.28
   67.56
   72.49
   25.32
   83.22
   89.99
   57.94
   56.01
   58.53
   40.78
   37.52
   58.93
   50.46
   76.65
   12.20
   63.77
   38.68
    7.67
   57.60
   61.93
   84.44
   96.25
   86.85
   63.51
   84.61
   87.41
   64.05
   69.29
   66.09
   77.67
   80.93
   83.82
   57.17
   50.74
   92.06
   57.91
   56.80
   56.04
   72.55
   61.96
   87.44
   72.89
   77.93
   62.33
   21.69
   12.18
   53.18
   57.48
   35.34
   15.38
   14.07
   49.92
    8.04
   59.98
   74.53
   77.81
   66.18
   26.70
   23.53
   22.20
   28.91
   50.55
   40.04
   62.33
   54.48
   33.95
   18.43
   74.56
   88.15
  107.80
   83.70
   65.58
   56.07
   38.94
   60.74
   88.89
   82.01
   67.73
   61.39
   48.39
   75.46
   44.03
   43.61
   41.85
   74.47
   63.60
   47.15
   23.47
   31.09
   58.87
    5.69
   23.13
   41.60
   49.81
   16.06
   62.89
   23.05
   27.98
    0.00
   25.20
    0.00
    0.00
   46.92
   45.17
    4.47
    0.00
    8.47
   12.12
   18.24
   32.11
   44.20
   22.40
   17.33
   43.30
    6.99
    4.70
   38.45
   56.58
   27.86
   35.76
   35.00
   19.03
   21.63
    0.03
   30.58
   40.24
   27.55
   39.62
    0.00
    0.00
   28.01
    0.00
   29.79
   46.61
   24.78
   35.31
   21.49
   61.73
   41.51
   33.70
   37.55
   38.37
   27.78
   29.14
   39.84
   33.30
   19.34
   30.38
   33.67
   21.66
   23.08
   52.10
   65.19
   73.65
   41.43
    4.67
   55.36
   22.80
   29.36
   32.71
   36.36
   42.56
   39.22
   19.14
    9.03
   27.69
   21.69
    6.82
    9.37
   18.07
    8.04
    0.00
   54.09
   36.73
   53.69
   29.90
   33.16
   35.51
   30.30
   29.48
   46.04
   43.95
   46.01
   35.14
   35.57
   25.77
   30.47
   28.43
   33.98
   51.48
   29.51
   29.48
    0.06
   15.46
    0.00
   41.82
   68.61
   46.38
    7.33
    0.06
   56.46
   61.87
   19.51
   11.27
   91.44
   41.63
   41.82
   75.15
   23.25
   35.45
   42.98
   71.90
   14.67
   14.41
   24.52
   54.99
   57.09
   39.11
    8.66
   33.27
   50.21
   69.09
   63.88
   38.11
   44.60
   42.73
   40.18
   35.76
   77.08
   60.88
   61.93
   50.94
   23.98
   47.37
   33.70
   51.06
   45.25
   60.54
   57.48
   55.64
   59.32
   52.87
   55.50
   60.48
   62.33
   46.16
   70.23
   19.43
   40.58
   63.40
   72.18
   34.21
   30.27
   29.25
   39.50
   38.99
   44.26
   49.04
   61.33
   87.58
   89.51
   58.84
   41.68
  102.96
   88.72
   88.91
   94.35
   99.14
   91.86
   81.92
  104.55
  100.78
   91.44
   90.16
   96.53
   94.72
   50.89
   97.04
   97.95
   88.15
   98.54
  107.77
   96.02
   41.54
   73.65
   81.98
   96.14
   78.44
   79.37
   88.01
   80.28
  121.62
  106.56
   96.45
   95.40
  102.34
   86.34
   96.33
   54.65
   36.13
   91.92
   47.54
   32.22
   71.42
   58.39
   88.07
   94.21
   98.91
   85.89
   44.20
   79.00
  100.78
   84.02
   89.65
  102.82
   73.88
   54.14
   46.16
   66.63
   54.96
   23.84
   20.30
   53.92
   58.45
   28.60
   42.42
  114.15
  104.06
   82.12
  110.89
   38.77
   31.46
   25.03
  111.96
   50.91
   62.92
   56.46
   92.17
   18.55
   47.52
  128.36
   79.03
   87.10
   60.91
  103.41
   73.60
   89.00
   82.54
  106.67
  118.19
   99.65
  101.03
  111.77
   67.65
   98.91
   98.57
   96.28
  110.32
   84.89
   50.01
    5.72
  120.40
   92.31
   78.32
   42.87
   78.58
   32.71
   20.70
  104.18
  101.63
   99.99
  116.30
   69.57
   81.89
   40.01
  105.34
   88.55
   69.06
   36.84
  118.99
   37.15
   37.12
  121.68
   87.53
   82.86
   84.87
   81.61
   39.33
   42.39
   96.53
   88.35
   88.97
   88.94
   48.17
   44.91
   10.65
  103.72
   89.40
   87.44
   65.41
   39.50
    0.14
  100.84
   47.01
  120.40
  117.37
  125.13
  105.17
   88.49
    0.00
   67.05
   99.05
   93.76
   94.04
   42.90
    0.00
    9.34
   24.75
  104.72
   66.91
   64.42
   57.68
   66.43
    0.09
   78.47
   70.76
   54.45
   32.85
   48.73
   49.24
   52.67
   34.18
   54.31
   67.22
   36.59
   59.89
  100.16
   52.64
   82.06
   70.03
   81.33
  117.88
   77.31
   50.69
   25.51
   70.31
   57.03
   33.64
   43.44
   72.55
   51.45
   37.94
   39.81
   64.08
   48.08
   52.33
   43.75
   75.69
   15.55
   61.79
   38.03
   37.80
   45.05
   51.23
    0.09
   69.52
   83.39
   75.38
   39.22
   79.88
   57.74
   58.45
   27.47
   31.94
   47.77
   42.82
   39.28
   51.48
   25.20
    0.00
    0.00
   43.83
   43.75
   35.08
   23.19
    7.53
    0.00
   19.74
    0.00
   30.16
   52.07
   53.32
   26.14
    3.51
   50.69
   25.99
   24.52
    0.00
    0.00
    0.00
    0.00
   11.16
    0.00
    0.00
    4.81
   14.27
    0.00
    0.00
    6.57
    5.13
    7.02
    7.93
    4.96
    4.50
   12.74
   24.01
   46.30
   45.53
   21.49
   20.53
    5.35
    0.00
   13.31
   24.27
   17.50
    9.97
   15.04
    0.00
    0.00
   23.59
    0.00
    0.00
    5.78
    7.93
    1.42
   18.24
   65.47
   24.83
   32.88
   40.29
   72.32
   48.93
   31.38
   34.55
   24.30
   32.56
   35.45
   30.98
   23.13
   25.60
   21.66
   39.81
   48.08
   30.78
   17.30
   29.00
   40.55
   25.12
    4.28
   27.84
   38.60
   32.31
   37.69
   13.88
   22.20
   21.61
    0.00
    0.00
    6.94
    8.01
    9.15
   12.63
    4.11
    6.12
   12.60
   18.21
   11.55
    4.67
    9.06
    9.71
    9.20
   13.68
   14.33
   14.19
    9.71
   18.26
   17.19
   20.73
   18.12
   14.87
   17.67
   17.10
   27.04
   65.19
   41.29
   34.60
   43.35
   38.94
   25.74
   72.21
   47.37
   19.43
   65.27
   57.94
   36.39
   43.41
   59.75
   59.21
   58.96
   53.60
   61.45
   46.07
   45.42
   43.18
   49.67
   63.12
   54.51
   77.28
   62.61
   37.83
   65.70
   43.24
   53.89
   23.22
   32.62
   13.71
   21.95
   53.35
   79.74
   85.49
   65.53
   48.03
   59.69
   64.28
   83.42
   69.55
   78.41
   47.66
   67.31
  106.78
   55.44
  112.47
   97.24
   43.47
   53.55
   82.18
   61.90
   29.39
   83.25
   69.18
   68.89
   56.01
   54.26
   94.07
   73.65
   93.33
   82.60
  112.11
   64.11
   57.09
   44.71
   69.09
   48.05
   94.27
  104.38
   85.66
   60.29
   74.39
   78.21
   80.84
   83.11
   33.33
   87.87
   43.66
   53.29
   68.36
   84.10
   81.86
   51.62
   63.51
   72.18
   54.37
   58.96
   69.43
   68.98
   58.02
   70.28
   57.74
   45.96
   26.05
   26.79
   89.59
   91.35
   67.88
   69.18
   45.96
   38.65
   81.69
   62.01
   77.64
   76.54
   58.76
   72.92
   70.45
   54.26
   78.69
  102.48
   99.48
   91.10
   39.93
   64.85
   45.99
   66.77
   39.22
   78.24
   81.30
   78.89
   69.52
   48.90
   75.63
   30.16
   94.78
   83.62
   81.64
   25.82
   73.43
   74.08
   74.33
   78.38
   80.56
   63.97
   34.77
   88.24
   63.15
   83.62
   69.23
   92.14
    0.00
    0.09
   79.49
   51.08
   99.17
    0.09
    5.21
    0.00
    4.62
   32.90
   14.67
    4.53
   31.23
   43.30
   51.65
   14.78
   27.47
   88.15
   83.51
   65.89
   55.93
   51.40
   94.63
  108.20
   74.02
   26.70
   34.35
   14.92
   50.83
   23.36
   81.27
   91.61
   67.54
   97.07
   64.48
   28.29
   26.70
   48.00
   62.16
   40.38
   24.83
   27.04
   19.06
   60.82
   56.12
   38.45
   82.69
   18.52
   71.58
   29.53
    0.00
   68.10
   27.35
    0.00
   17.84
   31.35
   41.46
    0.00
   37.21
   51.88
   39.50
   48.51
   51.17
    8.86
    0.00
    0.00
   34.89
   86.76
   67.79
   60.77
   72.58
   75.44
   68.10
  216.31
  230.70
  184.17
   72.72
   76.63
   64.76
   73.31
   51.48
   48.03
   96.08
   14.38
    0.09
    0.20
   62.44
   46.92
   88.86
   56.78
   51.28
   45.68
    0.00
   43.04
   32.11
    0.03
    0.00
    1.76
   34.72
   32.42
    0.00
    0.09
   68.56
   36.44
    4.50
   30.02
    0.00
   33.81
   24.01
    4.53
   31.63
   24.21
    8.92
    0.00
   50.18
   26.84
   47.18
   18.60
    0.00
    0.00
   20.16
   16.85
   48.28
   57.94
   30.33
   17.05
   34.12
    0.17
   22.09
   35.45
   48.45
   18.35
    8.61
    0.00
   24.58
   19.71
   23.79
   29.56
   13.51
    0.00
    4.36
   11.19
   40.92
   45.08
   28.40
   19.23
   31.52
   23.13
   23.73
   44.51
   27.13
   40.46
   46.35
   55.78
   82.74
   94.21
   39.47
   19.77
   18.86
   19.20
   24.66
    0.09
   13.56
   58.02
   21.52
   26.42
   10.85
    0.00
    0.14
   48.45
   20.87
   21.72
   46.52
   30.38
   27.81
   17.53
   32.51
    7.25
   32.88
    0.00
   22.94
   19.91
   18.63
    0.00
    0.00
   33.02
    7.28
   20.19
   42.22
   39.28
    0.06
   98.46
   24.21
   52.78
   37.27
   67.28
   38.34
   31.66
   89.88
   87.64
   76.03
   32.79
   31.80
   69.60
   17.02
   50.89
   21.55
  104.06
   65.78
   76.51
   32.25
   65.89
   47.49
   42.02
   41.97
   56.04
   78.69
   65.89
   23.13
   30.04
   44.40
   69.26
   62.69
   29.76
   36.90
   37.38
   52.75
   57.48
   74.47
   56.01
   33.64
   57.51
   48.68
   76.51
   53.86
   55.90
   62.95
   58.47
   54.88
   41.65
   51.54
   81.55
   78.01
   90.73
   86.14
   72.29
   51.42
  106.36
   59.52
   89.31
   57.85
   90.53
   73.26
   69.35
   81.33
   86.85
  100.30
   88.94
  122.33
  101.20
   68.24
  117.32
   82.49
   97.18
   83.19
   75.75
   77.96
   94.41
   94.04
  104.80
   82.63
   80.99
  100.33
   73.54
   64.14
   92.77
   87.73
   58.90
   90.47
   66.69
   72.46
   79.15
   78.44
   63.46
   96.16
   88.77
   82.09
   59.41
   29.39
   50.43
   97.78
   88.91
   68.56
   87.78
  118.11
   84.41
   88.63
  130.43
   87.92
   80.45
   86.11
   65.84
   68.89
  100.72
   81.27
   78.69
   96.48
   71.44
   77.84
   92.31
   88.89
   97.95
  128.28
   51.03
   76.26
   76.20
  128.36
   82.09
  134.42
   68.41
  103.72
   64.17
   73.11
   63.43
   83.85
   81.84
   60.77
  110.83
   80.70
   72.60
   40.21
  112.50
  123.06
   83.51
   92.60
   28.49
  118.31
   48.03
  123.06
   74.22
   81.01
  111.51
   97.72
   43.81
   74.90
  120.52
   90.93
   89.00
   96.65
   93.73
   86.42
   84.21
   93.50
  117.91
   83.59
   37.27
   60.31
   25.03
   12.63
   99.17
   64.87
   84.24
   93.36
   88.86
  109.47
   91.72
   94.95
   81.58
  110.61
  100.33
   86.96
   71.47
  101.91
   87.70
   98.29
  116.69
   77.53
   79.91
  114.43
   54.23
   89.65
  103.36
  120.26
   72.09
  138.58
   57.31
   73.62
   81.84
  105.54
  111.62
   99.11
  123.89
   80.93
  103.58
   92.94
   64.08
  124.08
   70.62
   66.71
   78.27
   69.32
   77.76
   72.80
   68.13
   70.00
   94.86
   74.25
   58.53
   79.43
   56.24
   68.02
  107.09
  103.19
   92.96
   87.50
  121.14
   84.75
   74.64
  123.04
   69.40
   61.62
   87.98
   96.31
  118.19
   60.17
   99.45
   82.74
   74.25
   48.45
   98.66
  115.84
  103.44
  114.71
   84.21
   65.13
   31.77
   98.34
   23.90
   31.01
   58.64
   16.23
   14.47
   24.47
   90.25
  120.32
   77.47
  118.65
   71.16
   60.94
   54.23
   95.00
   41.94
   56.89
   94.97
  105.31
   69.60
   68.07
  109.59
   87.44
  104.49
   80.76
  100.58
   42.90
   66.29
   88.43
   84.38
  108.06
   78.38
   94.66
  100.10
  109.93
   96.48
   80.48
  100.92
  103.33
   81.55
   80.90
   67.05
  122.30
   55.61
   90.90
   75.32
   87.47
   37.43
   30.27
   52.10
   82.46
   61.31
   92.54
   24.15
   19.14
   24.69
   50.55
   14.58
   37.29
   78.27
   75.75
   74.22
    0.00
  111.29
   24.64
   13.82
   24.13
    4.84
   17.36
    0.00
   23.53
   20.22
    2.83
    0.00
   34.18
   38.62
   20.36
   54.34
   25.34
   34.94
    0.09
   27.81
    5.07
    6.48
   49.13
   32.37
   23.98
   23.64
   13.37
   21.92
   27.75
   18.94
   60.23
   13.34
   26.99
   21.27
   20.50
   35.03
   36.22
    0.06
  209.40
  336.52
  185.62
   59.81
   89.40
  165.09
  163.78
  194.90
  186.69
  149.34
  104.40
   81.01
  126.18
   67.42
   72.52
   74.42
   73.28
  135.64
   76.03
  139.09
  132.35
  108.99
  110.55
  100.04
   76.46
   86.14
   96.82
  110.01
   62.35
   96.82
   64.36
   61.14
  140.08
   89.28
  107.86
   76.57
   95.40
   90.64
   81.07
   95.12
   96.53
   84.50
  101.91
   80.25
   73.74
  121.79
   94.63
   93.33
   96.33
  111.14
   28.37
   76.82
   68.36
   61.82
   64.73
  155.32
  214.64
  147.36
  116.72
   94.44
   99.25
  116.47
  171.71
  130.57
  162.17
   97.10
   78.04
   80.50
   81.41
   77.90
   51.37
  116.58
  103.72
   82.97
   93.22
   72.26
   72.66
   88.35
  100.75
  104.80
  113.89
  126.12
  100.13
   73.26
   96.76
   92.62
  102.14
  113.55
  113.13
   86.25
  129.58
   67.42
   96.59
   90.95
  100.38
  111.09
   93.84
   89.71
   89.34
   65.98
  102.42
  107.60
   93.59
  100.61
  105.37
   93.53
   78.47
  108.03
  111.68
  110.66
  101.83
   77.28
   86.34
   97.27
  108.91
   93.56
  103.98
  121.42
   91.58
   93.81
  111.46
   98.29
  103.53
   82.06
   97.33
  109.02
   98.71
  107.46
   68.56
  104.55
   94.69
   80.73
  112.42
  132.95
  107.92
   97.24
   88.35
  127.82
   89.71
   96.90
  100.78
  102.37
   96.39
   69.01
  104.01
  129.41
   75.92
   69.69
   62.07
  111.51
   75.18
   70.20
   97.10
  128.22
   98.32
   97.92
   93.87
   93.19
   81.64
  111.91
   68.81
  128.45
   97.49
   83.56
   62.33
   58.08
  105.08
   75.46
   75.55
  136.20
   80.79
   86.22
   74.28
   68.92
   83.70
   93.70
   77.33
   90.61
   92.00
  108.62
   71.42
   83.28
   70.40
   97.55
   59.35
   70.23
  103.19
  110.10
   82.86
   75.04
  105.71
   92.65
   50.83
   95.54
   78.07
   95.99
   39.98
   77.79
   70.71
  122.75
   55.05
  137.45
   91.69
   80.79
   83.90
   69.55
   84.38
   84.44
  100.55
   80.50
  127.48
   76.94
  116.64
   88.69
   73.65
  109.30
   89.06
  124.11
   87.13
  103.24
   98.68
   84.72
   63.32
  124.71
  139.46
   74.28
  119.92
   86.76
   69.43
   84.21
   54.45
  103.67
   85.74
   52.78
   84.67
   81.92
  102.79
   99.65
  103.78
   59.81
   91.61
  117.85
   46.24
  104.83
   75.78
   82.80
  104.66
  128.25
  110.04
   24.27
   73.37
  104.69
   76.09
  107.97
   80.39
   80.22
   68.41
   99.34
   55.42
   48.93
   27.78
   80.67
   28.97
   12.43
   79.80
   95.63
   50.80
   46.55
   86.76
   71.84
   48.20
   71.33
   81.81
   43.49
   82.37
   59.69
   46.95
   77.59
   45.76
   85.86
   31.94
   61.79
   64.08
   51.40
   65.58
   42.56
   60.85
   62.75
   22.68
   49.07
   57.14
   63.57
   22.60
   68.89
   56.52
   61.76
   91.52
   48.17
   64.48
   28.74
   41.46
   65.72
   53.21
   71.50
   10.56
   34.07
   63.71
   34.15
   39.05
   56.83
   80.65
   51.28
   33.05
   65.02
   37.21
   58.62
   47.01
   40.35
    0.00
   28.91
   49.50
   46.52
   14.50
   31.63
   28.97
   22.46
   33.16
   33.92
   28.40
   38.34
   26.96
   18.01
   28.03
   44.37
   31.46
   23.59
    0.00
    0.00
    0.00
    0.00
    0.00
    0.03
    8.72
    9.06
    0.00
   19.06
    4.19
    2.49
   10.34
   37.21
   10.96
   11.13
   22.60
   34.09
   16.17
    6.40
   27.69
   18.63
   58.25
   24.30
   37.38
   40.58
   23.50
   14.16
   29.99
   32.90
   52.84
   33.05
   31.86
   27.10
   39.30
   60.63
   22.68
   15.52
   25.17
   24.32
    2.35
   20.36
   39.28
   41.51
   23.30
   43.66
   34.63
   11.10
   29.25
   43.61
   28.77
   34.69
   97.33
   49.10
   24.72
   53.77
   24.18
   51.71
   59.18
   19.03
   59.72
   61.05
   14.81
   74.16
   54.88
   41.00
   42.28
   45.08
   38.20
   35.17
   81.18
   57.85
   50.77
   65.58
   44.49
   56.12
   24.95
   55.56
   76.60
   48.22
   48.68
   56.92
   41.51
   52.05
   40.38
   53.26
   43.30
   42.59
   53.89
   76.57
   66.63
   54.37
   64.73
   74.87
   55.87
   56.07
   89.57
   56.32
   70.96
   51.85
   66.69
   25.51
   67.11
   47.40
   63.15
   78.15
   60.99
   62.72
   54.74
   35.51
   58.67
   93.39
   29.93
   78.15
   58.50
   33.16
   66.86
   48.42
   61.67
   76.09
   40.52
   46.30
   55.64
   35.57
   94.80
   71.39
  112.13
   79.46
   62.04
   77.53
   44.43
   91.07
  101.09
   89.03
  120.77
   73.48
   15.86
   49.89
   92.71
  132.86
   92.11
   85.35
  110.52
   84.61
   58.28
   63.68
   78.72
  126.72
   31.80
   46.38
   89.96
   70.14
  114.94
  100.21
   26.48
   89.99
  121.28
   94.41
  106.30
  104.63
   93.90
  122.30
   64.85
  136.43
  129.32
  155.40
  145.61
  160.90
  170.10
  151.47
  162.20
  176.75
  143.40
  176.10
  142.66
  140.25
   93.45
   82.01
  106.39
   81.33
  105.40
  101.66
  111.71
  124.74
   33.95
  108.28
   79.83
   70.06
  105.82
   94.72
   96.50
   80.79
   90.02
   77.62
  133.63
   72.52
   66.09
   89.82
   90.87
   89.85
   78.75
  121.37
   75.72
   92.91
  127.68
   76.00
   48.93
   44.71
   92.00
   93.98
   76.91
   95.74
   58.47
   86.59
  106.05
   93.96
   77.14
   75.49
  107.15
   95.09
  101.43
   83.93
   74.56
   84.50
   84.41
   72.60
   91.75
   80.93
   66.54
   69.80
  110.63
   48.42
   51.79
  162.57
  199.24
  172.87
  195.05
  192.78
  136.88
   53.41
  102.85
   90.76
   84.44
  137.87
   64.28
  137.11
  117.15
   89.14
  176.84
  243.33
  211.16
  253.52
  252.93
  253.52
  241.63
  140.37
  159.14
  152.51
  154.16
  156.11
  139.09
  159.03
  123.06
  162.57
  142.55
  147.79
  146.71
  136.88
   87.56
  102.39
   77.81
   87.07
   51.37
   74.47
   97.81
   80.67
   39.47
   68.56
   68.64
   78.01
   92.45
   72.55
   80.42
   93.13
   90.10
   66.97
   76.14
   71.47
   75.97
   74.08
   73.03
   84.78
   66.66
   42.36
   57.71
   72.26
   76.82
   96.73
   76.23
   66.86
   68.53
   84.64
   34.43
  140.51
   58.76
   75.92
   85.91
   95.54
  108.31
   68.33
   66.54
   96.45
   95.37
   90.87
   88.49
   76.99
   18.75
   46.58
   48.62
   30.50
   35.31
   39.22
  111.26
  100.64
   98.09
  158.09
  129.07
  100.10
   32.54
   57.94
   52.92
   48.14
   51.93
   43.01
   63.17
  114.54
   87.47
  113.58
  180.86
  114.26
  146.96
   82.46
   30.75
   59.95
   37.12
   46.55
   30.87
   53.07
   44.63
   18.26
   64.79
   44.40
   64.62
   59.64
   65.58
   48.79
   59.89
   58.45
   49.70
   49.78
   74.33
   29.45
   46.61
  107.75
   87.16
  104.21
  107.92
   23.59
   60.34
   59.38
   32.54
   70.59
   48.99
   34.26
   15.49
   21.52
   56.07
   71.13
   47.03
   30.70
   34.09
   50.89
   11.64
    4.73
    6.57
    4.73
    4.84
   20.22
    0.00
    8.04
   19.03
   22.40
   18.09
   22.17
    0.00
   24.58
   36.42
   48.17
   19.34
   30.84
   49.70
    6.51
   17.25
   26.42
   40.83
   35.03
   55.56
   59.41
   45.90
    9.54
   13.42
   22.63
   36.36
   10.28
   40.63
   49.87
   67.68
   37.89
   41.03
   58.28
   38.60
   49.19
  104.18
   66.15
   91.10
   62.52
   53.18
   50.66
   92.06
   45.17
   92.65
   75.55
   78.38
  114.85
   85.06
   83.93
  106.58
   63.12
   72.92
   97.61
   81.64
   93.13
   82.83
   97.72
   63.80
   71.16
   82.23
  105.68
  103.81
   97.16
   45.53
   64.05
   61.25
   85.72
   85.04
   95.23
   82.23
   84.70
  103.44
  100.78
   83.73
   88.97
  158.38
  128.11
  147.19
  146.82
  127.51
  157.78
  113.64
   56.18
   73.62
  118.96
   50.94
   64.00
   99.93
   87.70
   88.89
   80.67
   91.38
   72.49
   82.06
   93.90
   82.94
   49.64
  110.44
   95.46
   72.15
   73.74
   83.85
   87.44
   94.18
  106.41
  103.92
  102.82
  123.18
  113.35
  144.10
  105.48
  126.55
  122.58
   92.79
  102.73
  109.36
   62.21
   93.79
  109.42
   68.44
  119.36
  120.66
  120.09
   85.89
  126.15
   99.65
   91.21
   65.53
   61.08
  116.24
  103.92
   86.00
  128.76
  104.21
   85.43
   82.43
  101.60
   89.14
  115.22
  100.89
   98.88
   17.92
   94.01
  117.20
  101.57
  116.27
   97.16
   85.29
   54.00
   74.30
   94.07
   70.85
   79.97
   40.63
   45.51
   79.00
   91.49
   91.41
  111.51
   86.00
   79.06
   61.11
   46.89
   49.98
   80.22
   89.28
  110.12
   88.46
  115.25
   77.19
   58.47
  105.91
  105.23
   98.29
  106.33
  116.10
   44.54
   25.15
  139.04
   76.17
   60.63
   68.89
   67.76
   18.63
   46.50
   57.94
  100.55
   90.42
   86.82
   62.30
   82.49
   25.40
   82.94
   93.67
   68.72
   82.60
   53.77
   21.10
   40.55
   54.17
   29.85
   45.48
   82.23
   51.85
   10.19
   35.28
  114.15
   93.08
   73.26
   44.51
   34.52
   28.71
    0.00
  103.10
   65.84
   56.86
   60.20
   65.33
   73.45
   21.72
   43.69
   69.55
   28.26
   43.32
   45.17
   19.23
   24.41
   50.35
   38.11
   28.85
   28.57
   59.24
   65.84
   75.66
   99.85
   76.97
   57.14
   84.19
   72.58
   58.25
   86.00
   91.83
  103.38
   51.00
   80.82
   97.78
   88.69
   74.56
   80.50
   97.86
   86.85
  112.08
   94.07
  105.14
   65.72
  120.54
   74.64
   38.60
   67.08
  107.92
   86.82
   37.69
  115.82
   90.44
   66.91
   82.74
   93.11
   97.52
   91.49
  111.57
  151.52
  145.49
  118.68
  143.20
   76.94
   83.05
   96.70
   91.24
   72.94
   88.75
   74.76
   90.39
   84.33
  106.33
   97.24
  101.49
   93.96
   91.32
   65.81
   65.13
   80.48
   83.36
   58.33
   92.09
  124.11
   90.33
   83.96
   88.55
   88.29
   64.85
   56.95
    0.00
    4.76
    0.00
   45.99
   84.92
   16.28
  103.95
   89.65
   19.77
    0.00
   19.85
   74.08
   49.72
   33.30
    8.52
   21.01
   11.24
   10.19
   36.27
   37.18
   26.42
   36.78
   11.55
   21.38
    9.20
    0.71
    0.00
   37.89
    0.00
    0.00
    0.00
    0.00
   34.77
   40.83
   23.16
    0.00
   24.18
   23.59
   47.23
   19.03
   21.15
   28.18
   26.19
   32.56
   24.86
   57.28
   34.41
   27.92
   25.40
   23.19
   26.76
   39.96
   13.96
   29.19
   22.96
   25.80
   15.49
    0.00
   27.58
   35.57
   10.70
    0.00
    0.00
    0.23
   11.78
   31.04
   22.65
   21.89
   18.07
   20.39
   26.16
   25.23
   26.50
   16.59
   10.48
    6.29
    6.77
    8.89
   17.58
   26.39
   23.39
   21.80
    9.09
   30.58
   23.30
   48.31
   21.95
   21.72
   25.94
   20.78
   27.30
   42.79
   50.32
   55.19
   51.14
   84.92
   49.75
   59.35
   43.64
   60.91
   51.34
   45.87
   61.08
   57.28
   46.78
   50.97
   77.90
   27.16
   49.87
   47.91
   59.32
   60.48
   46.64
   52.53
   53.04
   48.31
   53.86
   77.56
   71.05
   52.84
   29.19
   43.21
   50.49
   63.88
   60.82
   43.07
   57.12
   34.63
   55.36
   82.60
   60.20
   30.50
   48.14
   78.55
   34.66
   35.06
  109.19
   47.54
   26.50
   86.17
   55.53
   44.26
   68.33
   57.14
   78.10
   40.63
   53.24
   68.13
   36.64
   41.63
   59.18
   71.44
   60.71
   85.63
   29.51
   36.56
   52.05
   75.69
   64.14
   54.23
   43.75
   49.44
   69.40
   77.08
   90.08
   94.66
   95.06
   67.73
   98.66
   63.71
   57.88
   28.49
   74.53
   58.87
   41.97
   67.39
  105.62
   68.30
   77.90
   60.77
   75.86
   43.83
   49.16
   54.65
   77.36
   53.77
   54.71
   29.51
   27.86
   27.61
   35.28
   31.32
   41.71
   24.47
   37.60
   23.42
   56.35
   92.60
   41.46
   84.92
   48.96
   88.49
   71.64
   56.86
   43.15
   62.86
   55.25
   13.62
   45.62
   50.66
   66.66
   38.06
   31.01
   57.48
   83.76
   40.01
   70.54
   77.50
   57.54
   57.85
   70.40
   82.29
   77.67
   86.76
   71.33
   68.41
   53.07
   54.06
   76.57
  104.60
   73.14
   41.23
   73.94
   50.94
   74.93
   81.04
   72.12
   70.62
   92.09
   36.81
   41.82
   85.23
   92.11
   73.03
   74.16
   95.94
   35.37
   47.15
   70.00
   62.16
   55.19
   62.13
   88.94
   63.77
   58.19
   52.07
   83.79
   51.96
   37.46
   92.28
   88.69
   82.74
   51.56
   95.43
   58.87
   74.19
   34.41
   50.94
   73.23
  108.20
   93.56
   72.46
   73.40
   58.64
   59.58
   64.62
   83.65
   79.26
   94.10
   73.54
   95.20
   65.13
  103.10
   86.73
   76.03
   69.43
   40.72
   68.61
   67.88
   61.59
   54.26
   48.00
   38.62
   52.39
   42.11
   34.26
   64.96
   54.76
   62.38
   36.33
   57.74
   28.01
   29.31
   28.40
   22.74
   30.64
   25.20
   26.45
   24.27
   14.07
   11.98
   33.75
   68.24
   76.74
   83.22
  115.14
   70.62
   62.58
   76.60
   85.69
   69.09
   77.96
  108.60
  115.62
   85.60
   89.25
  118.90
   71.92
   69.38
   96.79
   76.97
   81.27
   86.42
  103.92
   97.83
   93.13
   88.49
   40.69
   35.42
   76.03
   79.49
   69.86
   82.54
  104.57
   37.52
   73.54
   90.76
   91.89
   75.83
   74.33
   81.75
   27.86
    5.21
   44.51
   32.05
   32.37
   34.46
    7.53
   12.15
   14.27
   17.90
   35.20
   31.94
   19.20
   24.01
    9.51
   30.84
   40.61
   35.31
   15.46
   30.13
   19.85
   30.19
   10.85
   11.02
   33.22
   36.56
   28.18
   25.03
   36.25
   29.28
   37.10
   32.08
   24.13
   47.03
    0.25
    0.00
   27.78
   25.80
   35.99
   36.33
   28.88
   19.91
   40.15
   30.47
   69.72
   23.73
   10.11
   38.65
   13.11
   29.48
   24.47
   60.57
    0.00
    0.00
    0.00
   11.36
   11.53
   11.50
   11.61
   11.92
    5.86
   11.47
   11.33
    9.46
    0.00
   10.39
   12.18
   16.28
   10.19
   12.91
    6.57
    9.06
    6.60
   16.99
    8.33
    9.91
   13.25
    8.81
    4.47
   14.67
    8.81
   11.89
   13.14
   15.55
    8.81
    0.00
   17.30
   15.21
    8.83
    8.86
    8.89
   14.36
    0.00
   10.93
    8.92
   14.02
   13.37
   17.16
   13.59
   12.23
   13.99
   13.28
   11.55
   10.39
    9.51
   25.88
   31.04
   28.52
    8.92
   14.84
   18.29
   21.29
   17.56
   28.63
   18.55
   24.49
   16.57
   28.91
   22.94
   22.03
   28.26
   19.91
   11.47
   33.02
   17.25
   17.13
   26.05
   25.74
   30.53
   26.11
   47.86
   43.58
   63.57
   44.49
   39.30
   47.71
   59.41
   73.96
   78.55
   72.58
   42.28
   42.25
   69.72
   44.57
   53.75
   61.70
   59.24
   50.52
   38.17
   21.75
   32.62
   29.53
   20.70
   23.30
   29.90
   33.67
   33.92
   34.63
   27.84
   32.65
   30.70
   31.18
   27.52
   44.29
   28.94
   23.67
   17.25
   36.61
   31.52
   34.66
   25.85
   28.68
   25.88
   23.62
   30.19
   38.85
   38.68
   28.09
   31.97
   38.79
   34.55
   58.73
   44.17
   47.35
   80.84
   81.38
   73.68
   64.68
   86.14
   44.34
   43.04
   65.50
   71.64
   68.75
   74.33
   77.50
   44.91
   38.96
   73.51
   50.32
   70.65
   66.43
   71.73
   31.32
   61.84
   45.36
    8.66
    5.69
    8.64
   11.30
   27.16
   12.18
    5.78
    5.72
   12.91
   11.69
   12.18
   21.10
    0.00
   19.57
   22.43
   13.45
   16.79
   19.37
   23.22
   11.38
   28.46
   25.97
   20.19
   27.38
   21.78
   16.17
   11.89
   11.92
   27.52
   21.89
   16.99
   26.14
   21.15
   16.93
   27.61
   29.70
   21.24
   25.46
   12.37
   21.27
   21.27
   34.46
   21.24
   25.46
   16.25
   12.20
   31.91
   12.83
   12.80
    8.89
   15.18
    8.52
    7.96
   16.96
   12.23
   11.04
   13.65
   12.23
    6.06
   12.77
   15.43
    8.61
    8.61
    4.36
   13.99
    7.73
    8.24
    8.58
    8.61
   12.37
   11.13
    9.03
    6.37
   26.25
    9.77
    0.00
    0.00
    7.08
    4.73
    9.46
    0.00
    4.42
    4.62
    4.42
    4.30
    7.11
    5.04
    6.26
    4.42
    4.45
    6.31
    4.47
    0.00
    9.17
    8.75
    4.39
    4.39
    8.89
    0.00
   27.35
    4.45
    4.36
    4.39
    4.36
    4.39
    5.61
    3.34
    5.64
    5.69
    7.82
   10.05
   12.77
   11.47
   16.37
   13.08
    8.30
   11.27
    8.98
    4.39
    5.80
    4.96
    4.76
    5.66
    4.02
    5.30
    5.64
    4.45
    4.42
    3.77
    6.46
    6.80
    4.42
    4.42
    2.15
    5.41
    4.90
    0.00
    4.42
    6.23
    5.72
    8.66
    4.42
   18.92
   29.53
   15.15
    7.73
   14.81
   12.97
   16.96
   12.37
    0.00
   22.31
    8.21
   29.62
   27.35
   18.29
   34.43
   21.52
   21.72
    8.69
   31.91
   26.02
   29.56
   25.99
   17.47
   20.53
   14.98
   50.49
   63.26
   58.93
   64.62
   39.02
   33.36
   15.06
   56.01
   70.25
   44.63
   59.30
   72.09
   37.58
   36.27
   37.63
   47.43
   57.96
   56.10
   42.79
   32.79
   24.13
   57.43
   53.18
   35.42
   46.72
   76.31
   35.23
   30.50
   41.23
   61.33
   62.24
   66.63
   54.57
   54.93
   21.38
   10.68
    7.99
   36.98
   38.96
   16.91
   17.70
   14.44
   14.58
   29.56
   36.53
   10.42
    0.00
    0.00
   10.22
   24.07
   22.12
   19.79
   24.55
   29.00
   29.42
   23.05
   25.26
   19.60
   17.16
   16.54
   31.46
    3.94
    0.00
   10.65
   31.71
   42.48
   43.95
   18.83
   16.76
   34.18
   21.97
   17.47
   22.51
   32.82
   29.68
   19.68
   37.10
   10.68
   15.46
   20.56
   36.73
   20.08
   29.42
   32.62
   25.51
   29.73
   29.59
    9.37
   46.16
   28.57
   30.47
   38.06
   32.05
   26.33
   55.70
   42.48
   59.01
   58.05
   50.29
   49.58
   74.98
   49.04
   59.66
   63.74
   62.61
   61.90
   47.20
   29.34
   38.14
   73.79
   75.78
   72.66
   39.53
   75.61
   56.07
   66.15
   82.69
   67.85
   67.56
   51.62
   40.89
   55.78
   73.06
   67.11
   38.17
   51.65
   66.52
   74.56
   74.98
   69.29
   37.94
   48.08
   66.46
   61.33
   61.22
   65.89
   56.72
   53.97
   85.46
   66.57
   60.77
   61.99
   44.66
   83.65
   46.16
   50.55
   58.16
   48.62
   64.25
   59.64
   66.15
   57.71
   52.41
   48.76
   45.14
   63.91
   64.45
   80.02
   69.43
   58.87
   55.61
   68.61
   45.02
   60.31
   62.72
   70.54
   67.79
   60.68
   62.89
   51.20
   56.38
   49.27
   60.63
   54.23
   65.07
  104.04
   88.91
   97.16
   93.73
   94.13
   92.79
   81.52
  105.91
   76.63
   82.83
   73.11
   97.47
   83.05
   91.52
  110.63
   80.96
   86.59
   79.77
   60.43
   69.40
   72.38
  106.07
   38.28
   57.88
   79.20
   51.40
   78.49
   44.26
   58.25
   76.26
   65.72
   45.17
   32.88
   76.37
   32.20
   44.57
   34.77
   44.97
   32.28
   57.91
   48.37
   50.91
   38.40
   26.33
   44.29
   37.15
   44.12
   73.82
   59.30
   61.50
   54.45
   91.29
   53.89
   76.00
   80.45
   63.49
   79.83
   67.03
   59.55
   69.80
   88.29
   91.18
   43.78
   85.12
   78.86
   73.68
   71.44
   65.72
   76.23
   25.91
   38.17
   51.88
   67.65
   62.04
   44.54
   39.53
    5.38
   45.14
   51.85
   30.72
   33.39
   20.39
    5.38
   10.82
   46.38
   36.64
   33.92
   42.56
   57.28
   38.37
   46.98
   45.28
   32.48
   10.45
   11.78
   46.58
   52.05
   30.10
   33.47
   24.44
   17.02
   40.58
   42.08
   23.19
    7.42
   56.21
   24.49
   43.52
   45.70
   53.80
   50.52
   41.26
   33.24
   32.37
   19.54
   50.97
   32.59
   19.45
   30.75
   24.86
   59.07
   41.03
   36.30
   29.99
   11.92
    0.00
   65.64
   93.50
  112.79
   76.74
  116.58
   96.53
  111.54
   85.89
   98.80
   54.59
   98.06
   68.02
   64.68
   82.26
   70.96
   89.68
  101.18
   63.74
   60.65
   47.52
   63.26
   63.32
  108.43
   45.19
  132.41
  185.70
  254.82
  254.57
  232.57
   95.14
   82.20
  128.64
   85.77
   61.65
   89.51
   72.04
   74.90
   64.42
   61.53
   54.14
   21.63
   43.61
   79.06
   38.26
   84.98
   60.46
   23.28
   17.39
   21.04
   38.51
   49.50
   54.51
   42.87
   39.11
   29.00
   11.50
   20.27
   33.22
   32.54
   36.50
   32.48
   46.92
   23.45
   33.05
   34.74
   38.26
   89.82
   37.60
   25.85
   53.43
   36.16
   47.69
   34.60
   58.67
   82.01
   37.38
   38.14
   88.26
   47.60
   54.31
   61.42
   66.49
   37.10
   35.76
   37.77
   28.88
   28.03
   32.37
    9.60
    5.04
    7.96
   34.38
   35.28
   49.04
   34.63
   34.24
   15.46
   31.01
   59.58
   44.23
   37.86
   33.07
   44.60
   14.64
   18.86
   22.26
   14.19
    5.61
   15.69
    9.74
   18.12
   23.02
   44.68
   31.12
   18.41
   31.77
   16.11
    0.00
    0.00
   20.87
   41.26
   25.34
    8.64
    0.00
    5.30
    0.00
    0.00
   25.97
   29.65
   16.06
   22.74
   26.36
    0.06
   38.00
   10.65
   15.52
   16.48
    0.00
    4.59
    5.15
   26.87
   49.02
   41.37
   56.38
   40.69
   74.39
   76.63
   78.13
   89.31
   83.76
  102.56
   86.65
   59.32
   60.91
   83.34
   91.55
   86.88
   32.85
   27.89
   40.29
   56.35
   40.38
   51.73
   42.28
   31.15
   34.69
   61.65
   50.15
   70.28
   59.83
   97.33
   56.89
   82.01
   76.20
   69.46
   60.15
   88.38
   39.50
   63.12
   53.92
   64.36
   47.23
   52.98
   89.28
   94.49
   63.71
   59.04
   58.70
   33.87
   67.20
   38.43
   30.30
   67.93
   76.06
   37.86
   35.28
   66.12
   54.45
   55.61
   56.01
   74.70
   86.00
   65.98
   50.89
   53.63
   54.82
   60.17
  101.88
   65.72
   71.33
   63.74
   65.64
   82.23
   66.23
   68.39
   79.40
   81.04
   34.43
   64.62
   49.02
   46.78
   41.97
   54.28
   56.49
   56.29
   68.22
   80.50
   76.00
   42.05
   45.34
   53.24
   90.10
   74.59
   72.72
   86.20
   75.29
   69.21
   49.47
   87.41
  115.76
   94.95
   99.90
  105.85
   53.49
   62.84
   70.42
   80.42
   84.24
   72.41
   90.50
   40.10
   97.47
   63.77
   62.10
  110.69
   52.39
   92.71
   64.28
   70.88
   52.36
   78.98
   52.67
   64.65
   53.60
   65.81
   64.02
   49.21
   73.94
   72.46
   59.75
   57.28
   51.48
   67.79
   55.98
   83.65
   50.09
   64.19
   76.57
   48.76
   54.37
  114.91
   67.00
  140.65
  173.81
  163.50
  172.22
  151.98
  172.76
  188.31
  142.69
   89.20
  107.80
   97.07
  105.71
   90.78
  102.37
   82.77
   81.84
  106.92
   96.56
   92.06
   92.91
  121.42
  129.21
  167.49
  168.49
  196.29
  171.23
  111.46
   99.02
   90.44
  103.78
   63.01
   93.28
   46.47
   87.16
   92.57
  110.86
  108.09
   80.93
   66.88
   54.17
  106.05
   75.95
   77.93
   76.65
   96.36
   96.96
   86.17
  143.25
  163.70
  168.80
  210.71
  171.85
  199.86
  220.53
  164.89
   90.50
   66.15
  103.58
  100.44
   93.36
   80.17
  136.57
  167.15
  183.46
  191.51
  171.18
  191.22
  172.56
  121.39
   99.08
   61.79
   90.70
   64.87
  102.59
   76.40
   86.71
  147.28
  148.47
  173.84
  182.96
  176.90
  175.48
  124.51
  132.52
  103.92
   69.29
   95.71
   76.40
   63.01
  173.87
  244.52
  247.52
  202.47
  170.38
  137.45
  123.06
  112.33
   90.05
   94.97
   84.67
   98.34
  125.33
  174.77
  140.96
  149.37
  167.10
  153.56
   82.32
   75.44
   81.61
   79.15
   66.88
   73.11
   82.09
   56.07
   82.91
   51.62
   78.21
   78.18
   82.32
   83.96
  103.55
   76.85
   54.59
  105.54
  224.64
  225.43
  218.46
  169.65
  162.23
  166.30
  131.84
   79.03
   98.06
   80.90
   68.58
   77.67
   68.27
  159.54
  227.44
  259.98
  240.27
  210.39
  194.23
  162.94
  138.61
   68.53
   91.18
   77.45
   70.08
   88.97
   77.87
  105.40
   81.10
   76.71
   87.81
   78.44
   69.86
   90.87
   69.18
   68.95
   50.60
   55.56
   61.19
   46.18
   63.83
   77.14
   62.55
   69.52
   66.71
   64.87
   68.05
   53.15
   55.13
   77.73
   74.78
   68.87
   66.74
   62.95
   64.45
   70.79
   16.23
   22.20
   25.80
   40.07
    0.00
   25.97
   48.87
    5.47
    5.47
   10.82
   25.91
   11.27
    0.00
   17.36
   28.18
   31.12
    0.17
   26.05
    0.00
   29.82
   36.39
   20.44
   22.71
   21.78
   35.59
    0.00
   32.59
   31.06
    5.47
   32.25
   30.87
   22.99
   29.00
   25.57
   19.94
    0.00
   18.07
   24.47
    0.00
    0.00
   15.83
   21.86
    0.00
   31.66
   23.90
   32.03
   16.93
    0.00
   15.89
   29.79
   19.03
   45.14
   15.29
   11.50
   10.62
   36.64
   46.98
   41.82
   51.85
   36.61
   47.01
   30.21
   41.71
   52.19
   50.09
   64.19
   53.46
   39.79
   62.64
   35.31
   43.69
   55.44
   36.61
   77.64
   69.77
   59.86
   92.11
   41.34
   94.38
   85.09
   91.80
   59.13
   45.11
   63.26
   75.35
   69.21
   55.56
   76.65
   60.99
   54.20
   76.91
   72.12
   49.47
   81.44
   77.22
   56.95
   70.40
   74.87
   92.00
   69.69
   78.15
   62.30
   75.75
   44.51
   56.18
   56.78
   68.10
   63.74
   61.02
   45.56
   59.30
   62.47
   33.05
   64.22
   58.79
   37.43
   36.25
   26.31
   26.45
   26.28
   59.32
   54.06
   44.66
   64.65
   26.28
   54.20
   64.19
   36.67
   35.03
   59.30
   39.33
   35.31
   84.81
   81.13
   63.01
   73.23
   65.61
   76.14
   54.14
   69.18
   78.49
   80.14
   88.09
  102.99
   44.26
   86.31
   68.44
   58.19
   66.37
   72.97
  106.75
   24.92
   97.16
   58.33
   48.51
   73.00
   51.42
   53.29
   49.24
   82.80
   52.61
   72.18
   69.40
   68.36
   44.12
   76.80
   69.06
   54.31
   51.93
   74.13
   66.74
   54.48
   52.56
   62.81
   99.68
   50.46
   75.10
   44.85
   61.99
   68.89
   40.52
   55.39
   59.52
   84.44
   83.25
   85.63
   81.92
   73.91
   55.87
   38.62
   49.13
   42.76
   50.86
   39.53
   36.08
   52.30
   50.32
   38.94
   48.08
   78.32
   38.62
   76.48
   68.22
   58.73
   68.33
   64.28
   50.32
   45.31
   33.56
   60.29
   31.18
   56.72
   36.36
   72.43
   44.43
   46.98
   55.50
   31.94
   51.82
   41.85
   50.52
   31.26
   34.91
   41.54
   41.14
   37.97
   66.43
   40.52
   29.05
   21.52
   43.49
   28.40
   69.69
   51.99
   43.44
   38.09
   43.83
   48.39
   29.08
   38.09
   37.80
   42.70
   42.53
   41.26
   38.45
   59.55
   75.29
   49.70
   58.02
   37.66
   31.35
   38.11
   65.38
   28.18
   78.18
   97.83
   94.72
   72.15
  116.50
   92.40
   79.51
   69.63
   61.33
   21.69
   47.60
   98.46
   95.29
  116.50
  100.86
   67.05
   44.63
   43.07
   78.24
   85.80
   67.73
   79.29
   74.67
   62.89
   42.11
   70.68
   74.19
   77.11
   75.24
   82.35
   61.70
   15.77
   74.22
   83.53
   76.71
   75.10
   68.30
   47.09
   40.97
   57.37
   61.48
   59.44
   54.26
   49.55
   43.83
   29.73
   44.68
   34.46
   64.28
   58.73
   47.86
   26.36
   36.73
   52.13
   63.51
   59.21
   69.91
   70.76
   14.89
   21.95
   57.85
   34.66
   36.19
   69.15
   68.64
   55.93
   57.20
   74.02
   75.41
   74.84
   80.14
   53.21
   23.25
   19.54
   53.75
   62.81
   34.07
   32.14
   30.72
   21.55
   31.43
   56.72
   64.48
   25.09
   48.11
   34.49
   26.02
   50.12
   48.17
   31.83
   32.25
   29.39
   27.16
   38.14
   36.05
   44.88
   52.73
   21.04
   21.27
   56.63
   94.27
   50.01
   69.80
   67.82
   61.31
   62.50
  103.10
   93.36
   67.56
   68.16
   43.83
   50.18
   52.41
   52.56
   51.85
   57.20
   52.58
   53.89
   58.19
   67.82
   62.35
   67.88
   64.93
   50.43
   47.74
   52.92
   45.22
   94.15
   82.54
   85.01
   72.12
   70.65
   61.50
   78.24
   57.43
   78.52
   44.94
  116.16
  153.99
  145.86
  164.38
  157.38
  156.90
  155.20
  138.53
  166.62
   78.86
    5.41
   32.96
   52.33
   36.61
   20.25
    0.00
   21.55
   21.95
   14.98
   12.57
   26.22
   39.76
   21.63
   26.31
   51.03
   16.03
   35.06
   16.17
   21.21
    0.00
    0.00
   21.32
   31.23
    0.00
   36.70
   35.40
   28.71
   16.37
   43.10
    6.43
   30.70
   47.77
   61.59
   62.61
   66.86
   59.24
   36.16
   72.43
   44.34
   72.32
   40.69
   55.47
   54.20
   50.35
   47.54
   39.33
   36.59
   70.88
   58.67
   68.87
   56.38
   36.47
   28.66
   27.89
   47.63
   50.12
   46.18
   36.10
   66.49
   43.92
   34.07
   38.06
   49.87
   55.95
   63.29
   47.88
   26.59
   32.08
   19.91
   15.86
   44.49
   37.07
   41.94
   43.24
   35.20
   31.49
   28.15
   36.73
   32.25
   27.55
   31.55
   26.31
   27.38
   31.55
   26.36
   29.22
   30.89
   26.33
   34.09
   32.14
   35.45
   33.56
   35.57
   30.02
   26.36
   57.31
   48.59
   54.06
   54.45
   70.51
   41.97
   47.26
   59.44
   64.45
   79.26
   66.09
   66.12
   28.94
   33.61
   45.00
   42.79
   34.29
   37.94
   38.23
   31.71
   37.21
   38.23
   28.77
   36.05
   47.23
   24.47
   36.87
   34.74
   57.26
   56.63
   64.68
   54.45
   60.29
   45.73
   54.74
   24.47
    5.47
   26.33
   47.15
   34.35
   25.77
   48.11
   62.47
   42.36
   39.50
   38.14
   38.34
    9.85
   11.16
   85.12
   79.03
   39.28
   55.39
   19.82
   18.46
   19.40
   28.83
   28.83
   84.89
   66.80
   57.31
   54.06
   56.63
   64.25
   64.05
   40.12
   55.50
   47.20
   36.59
   34.24
   48.00
   48.22
   46.81
   46.98
   52.78
   39.87
   40.66
   51.62
   56.29
   53.15
   51.93
   50.77
   41.51
   39.87
   51.85
   51.68
   51.79
   47.29
   47.01
   42.19
   42.16
   51.90
   53.32
   54.03
   58.05
   50.69
   35.51
   41.46
   55.25
   55.73
   30.72
   60.51
   66.86
   45.96
   30.53
   60.99
   39.42
   40.46
   44.15
   48.76
   40.69
   37.35
   70.93
   70.37
   71.44
   70.17
   70.31
   42.65
   41.68
   74.44
   56.92
   89.37
   55.87
   78.32
   54.28
   51.62
   87.56
   70.99
   70.17
   72.46
   86.48
   85.60
   80.50
   73.20
   73.43
   88.29
   83.90
   73.96
   60.94
   47.18
   43.49
   50.66
   39.16
   55.59
   55.22
   56.86
   63.20
   61.02
   56.41
   58.76
   53.21
   60.03
   26.11
   31.52
   41.68
   65.50
   67.25
   71.90
   66.43
   35.31
   30.33
   38.48
   52.36
   46.10
   58.13
   67.25
   52.98
   39.81
   69.26
   57.77
   50.43
   71.27
   73.74
   51.51
   66.29
   81.84
  105.03
  148.15
  143.40
  156.93
  157.75
  142.07
  161.80
  128.78
   88.86
   90.70
   83.19
   60.48
   55.98
   46.98
   68.61
   73.57
   77.87
   61.87
   76.37
   78.10
   47.23
   34.41
   40.18
   45.42
   44.12
   41.29
   40.83
   52.87
   38.37
   41.77
   45.73
   38.68
   30.84
   29.28
   29.53
   34.80
   20.47
   24.38
   47.66
   34.89
   10.00
   63.09
   39.56
   47.46
   49.21
   43.86
   44.46
   45.93
   40.58
   42.45
   45.82
   47.54
   42.50
   34.04
   33.95
   54.88
   45.87
   50.91
   35.71
   27.52
   29.62
   40.97
   14.75
   18.49
    0.00
    0.00
    9.83
    0.00
    0.00
    9.68
    0.00
    9.57
    0.00
    0.00
    0.00
    0.00
   10.28
    0.00
    0.00
    0.00
   11.98
    0.00
    0.00
    8.95
    0.00
    0.00
   17.58
   10.08
    0.00
    4.33
    0.00
    0.00
    0.00
   10.00
   10.00
    0.00
    0.00
    0.00
    0.00
    0.00
   10.25
   10.11
    0.00
    0.00
   10.48
    0.00
    5.35
    0.00
    5.41
    0.00
    0.00
   10.48
    0.00
   10.36
    0.00
    0.00
    0.00
    0.00
   10.36
    0.00
    0.00
    0.00
   10.34
   25.60
   26.33
   25.63
   30.72
   24.55
   26.16
   30.58
   26.02
   23.05
   41.88
   19.96
   31.46
   29.79
   26.25
   31.40
   31.43
   30.47
   30.92
   21.72
   35.65
   24.72
   31.55
   30.07
   26.22
   31.38
   29.79
   26.14
   31.43
   31.63
   27.35
   21.21
   26.25
   27.52
   35.40
   34.60
   42.76
   44.34
   15.94
   15.83
   27.10
   29.93
   30.07
   29.51
   30.89
   30.55
   29.76
   28.37
   31.40
   26.31
   26.14
   11.95
   30.84
   46.98
   21.41
   41.12
   34.46
   18.77
   34.41
   35.82
   27.27
   32.85
   31.63
   18.66
   29.05
   29.22
   29.05
   32.56
   29.05
   23.33
   24.95
   29.05
   38.65
   32.03
   19.57
   31.86
   29.14
   29.17
   25.66
   27.72
   40.80
   35.28
   38.51
   42.31
   38.03
   24.75
   34.66
   48.51
   43.92
   44.40
   47.09
   47.32
   29.73
   37.86
   31.57
   29.25
   29.96
   44.91
   49.47
   29.85
   30.21
   29.56
   60.57
   59.15
   43.83
   47.91
   24.98
   20.08
   63.46
   48.25
   43.49
   47.29
   58.87
   44.51
   43.69
   26.76
   26.33
    0.00
   26.36
   68.10
   52.05
   38.88
   54.14
   48.56
   35.28
   56.63
   54.26
   43.72
   36.61
   53.07
   40.72
   41.71
   60.91
   56.89
   34.91
   40.32
   56.29
   56.24
   66.15
   71.64
   50.91
   42.79
   54.74
   61.05
   46.50
   60.46
   71.73
   84.78
   37.86
   31.46
   67.76
   67.31
   60.74
   56.83
   66.12
   29.25
   35.88
   68.05
   68.61
   62.72
   66.23
   61.76
   51.00
   42.31
   19.62
   48.56
   66.74
   72.52
   68.61
   41.03
   40.72
   63.09
   69.60
   56.32
   55.39
   64.99
   45.22
   47.01
   51.71
   55.19
   60.51
   59.72
   25.57
   51.40
   63.74
   58.11
   44.32
   42.76
   53.21
   50.04
   15.91
   22.60
   21.95
   46.07
   30.58
   27.95
   32.05
   25.20
   26.56
   17.36
   22.00
   22.57
   32.14
   34.83
   28.15
   23.81
   33.84
   55.44
   61.96
   55.95
   69.01
    0.51
    0.00
    0.00
    0.00
    0.00
   56.29
   76.40
   57.94
   62.50
   52.44
   85.38
   81.33
   76.65
   58.33
   79.66
   81.35
   77.19
   66.74
   75.35
   83.65
   75.92
   70.59
   77.64
   39.98
    0.00
    0.00
   10.17
   24.30
   69.43
   62.24
  168.57
  187.66
  215.72
  230.64
  214.75
  194.37
  247.94
  188.56
  214.16
  215.46
  221.04
  209.09
  255.64
  203.99
  230.24
  204.28
  229.42
  181.77
  190.80
  176.53
  175.54
  183.41
  181.31
  176.02
  200.74
  204.67
  193.94
  183.41
  192.58
  125.92
   86.56
   84.67
   87.53
   75.69
   72.63
   50.94
   59.35
   77.08
   75.49
   65.81
   64.70
   58.19
   75.32
   75.72
   68.22
   69.77
   72.21
   24.01
   40.18
   59.98
   69.38
   69.74
   55.61
   88.89
   68.53
   69.06
   67.71
   60.91
   48.31
   67.22
   53.75
   21.38
   27.18
    4.70
   38.48
   52.27
   35.54
   32.48
    4.56
    8.89
    8.89
   12.54
   14.41
   14.13
   16.79
    0.00
    0.00
    4.50
   26.76
   22.03
   25.97
   13.39
   51.37
   13.48
   13.45
   18.24
   16.59
   22.29
   22.91
    4.67
    0.00
   20.08
   31.94
   39.36
   21.61
   28.94
   32.39
   21.18
   22.85
   58.05
   67.08
   58.93
   71.67
   47.12
    2.44
    0.00
   99.90
  144.81
  162.43
  144.22
  144.10
  142.21
  115.73
   61.79
   57.60
   72.75
   85.52
   40.27
   36.44
   77.05
   68.27
   77.14
   68.19
   84.27
   44.12
   39.76
   43.66
   53.04
   54.11
   58.25
   61.62
   54.31
   45.45
   40.92
   51.00
   54.37
   52.33
   59.49
   43.89
   54.62
   96.22
  151.10
  138.47
  130.65
  109.76
   57.57
   37.86
   61.14
   71.27
   62.81
   79.37
   65.64
   84.44
   73.79
   61.45
   42.36
   64.53
   74.95
   71.64
   80.87
   71.05
   86.22
   89.82
   73.11
   36.47
  146.28
  219.20
  234.69
  234.46
  226.53
  233.87
  202.52
  160.61
  147.59
  145.10
  105.71
   92.60
   78.98
   73.91
   70.14
   53.12
   56.66
   76.88
   77.36
   58.64
   56.55
   62.61
   46.33
   40.61
   57.85
   67.85
   65.89
   79.85
   51.37
   48.39
   42.76
   78.72
   89.08
   79.23
   71.75
   71.44
   46.86
   40.63
   78.38
   84.33
   70.28
   73.48
   82.18
   76.06
   82.88
   65.04
  124.85
  171.37
  107.26
  112.53
   35.03
   43.24
   87.07
  148.15
  129.55
  128.53
   73.85
   41.43
   31.91
   43.52
   81.41
   75.27
   72.89
   93.96
   66.06
   47.60
   80.28
   88.09
   74.39
   62.21
   96.05
   54.17
   47.06
   81.33
   78.81
   81.81
   86.11
   77.59
   43.01
   47.01
   78.83
   93.39
  102.03
   75.01
   88.07
   52.19
   46.21
   79.80
   92.11
   87.24
   83.28
   84.19
   44.85
   55.61
   82.12
   90.27
   85.46
   70.62
   78.78
   51.62
   52.98
   81.75
   82.32
   97.52
   86.51
   83.08
   41.82
   55.42
   90.56
   80.79
   82.49
   75.24
   80.87
   59.21
   46.04
   83.65
   85.26
   62.75
   77.93
   81.78
   68.58
   88.66
  101.71
   70.88
   82.37
   72.24
   73.62
   25.97
   24.72
   42.59
   42.19
   42.82
   68.05
   70.82
   25.06
   25.85
   54.26
   41.94
   31.43
   30.33
   17.67
   18.18
   35.42
   44.46
   91.21
   68.89
   60.20
   96.70
   85.60
   74.73
   64.62
   88.94
   52.33
   46.75
   80.14
   89.96
   82.09
   75.66
   57.37
   77.19
   90.81
   90.02
   74.05
   77.33
   78.32
   77.05
   77.84
   84.58
   84.98
   75.12
   65.16
  106.67
  187.40
  158.60
  195.05
  187.71
  196.07
  182.76
  180.29
