19850101
 2074.75
 2175.92
 2271.89
 2109.35
 1736.64
 1795.37
 2095.19
 2480.98
 2536.74
 2109.24
 1775.47
 1834.71
 1815.59
 1402.99
 1562.27
 1347.37
 1492.64
 1604.15
 1210.88
 1029.18
 1477.04
 1841.08
 1608.43
 1473.58
  973.45
 1381.75
 1265.25
 1194.06
 1315.20
 1165.61
 1280.20
 1261.40
 2734.93
 3970.08
 4046.70
 4151.62
 4435.01
 4371.78
 4078.82
 3898.27
 3849.73
 3701.04
 3394.34
 3751.50
 4313.48
 4201.60
 3592.56
 3231.18
 2969.05
 2821.77
 2854.22
 2843.49
 2612.12
 2634.40
 2479.14
 2149.48
 2313.26
 2117.51
 1657.72
 1263.16
 1261.40
 1401.68
 1495.13
 1474.97
 1499.86
 1792.94
 1790.45
 1371.38
  776.84
 1272.16
 1684.85
 2065.71
 2015.34
 1770.51
 1394.38
  722.67
 1124.92
  959.46
  923.36
  817.28
  791.60
  870.40
  781.57
  788.71
  788.71
  835.38
  764.89
  672.70
  784.01
 1101.41
  956.94
  744.76
  549.57
  703.73
  179.19
  213.03
  278.58
  212.89
  237.63
  358.43
  193.49
  141.92
  128.19
  198.90
  231.18
  205.50
  -13.08
  -29.45
    1.90
  273.51
  342.63
  556.14
  546.23
 1154.85
 1055.34
 1078.42
  720.15
   75.41
 1028.84
 1356.38
 1159.07
 1344.82
 2037.40
 2169.55
 2235.02
 1654.64
 1377.98
 1276.98
 1635.41
 1790.33
 1173.03
  991.20
 1150.46
 1663.39
 1755.87
 1359.44
  710.10
  613.06
  451.29
  545.35
  607.40
  614.42
  773.28
  772.74
  829.00
  725.96
  602.67
  514.66
  654.83
  660.60
  789.81
  732.36
  584.03
  838.77
  916.98
  884.90
 1013.15
  846.90
  567.64
  543.68
  621.55
 1035.46
  920.78
  902.37
  580.98
  406.35
  431.35
  487.42
  716.19
  782.14
  829.20
  568.83
  514.55
  512.53
  743.69
  820.37
  942.61
 1043.96
 1074.28
  927.60
  518.91
  567.53
  710.27
  908.38
  850.33
  938.70
  761.50
  866.72
  879.24
  972.91
 1041.72
  993.21
  975.18
 1249.25
  930.80
  700.02
  760.31
  750.76
  594.65
  759.12
  682.44
  761.50
  845.74
  904.38
 1029.80
  690.00
  802.56
  891.98
  924.43
 1468.00
 1581.38
 1643.45
 1586.82
 1681.09
 1188.60
  817.88
  837.24
 1036.17
 1103.17
 1147.31
 1259.99
 1150.15
 1034.50
 1144.48
 1112.26
 1158.16
 1118.29
  868.39
 1504.22
 2133.56
 2201.86
 2367.06
 2304.51
 2238.81
 1869.39
 1636.60
 1047.84
 1292.55
 1701.13
 1803.44
 1838.13
 1824.43
 1599.08
 1339.87
 1249.96
 1367.70
 1342.59
 1240.50
 1116.50
 1087.85
 1109.20
 1232.86
 1365.58
 1345.42
 1006.44
 1013.86
  883.37
  704.04
  735.42
  711.94
 1023.54
 1026.97
  627.10
  630.42
  670.63
  653.64
  595.59
  685.49
  604.45
  631.95
  610.23
  515.37
  686.46
 1060.69
 1136.21
 1259.87
 1266.58
 1311.66
  976.22
 1059.64
  942.84
  979.28
  952.64
  942.72
  747.56
  628.15
  785.57
  794.29
  838.07
  923.36
 1015.75
  927.86
  676.06
  994.63
  942.95
 1495.95
 1345.05
 1554.96
 1471.99
  803.04
 1271.91
 1467.41
 1205.96
 1102.46
 1049.51
  794.88
 1025.18
 1657.24
 1992.09
 2037.62
 2046.01
 2032.33
 1354.25
  836.88
 1230.48
 1199.44
 1212.67
 1236.96
 1314.61
  997.12
 1445.94
 1491.25
 1131.63
  947.43
 1401.34
 1338.34
  899.06
  700.50
  780.84
 1137.63
 1454.78
 1355.33
 1335.25
 1574.08
 1689.21
 2248.58
 2537.30
 2102.53
 1421.39
 1490.88
 2051.33
 1959.04
 2082.48
 2227.01
 1958.00
 1393.30
 1525.57
 1597.78
 1353.21
 1509.06
 1645.69
 1771.81
 1897.94
 1748.79
 1511.19
 1198.99
  994.52
  986.36
 1308.95
 1378.44
 1242.51
  987.44
  648.23
  745.81
  851.74
  867.20
  684.79
  676.49
  654.54
  725.17
  835.83
 1060.24
 1146.24
 1070.09
  758.89
  487.70
  489.49
  665.02
  712.96
  878.13
  642.65
  551.24
  442.22
  536.75
  665.33
  784.21
  918.68
  993.78
  692.40
  514.46
  409.55
 1277.97
 1250.64
 1201.14
 1236.00
 1034.13
  546.40
  624.47
 1171.78
  808.28
  882.55
 1375.60
 1357.17
 1297.42
 1448.55
 1095.21
 1698.19
 1790.70
 1658.89
 1207.94
 1266.84
 1415.45
 1485.87
 2073.64
 2620.61
 3590.94
 4342.98
 4231.61
 4120.58
 3196.86
 2466.51
 2261.58
 2085.20
 2015.82
 1434.02
 1020.91
  879.46
 1339.75
 1519.43
 1411.93
 1323.56
 1192.22
  847.75
  930.27
  983.10
  861.60
  799.02
 1730.78
 2076.36
 2436.72
 2628.17
 2904.49
 2767.63
 2501.28
 2387.34
 2161.28
 2125.41
 1706.68
 1171.27
 1058.99
  697.53
  642.62
  696.82
  451.40
  538.78
  457.60
  524.37
  421.86
  397.71
  355.04
  416.91
  373.70
   93.11
  409.15
  159.23
  149.85
  160.75
  137.42
  294.52
  241.88
  155.35
   49.24
    5.95
   35.11
   99.73
   40.35
  155.52
   24.86
   37.72
  -34.32
  -52.27
   29.85
   -4.59
  135.69
   47.80
   43.21
  -19.54
   -1.78
  112.98
  260.23
  232.88
  172.53
  122.19
  122.81
  199.12
  252.87
  142.75
  238.37
  271.95
  407.03
  155.18
  438.85
  286.65
  461.96
  369.87
  342.58
  419.57
  241.71
  249.41
  -69.01
  525.79
  924.32
  827.11
 1109.11
 2212.48
 1652.06
  986.96
  490.16
  652.67
  609.66
  450.83
  761.92
  854.01
  500.27
  758.18
 1780.08
 1392.48
 1259.17
 1451.61
 1377.47
 1092.24
  862.53
  787.07
  803.66
  599.84
  523.13
  490.65
  315.45
  206.74
  250.63
  359.26
  381.51
  410.42
  189.61
  211.89
  303.98
  761.04
  624.19
  641.32
  700.50
  662.22
  528.59
  748.05
  825.92
  882.66
  796.07
  848.80
  847.38
  509.70
  835.35
  834.64
  775.54
  830.76
  758.89
  707.16
  556.85
  656.47
  874.99
  841.49
  836.54
  906.37
  816.35
  552.74
  697.44
  747.28
  806.92
  760.87
  605.70
  535.19
  508.57
  569.17
  694.61
  653.84
  565.77
  447.75
  562.37
  467.79
  548.27
  634.21
  764.55
  681.87
  592.39
  604.00
  593.24
  605.13
  807.03
  857.52
  762.01
  686.20
  633.45
  603.43
  720.95
  787.49
  557.84
  674.22
  855.17
  763.14
  774.47
  743.03
  889.15
  945.78
  855.85
  879.12
  766.08
  950.51
 1237.56
 1143.15
 1109.54
 1044.89
  638.83
  840.16
  824.87
  861.40
  970.98
 1101.53
  883.77
  563.93
  459.38
  400.40
  768.26
  907.27
  996.67
 1047.38
  833.59
  583.92
  548.30
  511.49
  518.79
  509.70
  489.74
  474.02
  672.38
  697.50
  905.29
  920.89
  855.71
  292.80
  161.92
  251.74
  170.69
  504.95
  517.83
  890.00
  853.27
  796.44
  796.24
  533.21
  827.42
  854.97
  779.93
  721.32
  729.10
 1159.52
 1508.10
 1740.78
 1596.59
 1607.69
 1471.17
 1535.25
  907.33
  869.72
 1190.41
 1187.55
 1167.67
 1088.70
 1039.51
 1059.45
 1688.08
 2151.85
 2381.67
 2913.46
 3373.47
 3169.25
 2660.03
 2314.42
 2163.41
 1817.12
 2178.87
 1664.44
 1808.74
 1522.03
 1484.03
 2356.90
 2698.11
 3303.05
 4464.97
 4974.22
 5445.22
 5639.41
 4753.69
 3954.82
 3732.64
 3129.89
 2280.19
 1939.82
 1982.89
 2518.56
 2716.77
 3026.14
 3431.41
 3479.66
 4085.04
 4238.81
 4669.31
 4987.79
 4891.23
 4793.76
 4399.65
 3855.42
 3620.25
 3274.25
 2543.16
 2590.28
 2708.51
 2467.59
 2570.12
 2630.44
 2753.47
 2838.42
 2816.62
 2767.24
 2425.00
 2157.04
 2119.52
 2073.50
 2035.87
 1715.35
 1674.09
 1744.03
  927.41
  974.27
  915.57
 1274.54
 1513.93
 1553.43
 1013.77
  770.25
  666.89
 1664.21
 2352.20
 2925.13
 3291.13
 3253.83
 3169.96
 3283.82
 3665.28
 4025.61
 3773.33
 3597.66
 3203.00
 3267.42
 3222.57
 2627.92
 2193.73
 2296.38
 2361.74
 2461.67
 2682.54
 2362.11
 2414.49
 2396.31
 2178.64
 2060.53
 2128.72
 2037.06
 1729.45
 1797.41
 1968.62
 2045.89
 2228.31
 2351.60
 2380.51
 2319.15
 2664.50
 2902.84
 2935.41
 3421.38
 5068.83
 6639.96
 7370.28
 7904.17
 7937.33
 7506.91
 6170.13
 5065.77
 4700.37
 4437.25
 4203.01
 4394.92
 4332.17
 3904.98
 3222.83
 2837.46
 2759.84
 2405.63
 2250.71
 2206.59
 1716.00
 1719.91
 1688.39
 1617.60
 1624.20
 1743.84
 1508.24
 1239.09
 1296.03
 1309.88
  791.77
  754.62
 1271.09
 1407.94
 1122.65
 1138.31
 1455.60
  756.12
  778.83
  686.06
  559.63
  494.98
  427.05
  278.30
   77.87
  325.73
  177.77
 -168.97
  422.40
  976.28
  309.73
  200.57
  259.10
  746.46
  937.43
 1076.41
 1469.53
 1679.56
 1829.38
 1296.20
  930.35
 1219.72
 1137.77
 1356.26
  970.70
  655.05
  829.00
  988.12
 1286.77
 1254.66
  876.21
  401.39
  490.22
  628.10
  957.05
  998.17
  958.89
  821.90
  479.91
  469.32
  599.24
  850.07
  821.75
 1007.88
  840.05
  568.15
  571.80
  775.68
 1224.00
 1302.09
 1314.38
 1577.62
 1373.14
 1081.31
 1216.80
 1166.65
  789.47
  903.31
  654.40
  582.39
  623.54
  902.60
  914.52
  909.42
  791.40
  666.95
  694.27
  440.33
  851.15
  908.63
  852.14
  844.44
  962.49
  803.32
  846.65
 1020.23
 1047.24
 1124.69
  863.44
  702.31
  534.96
  512.00
  534.42
  645.28
  317.72
  168.49
  340.11
  156.68
  343.09
  873.86
 1330.78
 1303.25
 1051.04
 1167.22
 1237.53
 1233.06
 1345.87
 1388.35
 1125.62
  828.75
 1165.49
  996.21
  754.93
 1052.34
 1160.74
 1160.74
  982.54
  904.13
  539.61
  687.31
 1045.03
 1031.58
 1128.51
  911.15
  966.68
 1398.09
 1514.19
  861.51
 1080.26
 1191.63
 1025.18
 1194.21
 1386.00
 1231.67
  853.02
 1031.78
 1012.21
 1018.36
  988.57
 1137.40
 1132.62
  963.14
 1038.12
 1017.51
 1037.33
 1114.13
 1015.98
  970.87
  960.62
  914.21
  809.72
  673.09
  545.10
  534.34
  492.94
  427.47
  535.33
  590.89
  368.01
  451.06
  450.24
  582.14
  514.52
  519.33
  777.64
  795.36
  584.60
  579.02
  535.08
  924.60
 1226.60
 1342.22
 1056.16
 1025.27
  880.06
  586.92
  742.81
  809.41
  844.83
  790.15
  502.57
  540.17
  465.78
  610.11
  553.14
  485.72
  685.83
  515.93
  686.17
  658.99
  902.85
  766.14
  933.10
  997.23
  846.33
  535.87
  544.62
  772.40
  977.92
  903.85
  803.35
  637.84
  575.62
  526.13
  606.26
  579.11
  596.30
  720.89
  677.62
  542.66
  392.27
  487.33
  394.45
  562.77
  509.05
  375.76
  407.48
  316.30
  463.55
  515.37
  421.35
  440.61
  692.91
  517.92
  461.00
  335.55
  677.93
 1288.02
 1423.03
  965.97
  584.03
  504.89
  773.11
  785.76
  999.36
 1353.43
 1229.18
  723.50
  580.41
  619.43
  746.09
  613.29
  559.40
  640.44
  847.44
 1009.72
  993.02
  969.43
 1009.30
  818.22
  564.07
  610.51
  456.47
  546.32
  450.80
  366.14
  449.95
  368.12
  295.91
  289.96
  455.90
  414.93
  474.79
  357.16
  324.51
  352.26
  240.69
  372.65
  361.61
  609.38
  606.26
 1813.72
 3858.65
 4903.66
 5461.50
 4453.31
 2793.12
 2258.38
 2334.72
 2202.57
 2193.51
 2173.09
 1931.58
 1493.86
 1426.38
 1514.47
 1056.56
  655.34
 1125.45
 1467.29
 1527.58
 1425.64
 1290.91
  806.49
 1040.70
 1436.97
 1813.10
 3256.92
 4290.23
 4746.61
 4839.01
 4255.80
 4208.82
 3898.30
 3715.43
 2954.38
 2317.85
 1396.95
 1428.64
 2085.31
 2362.39
 2993.20
 2227.49
 1683.89
 1809.11
 1898.30
 2000.95
 2078.68
 2101.93
 1997.16
 1650.76
 1550.23
 1264.72
 1808.40
 1531.23
 2045.67
 2129.54
 2306.18
 2056.62
 1393.90
 1506.12
 1664.32
 1674.60
 1923.90
 1900.29
 1168.86
  843.64
  860.44
  811.02
  432.60
  307.29
  421.10
  365.77
  462.05
  890.45
 1401.46
 1406.87
 1816.30
 1863.84
  928.31
  383.81
 1348.53
 1860.78
 1922.23
 1701.73
 1653.22
  305.34
  347.53
  454.51
  493.00
  500.36
  413.99
  223.70
  213.08
  330.17
  424.19
  407.20
  144.42
  186.89
   67.96
 -383.27
   46.72
  769.99
  435.60
  604.79
  711.63
  523.27
  734.88
  399.27
  979.76
 1513.20
 1804.97
 1364.87
 1292.58
  560.62
  786.90
 1376.43
 1424.93
 1349.69
  909.99
  889.06
  905.01
  793.95
  623.37
  547.08
  626.03
  606.63
  384.34
  368.12
  396.44
  327.06
  420.00
  373.50
  302.14
  324.23
  295.06
  523.01
  315.45
  306.67
  362.46
  470.91
  402.72
  348.01
  373.50
  371.52
  418.30
  425.63
  415.66
  391.34
  265.33
  353.45
  364.49
  200.48
  291.10
  296.19
  327.20
  305.82
  358.60
  354.13
  325.05
  386.52
  450.80
   67.68
  239.28
  271.84
  361.66
  417.39
  526.13
  277.22
  434.38
  405.50
  388.79
  387.37
  503.76
  489.60
  362.40
  400.68
  392.19
  504.89
  488.18
  498.66
  503.47
  361.92
  171.03
  540.00
  457.60
  513.38
  456.47
  389.07
  475.72
  256.83
  434.38
  309.50
  394.74
  427.02
  371.52
  365.77
  250.32
  221.81
  260.23
  180.94
  189.72
  311.97
  165.46
  109.02
  263.91
  221.44
  252.59
  181.79
  309.79
   53.80
  161.12
  213.51
  231.63
  285.43
  324.57
  241.26
  457.03
  522.16
  361.55
  346.34
  330.74
  485.66
  372.37
  379.73
  317.43
  330.17
  286.00
  261.93
  467.23
  408.05
  479.69
  608.81
  533.77
  397.57
  710.47
  887.73
  648.74
  882.35
  622.12
  633.16
  385.11
  576.53
  611.36
  557.84
  584.74
  500.36
  691.50
  400.97
  502.91
  510.55
  517.92
  465.25
  538.87
  495.86
  358.49
  411.44
  500.08
  533.46
  500.19
  445.42
  451.65
  476.29
  556.43
  572.65
  888.67
  906.14
  877.82
  603.12
  555.58
  976.00
  894.25
  892.83
 1016.86
  945.22
  955.69
  622.12
  605.13
  781.83
  851.06
  830.96
  779.00
  774.10
  659.22
  782.96
  848.66
  959.37
  960.22
  947.76
  912.94
  687.53
  900.76
  598.90
  839.03
  941.25
  945.50
  773.05
  736.58
  825.72
  605.70
  848.37
  823.17
  810.14
  726.61
  605.70
  589.84
  720.10
  746.72
  795.70
  517.58
  710.19
  573.70
  523.10
  703.11
  683.29
  676.21
  510.24
  485.41
  440.33
  725.05
 1068.96
 1410.18
 1210.55
 1343.92
 1449.82
 1002.70
 1338.54
 1389.22
 1103.22
 1381.86
 1330.89
 1196.30
 2067.64
 2389.46
 2801.36
 3641.91
 3551.64
 3409.94
 3538.90
 3779.11
 3774.64
 3576.79
 3140.11
 2557.12
 2318.33
 1764.62
 1531.57
 2058.75
 2073.73
 1410.09
 1129.50
 1329.56
 1241.75
 1224.11
 1642.15
 1779.23
 1539.25
  873.43
 1321.07
  620.00
  509.65
  570.95
  534.62
  419.37
  456.33
  760.31
 1217.62
  789.93
 1917.42
 3720.44
 4248.66
 4273.10
 3670.29
 3011.50
 3129.92
 3315.87
 3517.43
 3669.86
 3652.53
 3189.41
 2970.07
 2809.65
 2789.69
 3233.05
 3968.66
 4327.66
 6008.95
 7090.31
 8071.83
 8874.27
 8845.14
 8247.88
 7799.76
 6701.27
 6262.75
 5875.83
 4810.38
 3296.00
 2327.73
 1899.95
 2011.69
 2058.75
 2075.99
 2080.81
 2097.09
 2074.32
 2065.49
 1457.69
 1364.31
 1364.02
 1873.61
 2576.18
 2562.84
 2609.09
 2417.49
 2219.70
 2423.58
 2690.10
 3736.52
 5312.95
 4559.38
 2620.61
 2105.73
 3602.58
 4845.13
 6038.45
 6341.22
 6373.41
 5828.68
 6328.93
 6712.62
 6648.57
 6459.44
 6765.83
 7051.12
 6945.19
 6708.74
 6765.49
 6612.69
 6557.13
 6642.65
 6214.73
 6304.32
 6120.91
 5325.10
 4881.37
 4366.46
 3788.57
 3872.56
 2923.32
 1950.10
 2063.82
 2269.96
 2104.17
 1531.01
 1437.79
 1524.98
 1637.08
 1810.52
 1945.99
 2036.04
 2459.94
 2467.33
 1838.58
 1890.63
 1722.37
 2398.49
 3948.56
 4695.30
 4761.96
 3862.28
 2483.02
 1955.28
 2284.77
 2560.47
 2673.70
 2678.43
 2449.18
 2309.24
 2544.92
 1687.49
  895.52
 1161.93
 1320.92
  667.37
  663.10
  770.39
  934.63
  718.77
  822.09
  634.95
  761.84
  770.22
  883.49
  453.69
  443.47
  547.00
 1575.52
 2116.20
  943.74
 1412.95
 1562.24
 1725.01
 2117.87
 2092.84
 2086.95
 1799.73
 1807.92
 1625.05
 1535.57
 1784.90
 1920.36
 1786.45
  976.48
  563.62
 1041.75
 1849.32
 1931.32
 1963.43
 1820.29
 1125.57
  929.16
 1592.34
 1594.13
 1739.25
 1458.09
 1457.38
  759.46
  655.96
  593.49
  769.82
 1459.65
 1827.74
 2116.09
 1931.10
 1932.85
 2049.66
 2278.80
 3198.98
 4384.55
 4810.44
 5244.17
 5433.18
 5537.59
 5620.19
 5687.67
 5768.37
 5772.50
 5816.73
 5928.02
 5849.67
 5456.88
 4840.43
 4204.71
 4010.12
 4256.87
 4797.16
 4612.47
 4060.15
 4410.24
 5018.11
 4997.87
 4825.56
 4739.65
 4464.04
 4025.49
 4048.97
 3994.26
 3839.85
 3777.24
 3685.81
 3078.64
 2613.16
 2462.63
 2432.08
 2346.42
 2233.01
 2072.09
 2071.86
 2202.82
 1975.92
 1828.08
 1755.87
 1655.60
 1766.26
 1761.31
 1642.49
 1771.70
 1703.15
 1608.77
 1766.26
 1577.96
 1359.80
 1319.08
 1274.82
 1287.60
 1033.45
 1171.27
 1170.56
 1383.76
 1372.06
 1307.47
 1205.28
 1186.42
 1215.93
 1143.38
 1380.81
 1429.66
 1599.56
 1481.57
 1468.46
 1088.44
 1117.01
 1207.83
 1703.37
 1579.85
 1581.86
 1712.94
 1652.40
 1813.58
 2014.74
 1995.29
 1848.27
 1847.33
 1822.56
 1501.27
 1433.43
 1680.97
 1652.66
 1731.58
 1710.45
 1756.24
 1770.28
 1671.77
 1729.45
 1917.53
 1939.82
 2111.84
 2013.10
 1930.87
 1746.10
 1549.58
 1905.24
 2113.97
 2265.72
 2128.83
 2664.39
 3475.18
 4117.98
 5261.50
 4629.49
 5577.48
 5356.78
 5432.53
 5086.50
 5024.26
 4350.06
 3223.87
 2758.66
 2553.84
 2287.52
 2240.57
 2297.57
 2097.57
 1638.81
 1749.50
 1944.94
 2166.21
 2327.53
 2343.45
 2044.36
 1961.76
 1779.83
 1677.18
 1883.89
 2053.31
 1778.07
 1770.28
 1664.10
 1641.56
 1777.36
 1615.84
 1845.78
 1430.23
 1776.77
 1860.78
 1951.97
 1778.78
 1996.11
 2047.08
 2249.18
 2360.10
 2332.01
 3010.90
 3595.19
 3438.94
 3656.87
 3690.17
 3709.39
 3414.30
 3112.62
 3347.87
 3314.60
 3322.27
 3280.03
 3187.29
 3266.94
 3297.86
 2999.58
 2620.61
 2665.55
 2661.67
 2424.63
 2336.14
 2033.63
 2011.57
 2243.18
 2313.37
 2360.10
 2571.40
 2595.72
 2277.16
 2021.00
 2093.21
 2149.25
 2148.06
 2177.93
 2146.64
 1941.83
 1916.82
 1936.99
 1970.74
 1898.53
 1871.26
 1699.38
 1495.67
 1457.41
 1566.40
 1544.34
 1572.89
 2071.52
 3316.61
 3452.22
 3627.05
 3797.77
 4294.02
 4813.64
 4992.37
 4958.17
 4794.98
 4450.70
 4406.21
 4426.74
 4304.05
 3747.25
 2969.50
 3036.39
 3444.04
 3288.27
 3234.92
 3509.05
 4000.83
 4320.81
 4362.92
 4379.43
 4330.95
 4116.22
 4225.10
 4120.30
 4184.18
 4449.51
 4827.54
 5724.62
 7894.74
 8127.30
 7762.36
 7449.82
 7935.91
 7259.14
 7387.84
 7181.52
 7114.01
 7395.77
 6923.47
 7175.86
 7234.61
 7447.70
 7883.92
 7905.95
 7310.11
 7483.32
 7814.26
 7737.24
 7425.75
 7580.19
 7471.29
 7167.93
 6425.69
 5664.56
 4584.02
 3866.55
 3988.43
 4306.65
 4525.85
 4383.33
 4512.06
 4342.87
 4354.31
 4315.60
 4462.85
 4396.19
 3834.10
 3222.68
 3768.75
 4847.62
 5333.99
 5588.33
 5986.89
 5706.55
 5288.54
 5040.40
 5055.04
 4674.06
 3689.46
 2821.29
 2439.72
 2328.24
 2101.00
 1938.29
 1352.55
 1099.26
 1344.57
 1082.98
  536.97
  553.54
  253.21
  130.97
  404.99
  383.13
  526.18
  784.35
  697.64
  447.49
  480.74
  518.48
  418.81
  681.42
  611.70
  424.19
  828.69
 1550.72
 2228.20
 1935.82
 1761.68
 2111.96
 1704.67
 1381.52
 1020.60
  988.14
 1355.07
 1456.90
 1721.66
 2187.59
 2053.91
 1949.13
 2342.03
 2364.94
 2238.93
 1863.25
 2011.09
 2099.92
 1940.64
 1981.58
 2081.77
 2147.72
 1715.09
 1612.62
 1582.23
 2040.34
 1118.29
  319.98
  274.11
  435.88
 1058.82
 1189.79
 1013.74
 1404.86
 2288.00
 2194.56
 1868.91
 1626.32
 1809.45
 2250.37
 2270.67
 2872.52
 2915.59
 2726.09
 2657.76
 2413.08
 2080.35
 2169.78
 1938.51
 1682.84
 1517.19
 1499.26
  792.98
  733.04
  960.54
 1249.71
 1442.26
 1405.11
 1304.59
  790.18
  767.13
 1008.19
 1166.43
 1076.63
 1197.69
 1240.99
  840.36
  668.02
  736.04
  757.02
  815.04
  739.44
  694.50
  598.08
  643.30
  931.62
 1435.89
 1216.21
  982.48
 1705.50
 1919.77
 1234.27
 1134.46
 1502.69
 1264.12
 1121.63
 1195.25
 1227.34
 1123.95
 1258.91
 1249.48
 1611.34
 1572.41
 1499.60
 1336.67
 1320.16
 1389.31
 1336.92
 1377.50
 1351.31
 1334.09
 1013.66
  833.25
 1404.03
 1286.43
 1341.51
 1349.41
 1403.33
 1364.76
 1354.85
 1251.26
 1417.37
 1330.89
 1359.80
 1529.59
 1197.92
 1165.95
 1452.88
 1472.84
 1545.39
 1416.78
 1296.43
  872.30
  802.02
 1422.67
 1663.95
 1527.10
 1343.75
 1133.07
  683.57
  561.64
  733.43
 1221.87
 1253.13
 1676.58
 1688.99
  634.86
  462.16
 1422.44
 1343.52
 1037.22
 1029.03
  927.66
  995.85
  832.35
  900.84
 1044.41
 1011.99
 1016.69
 1225.41
 1076.27
  876.77
 1035.69
 1049.37
  882.64
 1053.39
 1033.79
  856.73
  648.48
  910.22
  896.17
  984.49
  511.80
  588.54
  606.75
  711.15
  856.98
  883.03
 1433.06
 1345.64
 1323.93
  885.67
  665.93
  752.63
 1034.64
 1116.73
  990.38
  864.23
  783.58
  675.70
 1216.58
 1251.26
 1454.04
 1503.03
 1559.32
 1031.13
  653.75
 1223.77
 1299.26
 1063.30
  773.64
  691.75
  627.42
  704.86
 1026.88
 1175.97
 1224.93
 1231.44
 1125.57
  936.61
 1165.75
 1364.05
 1584.33
 1652.40
 1615.36
 1499.49
 1588.35
 1630.94
 1487.94
 1274.74
 1204.32
 1000.77
 1123.70
 1200.75
 1116.11
 1148.98
 1048.91
  624.53
  872.75
 1328.43
 1404.52
 1312.26
 1498.56
 1761.82
 2243.52
 2280.33
 2194.22
 2180.99
 1844.62
 1801.55
 1663.50
 1402.51
 1166.57
 1200.75
 1110.13
 1069.47
  981.24
 1339.16
 2562.90
 3241.68
 4350.63
 5890.61
 7692.04
 8767.12
 9097.27
 9753.94
 9939.44
10394.89
10392.20
 9791.14
 9550.08
 8688.66
 7934.49
 7579.60
 7482.27
 7232.38
 6752.52
 6022.99
 5174.34
 4724.67
 4656.51
 4630.40
 4550.04
 4591.10
 4691.76
 4871.91
 4656.25
 4036.93
 3128.67
 2554.55
 2531.16
 2669.91
 2452.81
 2091.31
 2228.48
 1941.46
 1653.59
 1572.32
 1437.50
 1498.70
 1032.15
 1055.62
 1583.87
 1424.37
 1087.93
  837.95
 1040.42
  852.79
 1195.93
 1309.06
 1381.13
 1233.20
 1041.47
 1492.98
 1830.68
 1210.43
 1458.60
 2073.98
 2024.06
 2755.34
 5369.36
 8575.53
 9716.44
 9976.99
10223.80
10398.34
10509.20
10416.58
10104.16
 9734.28
 9364.15
 8296.58
 6857.94
 6309.84
 6015.32
 5451.47
 5161.34
 4994.50
 4810.69
 4820.35
 4520.08
 4091.27
 3481.81
 2989.69
 2689.99
 2623.67
 2595.24
 2532.35
 2280.21
 1962.24
 1919.74
 1826.10
 1702.66
 1827.97
 2172.50
 2549.11
 2888.35
 2925.41
 3164.10
 3676.43
 3567.21
 3695.72
 3987.10
 4466.87
 4575.29
 4395.37
 4048.43
 3244.20
 2688.63
 2554.43
 2293.44
 1995.09
 2351.46
 2386.57
 3010.76
 3962.23
 4605.57
 4647.76
 4737.47
 4515.32
 3333.46
 2705.73
 2621.09
 2536.59
 2284.57
 2010.01
 1472.70
 1153.54
  963.06
 2869.09
 3904.67
 4568.10
 4675.00
 3848.85
 2877.70
 2979.53
 3641.32
 4114.66
 4080.83
 4178.75
 3713.05
 3373.84
 3599.78
 3660.38
 4493.29
 5022.81
 4753.46
 3756.82
 3161.09
 2557.95
 2348.29
 2421.09
 2505.70
 2365.28
 2221.12
 1513.17
 2158.08
 5363.75
 7521.55
 9393.55
 8183.31
 5696.64
 3566.39
 2420.27
 2351.23
 2331.78
 1783.96
  987.83
 1334.20
 1329.25
 1546.10
 1124.04
  858.23
 1053.50
  682.21
 1632.83
 1719.80
 1718.24
 1686.27
 1902.89
 1991.86
 1514.95
  840.90
  694.61
 1068.28
 1267.89
 1937.69
 2163.29
 2350.07
 2137.33
 1709.40
 1388.35
-281553.78
-281518.61
-281772.30
-281655.24
-281716.60
 1528.74
 1798.12
 1523.93
 1130.10
 1091.27
 1416.66
 1375.49
 1494.28
 1304.36
 1186.84
 1182.60
 1085.36
  980.78
  965.75
  884.73
  718.48
  766.65
  870.09
  907.92
 1016.60
 1122.06
 1088.90
 1100.93
 1239.23
 1189.31
 1332.45
 1259.39
 1199.78
  837.22
 1193.67
  886.43
 1037.64
  969.91
  730.57
  653.27
  802.27
  913.53
 1242.63
 1222.69
 1258.94
 1361.08
 1353.66
 1104.70
 1122.88
 1091.53
 1339.05
 1385.63
 1300.82
 1314.24
 1291.25
 1245.12
 1297.87
 1363.46
 1228.61
 1414.43
 1346.32
 1367.70
 1243.93
 1330.30
 1270.95
 1177.87
 1210.09
 1274.37
 1262.11
 1166.06
 1193.30
 1461.63
 1383.05
 1250.39
 1282.27
 1226.12
 1267.41
 1199.36
 1174.41
 1137.86
 1108.94
 1057.07
  979.54
  731.91
  629.48
  717.21
  854.40
  711.23
  731.96
  742.72
  890.48
  914.58
 1015.75
 1023.54
  862.36
 1057.38
  763.28
  912.82
  970.84
  937.63
  743.52
  667.14
  789.47
  668.16
  756.68
  633.45
  600.69
  758.30
  741.82
  694.95
  608.30
  694.75
  577.07
  721.82
  671.85
  608.44
  397.40
  578.34
  507.89
  581.32
  657.32
  860.07
  886.63
  782.85
  639.96
  956.12
 1141.54
 1532.76
 1391.77
 1302.09
 1241.69
 1325.79
 1167.36
 1189.90
 1315.91
 1293.26
 1191.32
 1327.83
 1206.78
 1084.17
 1126.90
 1147.54
  924.32
 1172.91
 1234.73
 1789.74
 1761.31
 1734.63
 1668.09
 1630.71
  861.46
  750.06
  733.18
 2632.42
 4934.32
 6362.91
 7720.36
 8564.32
 9557.76
 9879.63
 9183.52
 8544.72
 8185.35
 7572.63
 7040.33
 6891.84
 6756.17
 6572.11
 6437.35
 6169.08
 5946.08
 5416.79
 4774.22
 4247.87
 4018.05
 3332.04
 2916.30
 2945.66
 2979.05
 2812.34
 2606.79
 2580.37
 2879.94
 3335.24
 3462.10
 3534.76
 3663.75
 3293.84
 3490.65
 3972.85
 4205.53
 4580.82
 4378.07
 4132.36
 3944.06
 3660.43
 3049.50
 2358.31
 1569.29
 2106.18
 2321.81
 2572.10
 2505.33
 2498.20
 2279.28
 2103.94
 1842.83
 1775.35
 1506.17
 1140.83
 1792.94
 2037.06
 2024.88
 1948.68
 1815.82
 1863.62
 1649.12
 1356.86
 1001.40
 1178.75
 1229.97
 1218.64
 1001.77
  706.68
  611.39
  683.37
  650.01
  585.08
  402.21
  587.57
  875.10
 1326.98
 1525.23
 1549.04
 1743.84
 1898.05
 2203.65
 1655.60
 1405.11
 1688.99
 2131.92
 2830.50
 3410.28
 3772.37
 3959.40
 3926.36
 3995.62
 4007.54
 3764.61
 2962.54
 2370.12
 2071.60
 2023.95
 2310.54
 3646.39
 4209.30
 5010.89
 4303.45
 4057.89
 3738.76
 3172.31
 3153.79
 2823.05
 2542.20
 2208.49
 2109.27
 2204.47
 2176.63
 2230.77
 2186.06
 2103.60
 1837.88
 1099.09
  801.48
 1431.28
 1613.52
 1664.21
 1781.13
  638.80
  109.84
  234.32
  164.12
  128.02
  111.63
   95.46
   -5.18
  -23.73
   69.15
   77.50
   56.63
    0.23
  -68.89
    2.46
  -26.67
  159.79
  193.97
  305.00
  310.07
  379.19
  480.20
  468.64
  349.74
  363.25
  372.99
  193.15
  165.43
  125.42
  116.33
  184.54
   99.00
  119.16
  120.94
  171.52
   75.52
   69.72
  208.87
  800.32
  545.58
  860.80
 1221.42
  655.56
  600.71
  737.31
  224.24
  255.90
  618.30
  607.17
  397.77
  452.14
  517.60
  654.77
  680.77
  392.27
  569.42
  406.80
  393.04
  528.22
  855.76
  965.60
  346.29
  868.62
 1176.25
 1649.80
 1538.57
 1441.55
 1797.78
 1895.47
 2399.26
 3017.27
 2689.05
 2003.90
 1611.00
 1582.32
 1716.11
 1619.38
 1429.66
 1528.60
 1619.72
 1112.09
  882.98
  869.92
  818.72
  856.92
 1078.87
  740.60
 1209.72
 1521.92
 1642.01
 1090.93
 1014.45
 1304.87
 2357.49
 2532.46
 2510.06
 2026.33
 1846.74
 1546.95
 1529.11
 1814.40
 1788.32
 1654.19
 1597.18
 1060.52
  644.49
  672.30
  991.74
 1237.30
 1172.57
  811.33
  927.60
 1146.95
 1095.75
  853.07
 1021.56
  842.77
  964.30
  512.20
  641.23
  463.91
  647.35
  784.94
  917.47
 1103.42
 1442.04
 1264.94
  755.04
 1496.89
 1851.78
 1565.33
 1713.99
 1502.58
 1048.66
  887.82
 1270.46
 1620.77
 1520.73
 1286.52
 1182.77
  569.37
  448.82
 1527.69
 1711.87
 1378.32
 1938.77
 2203.87
 1568.64
 1202.45
 1793.39
 1902.18
 1627.74
 1496.66
 1372.40
 1421.05
 1454.89
 1429.15
 1582.57
 1514.95
 1385.94
 1372.91
 1129.84
  920.35
 1352.47
 1460.33
 1489.69
 1312.34
 1047.41
  987.24
 1172.91
 1132.50
 1121.97
 1116.11
 1493.83
 1877.29
 2104.65
 1801.18
 2121.87
 2123.65
 2160.80
 2082.82
 1387.64
 1093.79
 1165.01
 1292.10
 1324.52
 1163.00
 1160.57
 1060.69
 1120.92
 1021.64
 1020.79
 1128.99
 1042.97
 1096.94
  998.45
 1300.22
 1304.81
 1245.60
 1124.60
 1162.41
 1028.72
 1093.71
  532.33
  577.83
 1309.54
 1478.25
 1555.08
 1630.46
 1576.31
 1465.99
 1533.36
 1484.26
 1818.76
 1938.29
 2241.05
 2358.68
 2487.86
 2446.35
 2349.11
 2170.85
 2225.82
 2182.29
 2113.63
 1974.05
 1908.56
 2135.09
 2243.63
 2357.38
 2372.24
 2550.53
 2234.91
 2111.96
 2295.31
 2663.68
 2990.74
 2809.97
 2461.33
 2382.27
 2510.06
 3043.01
 3552.72
 3636.25
 3564.98
 2835.00
 2178.98
 2018.28
 1760.15
 2227.35
 2318.92
 2233.72
 2137.33
 2243.77
 2272.43
 1948.79
 2214.15
 2084.49
 2085.31
 2031.14
 2027.85
 2430.41
 3100.21
 3433.64
 3498.43
 3573.25
 3647.58
 4238.10
 5315.07
 5589.04
 5244.28
 5072.37
 4849.80
 4820.52
 4783.71
 4941.63
 4639.72
 4380.96
 4135.11
 4082.50
 3742.89
 3527.29
 3640.02
 3928.59
 4020.20
 3772.40
 3818.44
 3645.43
 3391.91
 3455.84
 3671.99
 3729.10
 3774.64
 3553.65
 3343.40
 3167.47
 2706.98
 2535.01
 2952.03
 3183.89
 3320.07
 3189.30
 3204.76
 3160.05
 2719.69
 2183.00
 2295.45
 2292.14
 1929.57
  817.65
  711.12
 1086.89
 1619.13
 1707.39
 1292.64
 1781.61
 1830.80
 1965.56
 1775.10
 2011.43
 2155.62
 2176.52
 2272.65
 2216.02
 1920.96
 1308.83
 1423.88
 1493.35
 2073.73
 2076.33
 2192.43
 1962.58
 1887.54
 2102.89
 1996.93
 1897.23
 2234.31
 2599.97
 2518.53
 2667.76
 3222.46
 2957.69
 2149.62
 2100.52
 1872.11
 2166.35
 2273.96
 2036.35
 1929.91
 2030.49
 1975.69
 2000.59
 1728.97
 1399.19
 2029.67
 3018.32
 3931.20
 5068.60
 5621.12
 5808.83
 6011.78
 5413.47
 4889.72
 4907.05
 4990.39
 4078.11
 2824.10
 2242.72
 1806.02
 1788.92
 1959.53
 1983.45
 1866.31
 1722.03
 1764.14
 1925.43
 2633.92
 2816.00
 2262.29
 2132.03
 1943.24
 2135.80
 1412.53
 1018.56
 1713.17
 1757.17
 1714.47
  703.59
  921.52
 1824.79
 2033.74
 2216.50
 2091.68
 1753.07
 1434.25
 1373.20
 1395.45
 2552.76
 2769.27
 2895.62
 3044.97
 3071.10
 2866.40
 2458.95
 1855.12
 1669.39
 1749.50
 1047.27
  467.23
  676.60
  932.25
 1330.89
 2239.75
 1754.82
  538.47
  248.71
  455.45
  561.52
  424.33
  486.54
  546.94
  429.65
  526.44
  325.64
  764.44
  598.45
 1392.59
 1461.72
 1115.12
  634.67
  686.43
  773.87
  814.93
  871.99
  679.26
  186.89
  212.26
  707.07
  855.59
  941.25
  776.25
  704.83
  296.11
  253.55
  364.64
  454.49
  494.72
  676.94
  572.59
  544.39
  558.07
  615.35
  754.33
  622.60
  667.71
  713.53
  577.30
  557.36
  688.27
  656.67
  927.55
  945.41
  808.02
  783.22
  697.67
  363.16
  257.74
  101.71
   63.12
    3.31
   46.72
  165.29
  212.89
  357.81
   83.65
  229.54
    0.25
 -150.79
  -24.07
  241.51
 1114.49
 1428.25
 1371.24
 1537.35
 1754.57
 1462.68
  408.05
  358.55
  131.56
   82.94
  124.96
  -65.02
  -88.97
   79.57
  251.20
  256.72
  312.82
  679.24
 1383.28
 1384.21
 1449.60
 1738.65
 1775.35
 2211.55
 2319.15
 2265.35
 1816.64
 1837.40
 1621.62
 1627.03
 1240.31
 1654.64
  971.89
  673.71
  776.76
  838.18
  745.87
  953.37
  786.84
  644.41
  419.46
  565.40
  779.36
 1161.95
 1119.11
  787.72
  998.91
  915.51
  958.67
  854.63
  792.62
  649.19
  525.65
  586.47
  732.95
  962.29
  854.80
 1056.70
 1006.78
  936.47
 1175.29
  855.40
 1004.43
 1097.70
 1283.80
 1489.24
 1237.45
  583.67
  738.22
  853.27
  775.60
  974.10
 1237.45
  983.70
  629.29
  638.83
  677.91
  694.56
  388.51
  667.65
  648.54
  666.27
  782.17
  679.46
  586.61
  760.17
  986.87
 1508.81
  668.45
  584.35
  579.39
  655.20
  630.96
  745.24
  555.15
  629.00
  755.58
  764.27
  918.23
  804.54
  794.23
  500.02
  625.18
  491.18
 1140.97
 1272.02
 1024.45
  749.97
  816.91
  466.12
  474.79
  894.16
 1749.75
 2042.83
 2205.29
 2095.93
 1631.16
  818.36
 1000.15
 1163.82
 1211.34
 1081.02
  992.08
  669.69
  580.04
 1002.50
 1465.88
 1427.76
 1285.81
 1375.49
 1431.19
 1452.91
 1960.94
 3463.74
 3667.74
 3482.63
 3250.52
 3103.64
 2946.96
 2892.68
 2906.98
 2619.79
 2470.67
 2307.12
 1841.67
 1806.25
 1817.72
 2130.02
 2090.04
 1988.21
 1994.70
 1570.51
 1676.95
 1528.29
  942.13
 1023.80
 1844.81
 1863.62
 2031.28
 1948.43
 2038.44
 2218.62
 2319.74
 2032.22
 1787.76
 1642.35
 1662.79
 2389.49
 2535.52
 2940.34
 3168.17
 2944.02
 2708.73
 3033.22
 2898.20
 3172.34
 3350.14
 3603.80
 3742.07
 3780.55
 3800.38
 3549.74
 3102.82
 2615.88
 3284.39
 4602.76
 5644.74
 5911.96
 6106.78
 6101.83
 5010.21
 3984.41
 3537.48
 3328.19
 3037.10
 2785.08
 2808.21
 2724.87
 2976.92
 4199.73
 5797.87
 6782.59
 7633.63
 7992.43
 7939.34
 7942.51
 6914.27
 7220.57
 7115.46
 6788.74
 6632.97
 6239.62
 6588.40
 7247.84
 6924.55
 5686.14
 4967.48
 5165.96
 5468.72
 5825.14
 5533.23
 5537.36
 5525.44
 5585.98
 5873.99
 5840.72
 6207.90
 6501.18
 5891.43
 4933.76
 4493.32
 4268.88
 4219.07
 4063.18
 3187.43
 2668.49
 2594.76
 1943.87
 1184.49
 1121.23
  855.17
 1350.01
 1950.58
 2580.97
 5574.28
 8159.36
 9090.16
 9376.30
 8757.32
 8095.19
 7275.31
 6939.38
 6814.59
 6866.84
 6708.26
 6712.40
 6781.18
 6904.47
 7621.25
 8718.30
 8139.45
 6381.91
 4849.15
 2743.19
  786.73
 1559.66
 3383.86
 4148.56
 4060.75
 3978.40
 3808.98
 3658.31
 4143.15
 4699.55
 4790.76
 4623.69
 4410.72
 4428.53
 4078.93
 2949.91
 1650.99
 1399.19
 1509.40
 1462.23
 1276.50
 1357.76
 1472.62
 1739.25
 1916.94
 1565.21
 1512.94
 1561.82
  965.35
  855.03
 1019.41
 1181.27
  922.31
  973.02
  594.06
  295.80
  318.79
  537.99
  251.54
  516.92
  705.91
  928.45
  384.03
  522.56
  782.59
 1137.06
 1160.42
 1050.56
  236.93
  235.74
  348.52
  775.06
  893.54
 1725.80
 2394.53
 2288.68
 1685.67
 1674.46
 1638.02
 1667.15
 1616.55
 1358.02
  708.26
  505.94
  874.40
 1113.45
  973.05
 1030.39
  799.16
  626.74
  499.20
  818.24
 1819.61
 1975.81
 2493.89
 2350.18
 2178.98
 1904.53
 1491.93
 1448.04
 1438.75
 1224.48
 1127.27
  826.77
  981.29
  890.11
 1240.19
 1330.89
 1810.75
 2063.85
 1239.46
  860.72
 1400.98
 1936.16
 1771.22
 2078.12
 1589.88
 1145.87
  730.46
 1078.39
 1514.61
 1238.64
 1227.20
 1465.74
 2313.26
 2361.51
 2174.96
 2261.47
 2121.75
 2182.66
 1989.15
 2184.76
 1324.49
 1276.72
 1335.48
 1516.48
 1233.91
 1159.83
 1236.65
 1244.41
 1308.83
 1253.73
 1376.79
 1127.72
 1097.87
 1096.60
  641.29
 1106.85
 1202.64
 1259.51
 1635.64
 1856.88
 1189.56
 1071.20
 1077.00
 1297.36
 1002.78
 1109.09
 1150.03
 1296.32
 1223.66
 1595.54
 1643.11
 1553.18
 1543.49
 1370.79
 1461.86
 1386.00
 1251.72
 1230.03
 1488.87
 1513.42
 1651.13
 1057.63
 1023.88
  997.01
 1403.92
 1546.10
 1569.23
 1500.68
  821.08
  564.69
  997.09
 1671.52
 1735.26
 1634.00
 1593.64
 1265.90
 1293.51
 1350.94
 1458.43
 1562.86
 1275.19
 1637.08
 1318.26
  981.41
 1121.57
 1183.53
  558.32
 1367.36
 1646.40
 1720.62
 1754.12
 1794.47
 1890.26
 1955.87
 2085.65
 2045.78
 1701.36
 1410.35
 1715.89
 1699.24
 1711.07
 1640.51
 1684.03
 1385.18
 1336.78
 1279.36
 1454.78
 1502.44
 1513.42
 1496.89
 1225.19
  809.38
 1025.66
 1598.03
 1688.87
 1771.33
 1900.77
 1830.09
 1481.45
 1321.80
 1577.36
 1188.15
 1689.44
 1737.49
 1513.76
  963.71
 1275.22
 1658.06
 1825.98
  947.79
  488.10
  366.59
  337.20
 1277.20
 2204.01
 3146.60
 3363.81
 3180.46
 2996.04
 3150.96
 3276.74
 3588.68
 3650.86
 3808.36
 3541.62
 3321.82
 3188.59
 3227.41
 3556.37
 3733.46
 3723.41
 3260.23
 2648.11
 2293.55
 2112.92
 2279.87
 2093.21
 1580.19
 1417.74
  862.25
  787.94
  946.75
 1236.77
  849.17
  749.58
  636.53
  390.89
  560.87
  682.15
  959.86
 1112.91
 1147.51
 1098.64
  773.53
 1147.20
 1541.80
 2241.50
 2337.56
 2491.88
 2376.01
 2310.88
 2242.69
 2824.27
 4169.60
 4952.45
 5549.25
 5056.77
 5107.25
 5047.73
 4899.55
 4370.00
 3751.50
 3412.18
 2989.78
 2699.30
 2528.47
 2359.98
 2460.73
 2450.82
 2409.88
 2228.05
 2060.28
 1959.04
 1947.49
 1986.43
 2019.81
 2218.85
 1591.77
 1326.30
 1582.43
 1777.11
 1659.25
 1559.21
 1568.53
 2789.69
 3571.69
 4035.21
 4371.41
 4781.19
 5332.77
 5076.22
 4608.65
 4210.74
 3936.66
 3266.57
 2307.71
 2189.37
 2313.00
 2360.92
 2256.51
 2217.69
 2655.64
 3387.63
 4138.45
 5342.34
 6199.86
 6587.49
 6820.03
 6105.59
 5374.54
 5210.07
 5079.70
 4526.56
 3284.16
 2622.03
 2269.00
 1893.92
 1973.20
 1736.76
 1651.41
 1052.48
  894.05
  994.29
 1130.38
  846.36
  832.15
  742.21
  731.20
  501.94
  576.22
  460.12
  636.85
  579.31
  445.28
  492.91
  469.24
  315.02
  448.85
  284.44
  129.92
  286.59
  314.77
  268.53
  239.16
  356.51
   86.28
  334.42
   90.61
  559.37
  714.75
 1059.08
 1043.56
 1176.59
  643.16
  899.23
  329.81
  286.85
  689.46
  886.12
  856.64
  907.24
 1069.19
  738.33
  579.59
  741.28
  658.59
  542.98
 1358.76
 1294.31
 1279.44
  933.32
  711.23
  901.89
 1277.37
 1211.73
  730.57
 2163.41
 2733.06
 1932.96
  527.17
 -441.74
 -436.08
 -302.99
 -249.19
 -510.52
 -862.96
   42.14
  694.70
 1152.01
 1484.54
 1442.18
 1603.10
 2280.81
 2098.99
 1472.87
 1448.49
 1493.83
 1261.80
 1102.52
  771.27
  840.33
  982.34
  720.18
  783.67
  503.67
  327.00
  442.96
  493.90
  451.60
  509.19
  902.77
  592.28
  555.75
 1073.18
 1147.71
 1153.40
  566.59
  631.04
  762.74
  682.72
  735.05
  773.19
 1456.42
 1841.67
 1362.75
  788.28
  722.11
  632.34
  852.03
  872.90
 1009.67
  961.30
  721.88
  749.97
  670.57
  862.81
 1104.95
 1066.55
  621.33
  455.84
  557.76
  603.35
  501.15
  665.13
  909.91
  956.68
  598.31
 1010.71
 1309.23
 1307.70
 1642.26
 1495.72
 1529.34
  968.52
 1003.63
 1774.53
 2022.90
 2103.46
 2166.01
 2258.16
 1938.51
 1572.21
 1764.68
 1892.87
 1798.01
 1416.98
 1446.28
  818.22
  862.33
 1072.30
 1079.83
 1268.76
 1336.19
 1276.69
  868.00
  705.46
  920.04
 1315.80
 1077.68
 1120.58
 1036.76
  784.15
  864.99
 1011.85
  810.46
 1035.09
 1042.88
  960.37
  912.99
  914.75
  897.67
 1011.56
  912.23
  868.53
  863.07
 1236.77
 1106.51
 1655.94
 1872.68
 1806.61
 1729.11
 1973.68
 1470.35
 1324.52
 1852.86
 1902.67
 1883.66
 1928.04
 1668.68
 1094.81
  832.23
  767.24
 1105.55
 1127.61
 2029.50
 2052.35
 2806.09
 2922.89
 3175.03
 3096.93
 3013.62
 2937.76
 2666.85
 2256.37
 2161.99
 2149.96
 2226.41
 2133.08
 2117.17
 1887.43
 1733.70
 1071.06
 1061.17
 1084.20
 1208.90
 1368.41
 1136.41
 1239.29
 1294.59
 1340.92
 2116.34
 2242.35
 1938.88
 1991.75
 2095.45
 2047.31
 2127.08
 2051.67
 1742.70
 1868.94
 2641.85
 3366.05
 4457.78
 4068.20
 4391.01
 4510.87
 4442.43
 4266.87
 3960.48
 3997.86
 3642.74
 2926.77
 2428.17
 2151.74
 2143.59
 2058.15
 1997.75
 1913.74
 1754.00
 1735.48
 1680.01
 1953.64
 1811.80
 1330.95
 1751.06
 1661.38
 1592.68
 1662.40
 1612.05
 1719.06
 1934.52
 2033.38
 2079.39
 2154.20
 2143.95
 2023.24
 2018.28
 2131.21
 2360.21
 2152.08
 2365.39
 2341.58
 2342.88
 2322.21
 2324.33
 2324.11
 2468.75
 2390.54
 2448.81
 2460.14
 2448.22
 2265.83
 2221.57
 1975.10
 2088.03
 1941.60
 2365.14
 2756.16
 2885.71
 3821.95
 4240.53
 4405.11
 4466.36
 4513.68
 4517.05
 4332.59
 4244.58
 4113.50
 3620.08
 2994.31
 2613.62
 2706.27
 2759.59
 3028.85
 3434.47
 3513.30
 3615.35
 3871.85
 4292.66
 4833.52
 5251.25
 5336.20
 5082.39
 4638.19
 4467.18
 4851.02
 4808.17
 5449.35
 5292.93
 4705.52
 4119.14
 3797.88
 3524.51
 3353.34
 3572.96
 3871.56
 3931.54
 3886.03
 3781.23
 4081.82
 3981.38
 3973.33
 3871.99
 3355.66
 3284.13
 2663.28
 1823.46
 1796.56
 1947.01
 1991.27
 2054.87
 1886.38
 1947.26
 2139.34
  833.22
 2344.63
 2398.55
 2623.92
 3467.48
 4197.04
 4383.11
 4836.89
 5315.36
 5237.48
 5011.74
 4233.37
 3318.25
 3008.89
 2998.64
 2926.06
 3017.27
 2779.67
 2473.96
 2876.45
 3245.93
 3306.25
 3118.51
 3049.38
 3070.96
 3201.79
 3031.23
 2734.56
 2869.88
 2501.17
 1913.99
 1465.06
 1336.56
 1445.26
 1499.07
 1444.27
 1517.05
 1186.42
 1215.02
  888.95
  380.04
  439.62
  503.45
  702.12
  960.31
 1019.18
  375.88
  420.28
  181.45
  930.21
 2764.09
 3965.55
 4171.44
 4200.92
 3760.36
 3014.33
 2364.23
 1850.87
 2144.07
 2113.00
 2094.26
  834.87
  291.66
   39.64
  452.59
 1506.03
 1776.77
 2231.96
 2451.70
 2087.15
 1458.97
  939.92
  144.98
 -396.44
-1008.08
 -869.33
 -651.29
  339.80
  993.35
 1638.36
 1753.52
 1908.78
 1888.51
 1987.84
 1834.93
 1978.87
 1751.77
 1939.99
 2737.53
 2790.63
 2652.81
 2264.87
 2086.95
 1151.16
 1059.62
 1287.28
 1427.17
 1370.54
 1327.49
 1417.85
 1510.00
 1497.88
 1543.47
 1737.75
 1803.78
 1675.51
 2004.24
 2082.22
 2047.19
 1903.60
 1934.27
 1489.66
  879.01
 1283.35
 1272.62
 1254.86
 1034.05
 1062.67
  876.80
  541.96
  864.32
  946.09
  851.06
  287.08
  171.12
  147.02
  484.98
  868.53
 1012.30
 1101.19
 1044.55
  999.07
  955.41
  977.50
 1031.50
  958.95
 1239.09
 1288.81
 1200.32
  485.63
  528.28
  576.47
 1202.19
 1669.39
 1648.75
 1511.89
 1074.85
  960.85
 1011.17
 1048.37
  902.77
 1224.51
 1295.69
 1516.14
 1587.87
 1795.29
 1949.50
 1789.28
 1661.72
 1514.24
 1165.21
 1397.55
 1359.52
 1898.87
 1422.07
  897.84
 1084.03
 1644.02
 1393.42
  964.33
 1074.34
 1125.88
 1580.19
 1680.83
 1338.45
 1143.77
 1366.12
 1721.07
 1699.49
 1768.05
 1419.98
  839.31
  908.04
 1216.44
 1134.12
 1128.94
 1559.21
 1795.51
 1478.14
 1202.81
 1276.35
 1491.00
 1495.13
 1493.01
 1532.65
 1128.23
  502.68
 1009.24
 1226.37
 1495.72
 1632.24
 1619.24
  986.84
  725.59
 1327.13
 1970.85
 1989.03
 1946.90
 1613.47
 1093.03
 1189.82
 1379.40
 1791.98
 1883.07
 1793.87
 1847.67
 1791.27
 1566.63
 1546.58
 1653.48
 1711.27
 1667.27
 1761.53
 1710.00
 1452.65
 1281.56
 1458.32
 1463.16
 1463.27
 1310.96
  952.72
  679.60
 1350.94
 1631.05
 1531.23
 1594.72
 1750.58
 1273.78
 1196.39
  965.38
 1559.78
 1633.40
 1830.46
 1767.68
 1286.26
 1266.47
 1497.14
 1499.86
 1872.68
 1657.24
 1855.69
 1965.25
 2194.67
 2471.35
 2618.26
 2873.34
 3190.49
 2559.84
 2029.61
 1627.74
 1507.16
 1597.30
 1510.65
 1875.00
 2300.26
 2353.98
 2217.04
 2202.20
 2514.76
 2685.14
 2557.49
 2471.83
 2317.85
 2744.16
 3886.71
 4948.06
 5903.13
 6406.09
 6397.00
 6223.93
 5960.92
 5370.06
 4396.19
 4285.98
 4125.88
 3897.47
 3492.12
 3659.61
 3529.92
 3997.57
 4568.92
 5134.21
 5757.92
 5845.67
 5482.96
 4572.94
 2682.26
 2440.23
 2483.33
 1493.43
 2227.26
 2114.28
 2453.23
 2709.92
 2873.82
 2834.18
 3007.48
 3474.00
 5366.52
 3101.40
 3060.99
 3213.82
 3463.97
 3450.92
 3776.05
 3874.82
 4027.93
 4026.32
 3973.45
 3751.98
 3705.83
 3187.40
 3193.91
 3192.95
 3402.86
 3326.63
 3069.21
 3070.14
 2800.82
 2841.00
 3372.22
 4871.72
 5729.01
 6011.61
 6497.53
 5942.52
 4885.11
 4660.33
 4580.02
 4272.53
 4563.26
 4113.25
 3684.76
 3823.26
 3571.35
 3013.31
 2403.53
 2386.37
 2337.73
 2347.35
 2419.79
 2554.66
 2570.35
 2350.41
 2356.36
 2404.47
 1998.40
 1844.47
 1987.25
 2467.93
 3079.23
 2837.72
 3280.17
 3763.42
 5496.78
 7167.48
 7779.83
 7999.40
 7522.37
 6014.98
 5613.81
 5509.38
 5524.39
 5114.16
 4631.76
 4564.51
 4278.51
 4469.45
 4426.72
 4391.29
 4340.04
 4747.69
 4990.25
 5746.31
 5849.33
 5573.58
 6104.63
 5847.43
 5681.92
 5552.45
 4700.96
 3785.14
 3384.66
 2665.80
 1824.60
 1545.28
 1587.81
 1604.52
 1534.46
 1174.72
  857.52
  844.44
  697.39
  880.68
 1046.70
  182.64
   47.80
  936.52
 1150.88
 1081.51
  847.24
  944.88
  181.37
  270.99
  251.00
  315.76
  506.87
  655.90
  849.05
  843.16
  644.52
  982.96
 1200.75
 2170.97
 2042.47
 2470.76
 2319.04
 2739.65
 3713.64
 4764.79
 4710.03
 4250.73
 3203.34
 2447.28
 2026.07
 2188.07
 1994.70
 1558.84
 1302.94
 1405.22
  678.08
  439.65
  544.73
 1006.01
  823.77
 1410.55
 1136.64
  831.81
  442.82
  467.06
  806.24
 1993.02
 2161.17
 2378.84
 2326.23
 2218.29
 2982.70
 4138.73
 3982.54
 3615.83
 3337.62
 3040.61
 2839.05
 2784.96
 2864.59
 3127.54
 3355.18
 3422.91
 2958.43
 2657.42
 3572.31
 3939.95
 4373.14
 4797.81
 4820.35
 4592.99
 4280.86
 4248.49
 4222.13
 4173.70
 4229.77
 3905.88
 3526.72
 3566.22
 3689.09
 3352.01
 3420.76
 3091.60
 2498.48
 2611.89
 2165.19
 2115.04
 2134.50
 1924.50
 1820.89
 1936.99
 1752.81
 1282.70
 1231.70
 1481.79
 1527.69
 1469.30
 1440.62
  953.68
  745.67
 1173.39
 1297.90
 1324.61
 1371.72
 1378.69
 1193.92
 1036.79
 1267.75
 1298.92
 1360.14
 1365.58
 1091.39
  656.87
  678.98
  965.15
 1141.88
 1250.78
  976.96
 1118.63
  464.48
  617.59
 1508.69
 1732.99
 1546.58
 1574.30
 1555.19
 1545.99
 1336.81
 1492.30
 1597.89
 1365.38
 1110.16
 1356.32
  820.85
  905.57
 1218.11
 1505.41
 1452.65
 1437.90
 1218.93
 1100.11
  963.25
  796.30
 1198.62
 1323.81
 1240.87
 1196.39
  489.26
  471.28
 1119.22
 1392.96
 1328.17
 1267.66
 1069.07
  721.97
  633.67
 1068.48
 1309.65
 1306.82
 1236.63
 1242.51
  869.10
  806.83
  938.62
 1051.52
 1085.50
 1455.49
 1693.83
 1781.24
 1666.90
 1747.15
 1765.44
 1761.79
 1842.38
 1550.23
  801.65
  757.48
 1264.83
 1488.87
 1501.16
 2439.72
 1145.19
  534.14
  483.37
  931.77
 1236.40
 1219.75
 1272.73
 1219.52
  948.90
  854.09
  949.38
 1203.95
 1161.59
 1053.75
 1212.67
  968.97
 1092.18
 1225.64
 1833.40
 1967.31
 1976.52
 2596.32
 2791.50
 2655.24
 2403.76
 2411.77
 2422.99
 2457.05
 2281.63
 1870.70
 1407.94
 1384.69
 1393.19
 1443.68
 1631.05
 1767.20
 1592.60
 1143.07
 1398.85
 1560.97
 1558.25
 1512.01
 1442.04
  886.09
  590.41
 1161.36
 1436.60
 1309.77
 1328.29
 1093.48
 1151.19
 1027.90
  985.09
 1048.54
 1062.00
 1382.09
 1304.81
 1140.83
 1002.78
 1220.34
 1481.68
 1502.21
 1345.28
 1343.15
 1220.23
 1019.18
 1153.57
 1262.59
 1289.12
 1414.20
 1421.51
  788.68
  741.14
  811.08
  741.42
  962.29
  741.14
 1353.06
 1424.93
 1486.52
 1757.88
 2412.00
 2527.51
 2535.07
 1790.81
 1142.95
 1204.40
 1177.27
 1458.54
 1904.11
 2667.82
 4435.35
 5508.11
 6396.66
 6583.33
 5919.86
 6149.60
 5840.83
 4877.24
 4344.29
 3638.94
 3347.90
 3439.79
 3623.62
 3499.14
 3753.28
 3132.44
 2546.39
 2393.48
 2379.92
 2620.02
 2471.01
 2672.52
 2828.26
 2799.94
 2672.63
 2595.13
 2744.38
 3192.61
 4299.91
 4925.94
 5005.82
 5075.09
 4996.88
 5073.44
 4820.46
 4243.51
 3604.51
 3366.99
 3400.15
 3225.88
 3420.19
 3505.03
 3874.57
 4038.46
 3891.22
 3769.68
 3271.19
 2941.19
 3108.71
 3065.89
 3115.08
 2935.04
 2685.97
 2352.08
 2215.43
 2078.82
 2309.95
 2238.93
 3640.39
 4366.68
 4294.73
 4055.79
 4259.79
 4002.47
 3755.18
 3730.15
 3322.64
 3078.15
 2552.65
 1999.40
 2059.23
 2624.63
 2458.61
 2649.64
 2977.18
 3029.79
 2440.43
 1983.71
 2168.48
 1900.43
 2113.26
 2375.90
 2285.28
 1906.91
 1503.91
  934.97
  545.64
  970.93
 1073.69
 1661.60
 1254.55
 1206.18
 1424.20
 1597.30
 1411.96
 1488.42
 1555.67
 1557.43
 2418.97
 3477.31
 5137.27
 6923.84
 6229.48
 3836.08
 2761.97
 2744.27
 3623.37
 4048.12
 3961.87
 3750.68
 4243.87
 4515.72
 4660.47
 4524.78
 4911.08
 4705.44
 4730.22
 4509.57
 3935.11
 4262.28
 4092.97
 4475.48
 4296.15
 4057.58
 3922.25
 3409.35
 2350.89
 1996.11
 1854.41
 1621.37
 1666.67
 1674.35
 1449.57
 1720.14
  765.38
  682.80
  734.34
 1334.09
 1163.82
 1734.18
 1668.09
 1143.29
  870.97
  908.63
 1223.77
 1087.48
 1432.49
 2365.65
 4042.46
 4139.33
 3697.59
 4783.65
 2951.44
 2466.17
 2035.50
 2137.33
 3420.08
 2540.13
 2442.70
 2107.37
 1720.96
 1285.95
  586.02
  499.08
  559.37
  603.38
 1003.72
  805.39
  484.93
  385.93
 1065.19
 1933.45
 2935.04
 3287.95
 2402.91
 1897.71
  574.12
  538.02
  651.29
  877.82
 1024.14
  934.46
  877.82
  513.72
  581.32
 1145.53
 1237.67
 2135.80
 2317.85
 1731.94
 1725.32
 1638.95
 1783.85
 1637.42
 1453.96
 1504.11
 1449.00
 1083.83
  532.47
 1316.14
 1499.26
 1612.87
 1578.89
 1462.23
 1343.29
 1152.01
 1564.99
 1604.26
 1632.69
 1425.41
 1472.48
 1415.84
 1471.77
 1408.42
 1699.95
 1422.92
 1788.44
 1427.40
  923.24
 1062.70
 1482.16
 1700.43
 1664.92
 1397.66
 1393.08
 1205.96
 1387.53
 1434.47
 1808.97
 1534.77
 1396.62
 1127.61
  855.17
  770.81
 1067.43
 1189.31
 1189.31
  976.93
  679.60
  764.55
  736.24
  849.51
  736.24
  906.14
  792.87
  679.60
  792.87
  651.29
  676.06
  906.14
  899.06
 1058.82
  968.92
  997.83
  957.93
  910.98
 1344.23
 1463.50
  900.14
  733.63
  869.44
 1100.48
 1122.65
 1004.06
  988.26
  986.36
 1130.44
  737.65
  575.20
 1141.65
 1221.87
  933.61
 1022.12
 1091.02
  811.99
  785.57
  782.03
  882.78
  835.72
  847.95
  817.31
  719.73
  647.75
  643.27
  841.94
 1124.83
 1099.06
 1042.99
  768.21
  734.23
  723.50
  629.12
  578.60
  622.26
  590.63
  599.38
  654.94
  764.55
  986.62
  991.80
 1021.05
 1017.65
  723.61
  642.79
  555.01
 1140.94
  963.00
  706.99
  867.32
  661.31
  669.10
  874.51
  991.09
 1007.23
 1003.12
  942.95
  792.16
  736.24
  850.33
  736.61
  622.97
  644.09
  622.97
  566.34
  651.29
  651.29
  538.02
  622.97
  538.02
  509.70
  396.44
  311.49
  657.66
  833.93
  934.23
 1511.52
 1871.97
 1758.84
 1827.97
 1971.45
 2671.47
 3221.52
 3282.52
 2910.63
 2078.82
 1887.09
 1879.90
 2038.81
 2037.62
 1291.96
 1243.48
 1132.67
 1742.68
 2001.07
 1804.01
 2012.85
 2323.40
 2506.98
 2571.40
 2387.22
 2088.37
 2107.82
 1716.57
 1671.03
 1641.07
 1837.06
 2441.03
 3240.38
 3911.83
 4140.63
 3775.71
 3381.85
 3347.28
 3524.85
 3894.64
 4102.40
 4161.87
 4271.14
 4185.14
 5346.93
 7295.58
 8138.15
 7493.09
 6588.28
 5807.22
 5592.10
 6230.19
 6470.06
 5393.31
 4666.13
 4721.95
 4444.19
 4214.48
 4187.69
 3786.93
 3317.49
 2991.82
 2590.88
 2282.82
 2044.48
 2073.27
 2024.77
 1966.75
 1865.37
 1709.37
 1635.07
 1813.72
 1874.21
 1138.54
 1191.91
 2044.84
 1885.62
 1300.85
 1196.25
  711.01
  952.13
 1809.16
 2279.79
 1998.60
 2176.21
 2467.81
 2369.89
 2380.40
 2448.56
 2687.38
 2525.55
 2492.14
 2056.74
 1613.04
 2329.03
 3830.11
 4619.87
 4743.47
 5177.23
 5050.85
 4168.24
 3386.92
 3222.80
 2395.95
  927.60
  945.81
  951.30
 1096.00
 1037.70
 1219.04
 1030.82
  950.74
 1082.10
  879.01
  920.33
  904.21
  992.79
 1030.20
 1020.96
  892.15
 1183.45
  660.55
  682.49
  679.01
  526.67
  646.70
  445.85
  440.19
  449.59
  424.16
  946.58
  524.43
  518.28
  721.12
  670.66
  401.14
  388.82
  267.54
  282.55
  446.47
  375.00
  646.16
  589.92
  605.92
 1011.59
  999.47
 1056.19
 1653.82
 2246.04
 1815.48
 1583.02
 1714.13
 3058.13
 4567.28
 5015.99
 4244.02
 2824.95
 1884.77
 1527.78
 1313.56
  426.51
  804.03
  888.13
  656.38
  631.61
  745.44
  724.57
  595.50
  615.55
  443.95
  531.68
  616.51
  476.91
  489.43
  414.30
  752.97
  691.50
  592.16
  869.16
 1146.97
 1159.04
 1015.90
 1013.86
  800.83
  663.63
  817.88
  637.53
  961.13
  796.61
  715.40
  599.47
  768.86
  805.10
  710.07
  867.06
  973.33
  503.13
  668.84
  715.99
  698.15
  936.38
 1013.49
 1779.15
 1963.09
 1792.80
 2031.54
 1810.66
 1915.21
 2301.90
 2388.21
 2349.42
 2222.76
 1550.60
 1141.79
 1871.46
 2380.09
 2142.65
 2194.47
 2244.51
 2202.88
 2096.10
 2104.34
 1919.57
 1828.90
 1695.58
 1747.80
 1356.18
 1484.57
 1717.64
 1683.10
 1625.84
 1591.97
 1529.05
 1416.47
 1006.86
 1368.41
 1368.27
 1300.79
 1377.22
 1406.02
 1274.80
 1167.70
 1191.46
 1310.82
 1442.26
 1450.22
 1209.72
 1196.56
 1041.61
  805.67
  834.27
 1071.25
 1061.09
  857.29
  853.53
  612.35
  943.83
 1057.35
  925.76
  931.74
  996.64
 1146.24
 1099.34
 1220.46
 1303.25
 1229.52
 1252.31
 1331.57
  875.50
  818.05
  832.12
  859.84
  973.50
  887.93
  812.47
  698.29
  729.98
  851.40
  624.16
  637.02
  673.32
  705.00
  626.65
  576.90
  664.40
  731.62
  757.73
  651.88
  737.97
  697.95
  663.12
  989.22
 1002.42
  881.90
  935.08
  732.81
  699.14
  742.07
  699.40
  852.05
  692.43
  819.94
  667.63
  704.18
  674.79
  964.73
 1264.80
 1183.22
 1280.77
 1133.75
  646.25
  548.55
  864.15
  849.87
  851.15
  843.93
  748.30
  759.09
  779.87
  841.94
 1043.48
 1058.54
 1025.32
 1108.46
  904.21
  887.53
  890.20
 1029.69
 1615.48
 1699.89
 1454.18
 1322.11
 1377.70
 1389.00
 1169.06
 1032.29
  831.10
  725.87
  682.89
  539.35
  943.04
  938.62
 1012.41
 1013.40
  712.76
  678.50
  554.25
  998.76
 1057.63
  721.09
  758.81
  660.97
  637.84
  653.64
 1014.48
 1256.56
 1247.90
 1231.16
 1160.03
  703.28
  578.63
  903.82
  947.74
 1205.11
 1024.02
  843.87
 1165.12
 1055.79
 1045.20
 1669.42
 1654.92
 1720.16
 1816.24
  839.00
  922.79
 1159.74
 1349.61
 1468.62
 1088.39
  734.51
  779.36
  659.70
  795.70
  795.36
  570.64
  562.85
  561.44
  563.00
  625.66
  583.53
  517.41
  824.53
  943.80
  948.25
  827.22
  648.88
  818.24
 1280.88
 1682.70
 1416.55
 1629.49
 1527.89
 1222.78
 1250.84
 1085.47
 1198.96
 1257.89
 1635.30
  922.93
  630.22
 1239.34
 1368.16
 1610.75
 1810.55
 1504.64
 1059.67
  677.82
  745.21
  572.43
  685.24
  632.68
  678.33
  740.60
  607.06
  630.67
  663.78
  744.76
  444.55
  517.09
  690.34
  587.38
  446.36
 1346.55
 1778.69
 2238.31
 2135.88
 1886.50
 1873.05
 1787.87
 2029.53
 2060.42
 1893.21
 1862.77
 1878.48
 1730.39
 1049.51
  865.50
  774.27
  749.63
 1037.59
  907.81
  653.01
 1252.48
 1409.07
 1305.24
 1042.03
  654.03
  545.13
  600.63
 1294.28
 1398.37
 1308.38
 1331.49
 1511.13
 1025.58
  959.77
 1640.62
 1464.29
 1404.57
 2248.16
 2674.27
 2402.26
 2437.88
 2413.70
 2569.61
 2079.28
 1455.77
  622.55
  878.39
  969.51
 2274.72
 3654.71
 5509.95
 5540.81
 5921.31
 5687.27
 5356.44
 4366.37
 4051.46
 3321.71
 2298.54
 2256.37
 2497.04
 2502.93
 2410.05
 2524.39
 2459.18
 1824.74
  690.08
  676.26
  862.53
 1356.21
 2041.02
 1669.50
 1726.65
 1518.77
 1521.41
 1226.49
 1778.69
 1942.28
 1449.37
 1176.42
 1178.66
  689.91
  425.55
 1102.18
 1204.09
  810.77
  796.24
  800.69
  606.89
  468.79
  336.89
  438.80
  607.51
  475.30
  506.53
  478.30
  588.85
  610.68
  618.67
  554.27
  152.15
  311.77
  687.96
  891.98
 1253.45
 1518.49
  872.22
 1336.67
 1293.46
  685.13
  618.44
  599.50
  782.11
  525.82
  740.43
  603.38
  643.08
  718.23
  634.58
  564.44
  625.83
  660.43
  685.18
  654.26
  697.84
  734.51
  829.06
  797.54
 1093.48
  911.24
  516.78
  403.23
  912.09
 1026.51
 1050.53
  819.29
  773.02
  881.81
  741.34
  589.02
  613.23
  608.70
  833.25
  742.72
  743.57
  838.80
  901.83
  977.50
 1210.91
  866.44
  878.56
  497.19
  587.40
 1168.86
 1108.75
  907.13
  928.68
  735.93
  843.22
  957.00
  957.45
  687.39
  863.72
  863.30
  807.00
  565.74
  525.16
  856.56
 1377.76
 1672.90
 1328.97
 1477.80
  765.60
  902.68
 1525.74
 1697.34
 1122.90
 1555.44
 1632.61
  829.71
  684.28
  688.75
 1542.48
 1148.05
 1325.43
 1280.46
 1020.85
 1004.74
 1355.58
 1400.47
 1347.23
 1307.16
 1304.13
  906.28
  698.86
 1213.46
 1437.16
 1147.68
 1117.10
 1246.76
  788.65
  703.50
  827.16
  819.43
  733.80
  754.16
  562.15
  488.72
  566.71
 1233.14
 1444.58
 1294.62
 1238.92
 1123.50
 1135.28
 1011.82
 1100.59
 1033.48
 1049.62
 1049.96
  688.24
  559.54
  605.61
  637.02
  901.10
  645.54
  697.87
  863.81
  952.98
  855.82
  913.81
 1476.19
 1611.37
 1183.79
 1065.70
  730.60
  719.87
  866.89
 1065.00
  922.90
  906.76
  910.10
  635.85
  604.99
 1104.90
 1361.90
 1319.23
 1067.01
  889.35
  683.23
  686.71
 1037.59
 1202.81
 1268.14
 1328.43
 1183.25
  621.55
  659.10
  812.24
 1033.90
 1059.02
 1005.45
  911.66
  688.47
  671.28
  979.45
  875.98
  929.76
  969.65
 1287.14
 1500.71
 1641.22
 1590.59
 1862.82
 1977.00
 1777.87
 1638.55
 1393.36
  918.97
 1498.50
 1847.65
 1541.77
  795.96
  671.79
  711.06
  665.93
 1049.42
 1058.17
  970.93
 1305.46
 1338.40
  847.78
  826.17
 1008.87
  891.30
  667.46
  622.26
  517.92
  719.25
  646.08
  560.99
  617.00
  671.90
  563.00
  542.07
  456.33
  416.80
 1852.37
 3389.87
 3719.62
 3129.15
 2328.24
 2354.04
 2132.54
 1661.58
 1682.02
 1600.24
 1606.22
 1395.17
  894.93
  899.97
  933.66
 1163.60
 1154.48
  824.76
  599.92
  637.87
  629.06
  638.97
  603.43
  631.47
  673.71
  586.53
  639.39
  618.81
  626.34
  638.35
  597.54
  644.89
 1496.97
 1953.61
 2071.92
 3634.33
 4648.97
 4562.35
 4592.43
 3852.14
 2595.98
 2804.95
 2679.09
 2412.74
 2239.92
 2273.73
 2256.88
 1889.72
  736.66
 1352.21
 1866.73
 1695.13
  818.75
  631.72
  585.11
  699.71
 1555.95
 1542.50
  936.01
 1625.36
 2897.58
 4619.30
 5254.11
 6002.38
 6644.09
 6959.71
 7039.54
 6647.29
 6411.08
 5782.27
 5637.40
 5583.66
 5563.33
 5007.47
 4016.15
 3433.84
 2645.16
 1826.18
 2080.61
 2165.22
 2239.86
 2109.32
 1121.94
  729.81
  785.93
  681.47
 1536.90
 1848.35
 2163.32
 1876.59
 2229.84
 1869.53
 2299.21
 2207.98
 2086.44
 2346.65
 2403.08
 2471.89
 2510.71
 2452.86
 2191.44
 2185.72
 2028.17
 1097.25
  472.98
 1394.72
  609.38
  639.05
  619.32
  641.63
  503.50
  586.44
  524.43
  757.02
  796.95
  497.05
  689.09
 1289.75
 1365.30
 2117.25
 2347.49
 2391.27
 2283.10
 2144.63
  723.67
  807.71
 1342.64
  937.29
  729.44
  631.04
  505.31
  592.73
  662.22
  880.60
  808.30
  908.15
  842.71
  851.03
  569.40
  583.58
  870.71
  767.16
  570.64
  503.53
  399.58
  392.22
  448.82
  631.47
  555.01
  570.05
  628.78
  487.02
  503.98
  621.02
  613.48
 1262.53
 1280.97
  580.27
  518.93
  473.12
  362.43
  613.23
  564.10
 1359.12
 1189.65
 1021.93
  892.32
  933.92
 1729.99
 1416.75
 1435.92
 1819.58
 2089.67
 2069.08
 2025.84
 1480.57
 1472.05
 1195.82
 1562.55
 1790.30
 1678.68
 1336.10
 1196.75
 1160.85
 1155.67
 1148.39
 1144.03
  813.26
  690.42
  669.98
  804.85
  842.45
  637.50
  709.62
  714.24
  910.73
 1380.28
 1390.58
  814.22
 1072.25
 1194.72
 1605.11
 1344.65
 1475.19
 1120.13
 1447.98
 1642.97
 1608.34
  554.13
  944.71
  929.56
 1025.81
  786.25
  667.54
  758.50
  617.53
  544.84
  732.50
  856.67
  876.24
  764.72
  945.53
  599.69
  495.80
 1323.61
 1826.07
 1838.27
 1469.64
 1460.67
 1067.60
  985.11
 1425.56
 1635.07
 1692.13
 1634.90
 1738.26
 1410.86
 1426.04
 1901.39
 2094.40
 2259.29
 2434.46
 2478.49
 2306.89
 1921.35
 1939.48
 1898.02
 1853.08
 1979.97
 1725.91
 1441.87
 1495.33
 1067.35
 1507.93
 1524.27
 1621.99
 1446.88
 1188.40
 1075.36
 1099.71
 1970.82
 1920.45
 1290.31
 1902.44
 1999.37
 1698.90
 1600.24
 1823.18
 1627.91
 1532.45
 1595.14
 1194.94
 1112.17
  807.79
 1249.96
 1124.66
 1087.82
 1243.02
 1125.54
 1042.20
 1200.49
 1440.73
 1230.03
 1163.85
 1400.98
 1079.98
 1127.12
 1111.97
 1476.84
 1262.00
 1209.38
 1031.27
  975.52
 1011.36
 1399.59
 1360.28
  965.26
  846.90
  641.35
  773.28
  945.02
 1425.10
 1669.65
 2090.07
 2088.59
 2298.45
 2253.26
 2257.19
 1997.44
 1563.80
 1385.23
 1309.85
 1319.06
 1359.27
 1311.78
 1434.22
 1284.48
  978.69
  914.66
 1200.58
 1114.78
 1186.96
 1077.29
  973.56
 1100.85
 1101.02
 1155.72
  860.41
  891.07
 1136.58
 1264.06
 1129.36
 1266.87
  874.65
  729.19
  729.33
  673.03
  944.62
  960.90
  942.13
  745.89
  669.35
  478.05
 1022.27
  981.15
 1478.48
 2660.96
 5670.19
 7058.65
 7129.45
 6477.34
 4905.21
 3063.94
 1824.54
 1916.68
 1647.08
 2057.90
 1841.73
 2222.33
 2912.90
 2995.47
 3651.83
 4596.33
 5003.79
 5077.55
 5513.49
 5033.72
 4161.93
 3793.13
 3949.97
 2948.55
 2339.25
 2429.78
 2476.87
 2440.23
 2275.23
 2203.28
 2202.65
 1745.37
 1331.01
 1368.75
 1595.71
 1637.76
  950.85
  750.76
 1003.21
 1530.87
  655.25
  325.62
  536.43
  471.84
  504.12
  446.50
 1153.01
 1302.72
  678.25
  731.93
  590.38
 1019.63
 1963.12
 3013.96
 5181.33
 6069.35
 7164.16
 8413.27
 9173.21
 9577.55
10072.02
10086.26
 9887.25
 8605.86
 7297.45
 5573.92
 3649.22
 3247.04
 2959.48
 2918.67
 2652.95
 2328.61
 2089.19
 2363.81
 2133.79
 2139.65
 1568.41
 1946.25
  914.61
  776.87
 1425.89
 1726.70
 1256.16
 1297.14
  747.25
  595.36
  591.71
  745.07
  834.38
 1666.39
 1791.69
 1543.07
  391.79
  793.10
 1552.67
 1268.99
 1000.58
  978.89
  844.61
  446.70
  707.92
  916.30
 1175.69
  990.27
 1037.05
  646.28
  509.93
 1179.23
 3222.17
 5572.93
 7294.90
 6958.02
 7560.03
 7549.61
 7214.03
 6742.52
 5506.30
 4323.30
 3059.15
 1742.28
 1537.94
 1994.30
 3651.37
 5412.77
 5788.02
 6363.98
 5798.38
 4053.78
 2527.31
 2333.02
 1708.98
  893.96
  463.94
  277.87
   62.35
  -54.14
  -94.80
  784.29
 1041.24
  663.18
  948.56
  553.00
  410.37
 1481.62
  807.94
  305.48
  739.10
  817.85
  389.38
  434.95
 1165.92
  529.86
  577.78
  231.09
   -4.62
  254.77
 2325.46
 3600.35
 3421.10
 3349.91
 2815.03
 2469.97
 2509.72
 1240.16
  905.03
 1205.08
  725.39
 1298.44
 1254.63
  787.32
  -59.86
 -521.48
  253.41
  991.54
  818.47
 1426.38
 1395.06
 1543.35
 1660.98
 1746.67
 1983.65
 2069.68
 1888.00
 1973.54
 1962.16
 2148.82
 1574.30
 1044.61
  825.38
  886.20
  289.96
  139.23
  591.20
  942.47
 1068.14
  759.23
  767.39
  114.91
   36.67
  373.33
  271.62
  509.14
  508.54
  570.05
  333.86
  433.05
  571.24
  924.46
  535.70
  661.59
  158.94
  131.42
  146.77
  393.04
  485.27
  599.10
  604.82
  531.54
  249.61
  340.48
  895.32
  957.70
  976.56
  765.89
  499.51
  491.89
  475.69
 1049.54
 1352.33
 1390.05
 1225.84
 1207.57
  173.41
  245.51
  641.04
  863.69
  677.00
  915.43
 1007.09
  658.11
  694.41
 1248.01
 1187.35
 1241.30
  986.39
 1014.79
  723.69
  762.83
 1176.85
  974.86
 1020.40
  895.18
  833.65
  490.93
  396.58
  924.88
 1064.40
  873.43
  796.55
  723.69
  737.46
  850.41
 1088.30
 1226.26
 1222.72
 1249.59
 1215.64
  879.61
 1034.81
  993.52
 1058.60
 1131.48
 1015.33
  857.86
  660.72
  683.54
  649.81
  843.05
  798.73
  744.42
  701.01
  629.99
  716.50
  881.90
  898.52
 1045.88
  924.83
  520.18
  516.84
  706.59
  737.34
  811.19
  926.19
 1004.48
  922.34
  937.17
  925.14
 1313.42
 1276.24
 1737.07
 2121.33
 2947.67
 3326.89
 3356.17
 2954.07
 2448.25
 2433.32
 2460.71
 2294.09
 1186.99
 1073.21
 1013.71
 1265.48
 1344.03
 1319.73
  643.19
  861.71
  987.27
 1613.10
 1772.24
 1990.84
 1863.62
 1599.28
 1070.80
 1204.12
 1343.66
 1513.65
 1317.27
 1276.50
 1164.30
  715.40
  677.91
  843.84
 1044.04
 1292.61
 1265.54
 1196.42
 1553.69
 1374.33
 1694.20
 2073.22
 1860.59
 1647.11
 1857.13
 2525.35
 2459.66
 2549.88
 3067.42
 3879.15
 4039.99
 3467.09
 3530.20
 3411.56
 3139.57
 2621.57
 2595.01
 2315.27
 2461.64
 2548.77
 2419.59
 2373.49
 2452.49
 2184.19
 1899.13
 1555.56
 1284.85
 1530.75
 1566.23
 1811.32
 2205.09
 2214.83
 1939.36
 2035.73
 2373.12
 2623.24
 2561.97
 2913.55
 2966.87
 3275.83
 3815.53
 3753.62
 4099.37
 4723.70
 4825.70
 4740.49
 4776.97
 4691.87
 4609.64
 3948.42
 3731.85
 3788.68
 4022.01
 4645.83
 5057.16
 5158.28
 5062.68
 4537.55
 3947.17
 2899.39
 2296.86
 2390.11
 2316.46
 2249.63
 2359.76
 2250.68
 1907.85
 1273.41
  891.87
 1177.58
 1455.20
 2070.33
 2242.67
 1564.08
 1302.41
 1245.74
 1131.12
 1135.93
 1178.80
 1241.98
 1450.22
 2447.93
 2064.98
 1209.24
 1062.28
 1014.14
  868.93
 1094.62
  907.44
  603.38
  549.94
  533.21
 1572.07
 2312.38
 2287.32
 2432.02
 2479.48
 2352.68
 2294.74
 2524.53
 2539.14
 2417.81
 2892.20
 4116.90
 6153.59
 7725.23
 8789.52
 8762.68
 8677.95
 8487.30
 8259.74
 8361.96
 8342.37
 8419.84
 8470.47
 8325.78
 7698.39
 7124.21
 6999.56
 6459.95
 6063.74
 5588.56
 5413.39
 4613.66
 4058.54
 3511.43
 3063.29
 2880.56
 2884.18
 2868.89
 2694.32
 2613.08
 2746.73
 2443.91
 1947.80
 2113.85
 2052.74
 1776.88
 1017.62
 1103.51
 1307.25
 1291.08
 1471.34
 1495.72
 1322.20
  690.93
  687.73
 1133.83
 1387.92
  672.55
  490.82
  484.84
  415.75
  205.58
  219.26
  318.96
  738.48
 1683.29
 2103.15
 1962.81
 1938.06
 2143.95
 2469.09
 2608.01
 2080.72
 1996.11
 2153.33
 1995.15
 1555.93
 1569.69
 1613.55
 1725.29
 1943.05
 1705.13
 1911.25
 2009.02
 1951.88
 1678.06
 1424.79
 1377.22
 1913.79
 1693.60
 1215.39
 2017.49
 5481.49
 8243.49
 8088.65
 7249.14
 8049.09
 8990.32
 9885.55
 8809.88
 7185.99
 7158.16
 6654.80
 6398.16
 6230.58
 6522.47
 7004.00
 6874.85
 6479.80
 6008.92
 5604.75
 5400.31
 4232.43
 2747.24
 2269.62
 1936.84
 1247.67
 1175.49
 1221.84
 1470.32
 1814.43
 1759.13
 1646.96
 1600.16
 1398.80
 1555.36
 1913.14
 1735.34
 1805.51
 1861.35
 1933.81
 2136.48
 2373.23
 2310.88
 1694.00
 1675.93
 2155.48
 2199.03
 2052.94
 2095.96
 2218.12
 2194.05
 2068.01
 1555.84
  822.77
  801.25
 1017.79
 2028.11
 2378.81
 2449.29
 2566.13
 2402.12
 2544.16
 2536.28
 2044.33
 2412.57
 2152.84
 2170.60
 1899.83
 2194.13
 2439.04
 2035.22
 1779.66
 1783.34
 1901.73
 1849.51
  951.36
 1815.25
 1515.15
 1058.54
 1504.90
 1748.34
 1664.04
 1642.41
 1684.23
 1700.23
 1842.04
 1443.96
 1097.19
 1013.23
 1100.45
 1230.59
 2158.20
 2393.11
 2402.40
 2397.84
 2350.98
 2204.41
 2105.13
 2224.20
 2290.83
 1509.23
 1667.83
 1521.01
 1581.98
 1662.60
 1794.18
 1746.75
 1725.23
 1538.82
 1242.37
 1175.15
 1822.87
 2033.60
 1986.99
 1914.28
 1859.26
 1084.59
  848.00
 1387.21
 1508.52
 1787.73
 2113.88
 2077.41
 2060.76
 2007.75
 1827.34
 1809.53
 1641.39
 1534.77
 1221.50
  742.30
  562.29
 1182.34
 1290.06
 1306.94
 1407.35
 1398.17
 1049.54
  776.59
 1102.18
 1912.89
 2732.83
 2479.96
 2406.03
 2049.83
 2032.44
 2142.48
 2079.84
 2141.55
 1396.33
 1327.61
  713.64
  717.04
 1299.09
 1689.64
 1821.25
 1642.26
 1443.17
  763.25
  733.49
  881.05
 1640.65
 1512.29
 1462.82
 1197.66
  699.00
  605.33
 1376.14
 1538.96
 1545.53
 1369.06
  791.80
  482.18
  702.71
 1336.39
 1464.69
 1190.07
 1244.75
 1119.34
 1007.00
 1063.07
  989.67
 1435.92
 1393.73
 1182.28
 1373.93
 1098.04
 1136.98
 1524.41
 1331.60
 1658.01
 1676.10
 1637.65
  905.46
  744.99
 1328.29
 1754.65
 2082.28
 2246.32
 2193.42
 2253.88
 2170.91
 2338.07
 2446.46
 2370.26
 2225.70
 2318.22
 2428.54
 2041.42
 2556.61
 3587.40
 3691.92
 3600.37
 3212.26
 2913.18
 3049.27
 2778.25
 2680.13
 2816.25
 3023.96
 3093.53
 2926.38
 3011.78
 3026.28
 2471.75
 2406.17
 2376.35
 2425.05
 2591.59
 2639.47
 2616.93
 2436.21
 2502.53
 2453.46
 2237.34
 2257.56
 2296.64
 2403.28
 2443.60
 2053.42
 2309.07
 2240.03
 2076.53
 1838.87
 2073.78
 2151.26
 2127.93
 2076.39
 2115.61
 2362.42
 2483.90
 2401.24
 2357.49
 2163.55
 2294.12
 2357.83
 2348.71
 2165.33
 2155.45
 2081.43
 2127.93
 2254.67
 2539.03
 2371.65
 2271.12
 1982.77
 2083.81
 2190.59
 2185.86
 2399.54
 2459.37
 2607.64
 2657.76
 2553.81
 2297.94
 2384.42
 3667.34
 6451.88
 7023.60
 7379.51
 8394.84
 8523.94
 8155.03
 6965.63
 5795.55
 4905.27
 4468.94
 3986.53
 3591.11
 3551.95
 3283.90
 2967.15
 2992.01
 2893.70
 2604.64
 2553.56
 2517.28
 2586.77
 2585.16
 2409.48
 1850.28
 1367.96
 1981.07
 2284.97
 2459.26
 2494.88
 2098.62
 3579.65
 5893.13
 6314.54
 5392.35
 4437.25
 3754.11
 3505.60
 3774.81
 3876.92
 3827.05
 2955.06
 2236.29
 1214.91
 1115.83
 1297.65
 1360.96
 1620.52
 1345.84
  745.04
  593.72
  740.83
  870.88
  901.47
 1062.65
 1298.95
  370.21
  410.99
  415.12
  279.52
  490.82
  416.91
  365.74
  438.49
  132.81
  171.29
  258.14
  333.60
  132.32
  390.35
  439.11
  540.40
  416.06
  717.38
  952.07
 1015.36
  988.09
 1128.37
 1553.32
 1464.60
 1592.65
 1926.65
 1228.47
 1041.38
  942.98
  912.57
 1059.56
 1073.97
 1064.32
  963.20
 1256.67
 1031.07
  406.06
  391.00
  919.19
  669.75
  654.69
  688.33
  733.60
  705.94
  648.03
 1535.82
 1705.69
 1270.04
 1359.63
 1048.03
  789.13
  242.17
  417.22
  149.03
  219.40
  312.11
  191.76
  654.37
  798.87
  599.35
 1118.26
 1328.23
 1494.20
  952.13
  231.58
   58.02
  -59.78
  153.87
  286.99
  842.28
  741.76
 1086.60
 1184.81
 1434.93
 1723.56
 2115.58
 2147.27
 1546.52
  721.85
  615.78
 1299.97
  947.00
 1210.18
 1396.70
 1744.23
 2339.08
 3016.23
 3656.70
 3708.49
 3571.77
 3345.72
 3011.33
 2799.74
 2752.26
 2767.41
 2493.98
 2008.51
 1730.81
 1708.36
 1252.17
 1254.44
 1479.30
 1784.07
 1780.76
 1632.38
 1530.89
 1004.79
  917.78
 1496.49
 1336.24
 1132.84
 1186.16
 1112.23
  887.00
  691.16
  810.85
  666.89
 1134.54
 1433.51
  983.70
  746.46
 1220.40
 1670.33
 1908.02
 1955.93
  881.39
  820.34
 1059.53
 1341.77
 1624.91
 1308.66
 1462.45
  958.89
  645.09
  400.40
  660.01
 1047.50
 1126.27
 1139.33
 1148.28
 1024.62
  936.78
  960.79
  987.61
 1708.61
 1648.92
 1612.87
 1749.05
 1766.01
 1830.34
 1783.45
 1777.62
 1861.15
 1840.34
 1793.05
 1067.23
 1057.89
 1064.94
  935.22
 1514.13
 1434.14
 1032.80
  882.10
  908.35
 1818.28
 1958.70
 2644.48
 2993.94
 3595.47
 4311.72
 3898.32
 4688.62
 5087.91
 4901.70
 4294.56
 3084.33
 2314.34
 2168.84
 2062.06
 2238.76
 2338.26
 2365.93
 2411.66
 2344.89
 1786.51
 1488.14
 1699.83
 1704.50
 1540.18
 1370.42
  842.09
  687.56
 1302.55
 1393.87
 1404.71
 1433.23
 1293.17
 1348.84
 1132.53
 1113.53
 1189.02
 2507.74
 3497.95
 3605.67
 3645.65
 3480.17
 3488.78
 3342.21
 2789.89
 2168.87
 2114.62
 1511.61
 1655.69
 1632.38
 1387.72
 1476.92
 1929.99
 2777.88
 3310.10
 3426.17
 3257.12
 2895.68
 2748.86
 2332.74
 1998.74
 1975.27
 2334.81
 2282.03
 2296.89
 2342.03
 2249.75
 2137.10
 2114.25
 2506.75
 2574.40
 2595.81
 2880.70
 3129.61
 3729.33
 4033.00
 4455.97
 5032.05
 4985.72
 5080.78
 5682.99
 6150.70
 6527.00
 7061.54
 7007.91
 7160.25
 7945.68
 9010.25
 9120.40
 8693.50
 8915.98
 9804.59
10353.89
10139.16
 8914.23
 8794.48
 8427.12
 7720.02
 6412.21
 5226.58
 4813.50
 4386.93
 4160.74
 4175.12
 4209.44
 4219.55
 4244.53
 3399.07
 2531.55
 2380.99
 2491.09
 2235.25
 2139.20
 2417.32
 2472.83
 2803.59
 3117.43
 3354.16
 3418.18
 2940.68
 2776.58
 3123.57
 2947.22
 3010.56
 3224.50
 2723.71
 1814.77
 1986.23
 1950.44
 2252.83
 2554.55
 3083.90
 3484.30
 3768.80
 4095.58
 3854.43
 3895.78
 3317.01
 2188.84
 2134.13
 1973.09
 2034.06
 2133.73
 2111.73
 2332.83
 1547.91
 1435.10
 2086.05
 2059.57
 2228.65
 2289.05
 2243.52
 1592.06
 1265.06
 1800.30
 1572.35
 1590.25
 1979.72
 2014.91
 2181.53
 2190.93
 1935.34
 1694.25
 2984.43
 4244.75
 4877.21
 5054.44
 4978.78
 4846.29
 4666.11
 4566.46
 4444.50
 3638.26
 2840.46
 2971.51
 2368.00
 2214.46
 2296.24
 2371.59
 2242.41
 1773.17
 1724.92
 2001.07
 1989.43
 1819.87
 1776.29
 1813.92
  640.41
  918.51
 1837.31
 1539.98
 1089.80
  933.32
  650.78
  448.85
  491.16
  296.56
 1165.63
 1971.67
 1972.24
 1858.52
 1050.75
 1505.07
 2023.78
 2247.54
 2284.24
 2629.79
 3437.24
 4275.42
 4436.23
 4579.57
 4578.55
 4072.30
 3605.50
 3029.31
 1639.55
 1521.83
 1274.37
 1125.79
 1111.80
  818.87
  594.37
  728.93
  756.51
  747.03
  702.12
  670.74
  692.15
  513.55
  757.33
  606.97
 1172.60
 2251.87
 2113.12
 1245.06
 1074.57
  706.39
  834.98
 1069.13
  820.54
  786.22
  732.42
  985.45
  390.18
  466.52
 1112.29
 1360.62
 1385.74
 1397.38
 1301.95
  783.70
  689.26
 1318.01
 1235.89
 1332.31
 1378.32
  889.57
  835.74
  917.18
  881.05
 1050.53
  921.06
  779.85
 1094.64
  988.80
  867.77
 1564.99
 1433.37
 1154.53
 1200.66
 1516.65
 1565.84
 1672.53
 1895.10
 1866.50
 1792.46
 1716.45
 1622.22
 1195.76
 1294.96
 1195.14
 1223.60
 1263.36
 1057.18
 1078.11
  936.64
  999.33
 1161.05
  913.44
  998.17
  893.37
 1086.15
  884.73
  847.30
  881.39
 1160.37
 1212.33
 1100.48
 1133.47
 2236.75
 2464.90
 2957.72
 3142.35
 2303.83
 1852.29
 1628.36
 1131.03
 1448.35
 1479.67
 1483.97
 1649.54
 1545.17
 1396.73
 1423.52
 1571.64
 1567.45
 1666.87
 1450.02
 1479.50
  988.26
  788.71
  714.26
 1337.49
 1112.65
 1297.99
 1312.57
 1156.12
  855.45
  795.02
 1134.77
 1307.16
 1293.97
 1263.38
 1202.19
 1139.70
 1059.42
 1201.14
 1083.06
 1086.26
  943.23
  929.76
 1013.06
 1207.32
 1356.43
 1322.34
 1380.02
 1318.21
  937.00
  944.28
 1321.43
 1679.19
 1726.76
 1132.48
 1400.95
 2042.66
 1331.80
 1362.38
 1481.45
 1445.43
 1466.67
 1368.98
 1182.34
  953.63
  880.14
 1628.79
 1637.48
 1332.34
 1336.36
 1354.42
 1292.66
 1255.97
 1275.28
 1429.35
 1498.47
 1544.03
 1503.77
 1477.54
 1486.07
 1808.46
 1993.00
 2066.39
 1478.90
 1211.45
  786.61
 1064.71
 1647.16
 1744.94
 1574.47
 1159.74
 1017.06
  919.39
 1038.83
 1142.75
 1436.23
 1370.05
 1205.79
  891.44
  912.43
  838.46
  810.51
  731.96
  862.90
  885.35
  725.00
  724.54
  619.18
  711.60
 1025.75
 1158.90
 1027.48
 1026.12
  863.98
  839.79
  809.32
  848.97
 1088.75
 1035.58
  974.52
  651.63
  560.11
  659.92
  746.57
  783.16
  808.45
  762.18
  724.97
  524.97
  699.62
  453.78
  864.80
 1592.51
 2082.59
 1393.78
  772.14
 1290.31
 1330.72
 1042.12
  819.21
  904.81
  855.91
  728.68
  683.63
  948.36
 1109.62
 1148.96
 1094.08
  856.56
  675.56
  922.82
 1398.06
 1738.40
 1860.47
 1740.30
 1110.62
  837.10
  913.70
 1015.61
 1004.09
 1272.56
 1285.39
 1518.18
 1608.37
 2066.11
 1951.91
 2039.12
 1967.31
 1291.47
  699.74
  345.32
  673.91
 1362.78
 1301.53
 1203.55
 1089.92
  666.58
  637.47
  328.11
  591.06
  557.36
  978.52
 1354.82
 1293.20
  829.71
  818.33
 1063.86
  572.91
  702.26
  543.51
 1034.75
 1351.00
 1673.47
 2068.66
 1705.92
 2295.17
 3046.33
 3493.08
 3689.54
 4040.76
 4892.78
 5109.41
 5475.26
 5612.23
 5268.58
 4801.12
 3521.20
 2617.30
 2385.21
 2187.25
 2271.69
 1570.00
 1546.55
 1613.86
 2295.19
 2423.72
 2493.27
 2142.14
 2213.27
 2181.42
 2465.89
 2125.26
 1587.33
 1029.01
  986.22
 1127.94
 1648.89
 1949.70
 2298.22
 1566.49
 1118.20
  910.98
  926.58
 1751.03
 2006.76
 1818.88
 1363.74
  644.92
 1058.54
  731.54
  580.10
 1317.04
 1607.75
 1678.48
 1499.43
  750.82
  354.58
  556.45
 1075.45
 1231.92
 1503.79
  956.91
  779.36
  474.00
  425.18
  535.33
 1339.90
 1408.00
 1266.81
 1516.68
  389.58
  431.80
  279.83
   39.90
  216.37
  205.30
   22.94
   47.18
  222.80
   29.08
  207.14
  102.88
   -4.16
    1.05
   -8.35
  810.63
 1352.13
 1714.75
 1734.58
 1077.77
  740.97
  575.94
  582.73
  883.29
 1451.49
  987.44
 1105.21
 1003.21
   19.71
  645.26
 1573.20
 1347.57
 1096.74
  732.19
 1084.14
  869.58
  568.57
  928.82
  973.25
  847.72
  720.15
  930.15
 1044.84
  694.75
  790.86
 1136.13
  927.83
 1553.83
 1797.98
  674.22
  533.29
  880.14
  426.31
  340.71
  267.42
  395.59
  132.18
  324.65
  342.83
  934.31
  958.70
  867.26
  397.77
  497.53
  570.13
  346.88
  554.50
  348.47
  466.52
  389.75
  463.66
  430.13
  622.18
  473.60
  597.43
  693.51
  958.07
  368.03
  378.34
  492.68
  395.70
  433.90
  316.16
  302.96
  376.95
  309.90
  216.03
  507.32
  696.34
  792.14
  747.59
  146.60
  350.39
  294.35
  238.74
  275.01
  546.01
  623.54
  480.28
  387.66
  458.11
  383.72
  619.63
  506.02
  784.55
  339.69
  185.67
  320.01
  575.99
  785.45
  772.29
  433.84
  447.35
  531.62
  576.19
 1001.31
  762.18
  546.32
  494.89
  483.09
  371.18
  357.02
  251.17
  329.78
  206.34
  295.88
  321.79
  501.97
  797.06
  983.36
 1170.31
 1016.18
  875.53
  468.05
  298.37
  758.47
  990.27
 1006.98
  954.53
  887.85
  353.20
  383.41
  820.48
  861.48
 1033.17
  989.28
  792.39
  506.70
  574.32
  486.99
  509.87
  639.51
  894.50
  943.66
  573.47
  573.05
  474.28
  815.47
  829.54
  774.13
  593.49
  321.06
  378.88
  726.84
  886.69
  867.32
 1086.80
  742.16
  458.79
  448.94
  826.00
 1157.85
 1000.12
 1052.99
  942.78
  910.95
  917.41
  950.91
  869.81
  523.04
  361.89
  354.87
 -283.68
  253.49
 1809.64
 2054.59
 2245.36
 1616.95
 1162.69
  413.57
  402.01
  750.91
  999.16
 1115.40
  962.12
  942.72
  962.57
  554.50
  501.32
  570.50
  517.29
  741.99
  486.17
  416.37
  286.34
  768.83
  380.61
  886.69
  791.80
  837.19
  424.64
  619.77
 1373.76
 1509.15
 1173.39
  348.16
  547.59
  331.82
  320.58
  524.91
 1273.95
 1348.11
 1418.02
 1413.80
  828.72
  718.17
 1047.13
 1529.53
 1805.91
 1726.59
 1622.02
 1646.85
 1945.96
 1311.78
 1285.58
 1248.63
 1347.77
 1452.71
 2253.65
 2457.45
 2797.17
 2578.22
 2388.27
 2195.94
 2311.28
 2303.09
 2184.22
 2248.36
 2294.34
 1703.00
 1045.85
 1118.09
 1813.38
 2001.21
 2122.09
 1255.48
  885.58
  898.69
 1816.27
 1129.59
  672.55
  557.47
  530.29
  568.52
  708.03
  611.73
  195.64
  189.52
  395.33
  580.89
  665.42
  717.95
  418.83
  320.66
  206.77
  184.31
  866.64
 1727.67
 1332.53
 1086.46
  531.22
  312.67
  705.03
 1955.11
 2146.05
 2050.56
 2229.16
 2358.23
 2379.58
 2822.51
 3528.51
 3670.77
 3721.15
 3338.70
 3003.31
 3028.15
 2896.84
 2183.63
 1559.66
 1355.33
 1243.73
  958.16
 1043.76
  924.15
  943.40
 1093.40
 1291.81
 1209.16
 1146.46
 1155.24
 1431.33
 1437.39
 1473.50
  692.91
  566.45
  541.73
 1010.15
 1341.77
 1527.89
 1020.31
  540.85
  315.68
  383.16
  373.78
  391.68
  191.73
  435.09
  802.67
 1326.79
  240.83
  150.25
  555.24
  249.92
  257.34
  469.24
  304.58
   92.14
  -70.76
  864.71
  611.08
  742.16
  776.53
  627.78
 1047.84
 1157.54
 1234.59
 1313.96
 1333.04
 1359.86
 1302.80
 1135.25
 1128.11
  685.41
  456.07
  210.48
  184.12
   79.15
   38.51
   71.10
  184.68
  180.49
  258.67
  121.39
 -135.86
  -66.43
  -51.08
  -41.29
  -13.31
  -49.61
  -75.10
  -40.12
  -59.38
  -78.18
  -41.09
  -12.63
 -103.81
 -132.32
  -83.08
  -77.45
 -145.04
 -175.42
 -167.01
 -215.86
 -223.62
 -195.81
  -66.83
  -84.13
 -205.01
 -232.31
 -218.97
 -207.76
  -87.58
   -7.39
   11.13
  259.16
  258.42
  310.98
  182.47
  312.48
 -133.20
  -64.48
   73.09
   -0.34
 -222.63
 -248.34
 -126.15
 -242.82
 -225.60
  272.75
  539.86
  292.48
  152.60
  132.95
 -181.82
  -28.46
   -0.23
  -10.59
   46.95
   75.92
   88.32
   22.00
   79.17
  207.25
  212.21
  246.02
  189.04
   33.30
   77.08
    6.91
   17.44
  228.29
  131.19
    2.86
   51.59
  130.91
  108.82
  181.48
  152.23
  142.35
  124.85
  119.55
  159.68
  336.01
  230.81
  295.12
  300.92
  262.55
  303.81
  301.63
  156.20
  237.15
  136.88
  188.11
  298.88
  316.55
  319.78
  277.90
  218.52
  220.08
  289.48
  237.61
  220.76
  273.51
  226.11
  347.62
  277.45
  323.80
  242.53
  265.81
  304.89
  129.38
  338.56
   71.95
  199.75
  301.15
  230.50
  172.08
  212.12
  183.86
  275.04
  247.26
  244.40
  207.39
  265.67
  164.35
  210.37
  290.39
  272.75
  286.59
  277.36
  173.70
  251.45
  405.61
  303.50
  366.22
  269.86
  253.75
  308.09
  274.25
  428.43
  590.24
  309.67
  292.14
  309.62
  276.23
  129.15
  308.14
  294.35
  301.72
  317.38
  365.71
  203.60
  130.43
  182.79
  212.38
  182.13
  206.71
  191.31
  168.80
  250.72
  223.17
  235.45
  193.49
  226.82
  315.42
  131.59
   97.33
   68.33
   46.33
   13.54
  135.75
   48.85
  167.83
   45.34
   61.39
   18.41
   45.53
  161.49
   52.70
  231.32
   96.39
  262.27
  264.99
  165.46
  195.24
  225.40
  189.81
  164.01
  125.42
  111.82
   92.96
   71.67
  109.13
  158.91
  359.34
  129.72
   57.77
  -47.54
   58.39
   62.01
  232.14
   65.89
   30.64
   67.62
   33.39
  186.55
   31.54
   19.37
  -30.92
   29.93
   41.91
  293.31
   99.53
  -88.09
  102.51
   37.43
   64.70
  148.49
   76.48
  270.82
  -41.46
  -49.38
   16.11
  163.76
   44.34
   76.54
  172.59
  230.27
  259.72
   29.70
  182.30
  -35.62
  193.23
   45.53
   14.27
   84.27
  -12.69
 -101.69
  -28.68
   -0.45
  -25.85
   62.30
  -31.63
   11.24
   17.41
   -6.94
  -31.29
  -73.06
  -48.34
  200.29
  232.54
  384.49
  366.39
  851.88
  756.43
  754.62
  556.06
  223.73
  334.79
  319.16
  393.41
  361.63
  293.05
  318.82
  288.07
   15.49
  -13.39
   26.62
  -47.23
 -278.95
 -284.92
 -186.81
  858.17
  644.86
  701.41
  794.51
  843.39
  772.09
  571.80
  595.45
  521.43
  708.40
  501.46
  676.12
 -114.43
  150.99
  462.64
  249.61
  742.72
  705.88
  687.99
  353.11
  375.23
  391.57
  426.96
  390.74
  447.38
  521.74
  636.28
  742.67
 1221.02
 1318.60
 1023.34
 1033.56
  904.04
  679.77
  389.81
  337.88
  442.34
  529.81
  636.82
  643.98
  451.43
  305.43
  435.06
  188.19
  153.42
  454.20
  629.37
  642.88
  840.70
 1383.22
 1457.18
 1372.91
 1333.75
 1681.26
 2045.41
 2032.16
 1745.11
 1323.67
 1338.62
 1243.00
 1397.46
 1390.16
 1317.47
 1119.62
 1451.27
 1848.61
 2159.10
 2148.17
 2134.84
 2127.95
 1399.87
 1176.65
 1418.65
 1295.95
 1085.30
  752.35
  643.44
  668.79
  502.17
  887.08
 1284.14
 1353.83
 1508.10
 1284.06
  810.00
  430.13
  840.22
 1193.24
 1147.74
 1202.64
 1309.82
 1638.04
 1749.61
 1324.27
 1439.83
 1828.90
 1924.24
 2174.99
 1656.42
 1138.54
  345.83
  457.12
  808.36
 1017.99
  844.61
  942.67
  973.02
  972.83
 1024.84
  808.53
 1001.99
 2025.31
 2687.75
 2721.67
 3051.76
 3788.26
 3240.18
 2079.08
 1954.85
 2222.11
 2310.57
 1885.82
 1991.86
 1942.34
 1294.53
 1457.07
  451.20
  408.56
  354.87
  486.85
  384.51
  428.89
  394.31
  439.87
  259.89
  281.02
  -31.60
  -57.60
 -271.50
   40.10
 1045.37
 1249.31
  669.33
  803.60
  -28.63
   26.28
  -95.63
  937.09
 1906.38
 1528.77
  886.86
  227.72
  -18.75
  -72.66
  122.64
  -69.38
  -16.20
  -24.32
   18.77
   22.34
    0.54
   20.53
   75.61
  738.62
 1402.00
 1912.35
 1277.88
  676.15
  447.09
  456.50
 1121.35
 1154.99
 1132.48
  640.58
  244.20
  213.25
  156.39
   81.18
  149.80
  127.28
    6.94
   82.94
  103.41
  247.72
  278.16
  248.54
  159.14
  146.85
  174.86
  106.61
  120.15
  138.24
  124.34
  -47.23
  -25.54
  193.97
  129.86
  308.54
  321.37
  301.09
  277.51
   64.34
   73.65
    3.51
   57.57
   -1.05
  -27.16
  -15.63
   69.29
   67.71
  248.37
   81.13
  133.51
  302.82
  143.68
  111.74
  184.34
  269.60
  497.22
  594.99
  182.13
  108.00
  208.27
   21.10
  131.08
  157.61
  278.75
  249.16
  287.44
  277.73
  384.09
  419.17
  470.17
  443.36
  467.00
  715.28
  695.32
  327.80
  297.78
  317.66
  248.51
  220.79
  149.26
  212.43
  243.24
  347.39
  414.62
  381.23
  384.40
  430.90
  276.49
  362.37
  489.09
  597.85
 1139.70
  922.79
  547.05
  843.42
  691.81
  652.76
  768.12
  501.58
  500.10
  345.18
  321.99
  316.98
  730.23
  466.24
  172.76
  139.40
  156.54
  239.33
  316.50
  172.39
  121.37
  138.21
  364.01
  281.92
  185.25
  107.32
  121.31
  156.73
  193.97
  374.75
  423.96
  372.59
  241.63
  135.27
  137.68
  145.95
   45.96
   77.45
  147.39
  129.01
   74.87
  257.00
  112.11
   76.60
   93.79
   39.45
   88.32
   71.73
   24.32
   27.27
   78.92
   83.68
   80.82
   92.82
   63.66
   16.08
   25.12
  139.52
   72.72
   11.33
   21.63
  193.94
  175.20
  122.44
  145.55
  140.31
  117.80
  154.67
   88.26
   54.51
  106.33
   83.65
  110.78
   44.83
  -17.56
   30.55
   88.12
  165.99
   13.28
    9.63
   97.81
   57.45
  -16.34
   55.93
   35.76
   -6.48
  110.80
   28.01
   30.02
    5.95
  -24.30
  107.07
  -20.53
  -11.02
   46.64
   59.78
  -14.19
   97.98
   24.44
   96.02
  274.45
  209.66
  181.11
  183.07
  161.63
  640.95
 1593.67
 3265.07
 4195.99
 4131.12
 4200.04
 4585.60
 4422.36
 4105.29
 3516.61
 3511.71
 3385.73
 3531.54
 3220.96
 2495.28
 1961.96
 2012.22
 2649.81
 2886.70
 2925.27
 2919.81
 2881.01
 2890.84
 2731.98
 2623.95
 2404.98
 1948.45
 1504.64
 2191.87
 2980.49
 3357.76
 3909.48
 4381.81
 4148.16
 4707.25
 5134.27
 4944.91
 4675.65
 3635.71
 2544.33
 2239.58
 1789.77
 1316.37
 1277.17
 1325.65
 1043.45
 1267.72
 1385.80
 1730.24
  722.90
 -383.07
 2115.72
 3184.88
 2132.51
 2260.96
 2413.13
 1868.37
 1419.55
 1282.24
 1509.26
 1123.73
  696.76
  643.90
  698.72
  670.09
  983.50
  755.44
  680.11
  629.40
  706.96
  409.32
  626.23
  560.48
  390.77
  718.96
  675.39
  851.77
  758.44
  711.06
 1157.62
 1444.24
 1625.19
 1963.01
 1836.40
 1562.75
 1446.20
 1434.19
 1537.35
 1216.21
  885.16
  851.09
  904.67
  817.42
 1147.74
  890.88
 1476.33
 1572.26
 1170.14
 1317.89
 1512.06
 1797.98
  998.71
  756.29
  748.56
 1207.88
 1376.96
 1439.12
 1520.64
 1655.12
 1450.08
 1684.00
 1980.11
 1745.79
 1316.14
 1616.86
 1860.25
 1873.39
 1823.04
 2055.80
 2036.75
 2085.76
 1716.17
 1274.63
 1293.03
 1434.08
 1353.18
 1329.22
  948.90
  220.98
  180.63
  915.65
 1182.82
 1205.11
 1263.95
 1313.11
 1339.08
 1268.23
 1286.35
  912.45
 1454.83
 1905.07
 1301.07
 1368.89
 1480.06
 2858.16
 4866.19
 6978.60
 7824.45
 7347.88
 6615.47
 6087.98
 5675.49
 5282.51
 4436.37
 3709.28
 3606.94
 3553.37
 3041.40
 3738.56
 4521.55
 4771.16
 4566.63
 4415.36
 3278.86
 2342.45
 2308.50
 1868.01
 1947.60
 1953.64
 1944.86
 1801.80
 1262.76
 1354.34
 1591.29
 1648.18
 1756.89
 1917.82
 2165.56
 1276.92
 1156.97
 1380.81
 1349.86
 1382.97
 1359.07
 1329.05
 1522.74
 1605.14
 1629.66
 1679.73
 2212.06
 1675.03
 1530.75
 1609.78
 1607.58
 1297.90
 1454.38
 1550.91
 1512.20
 1525.09
 1618.45
 1207.77
 1069.61
 1221.45
 1238.24
 1147.63
 1226.01
 1211.11
 1140.18
 1285.95
 1777.76
 1676.47
 1434.14
 1469.42
 1101.95
 1099.74
 1079.95
 1407.60
 1610.04
 1621.42
 1765.67
 1747.04
 1790.45
 1306.88
 1169.54
 1136.55
 1192.76
 1225.81
  950.60
  994.80
 1014.93
  855.76
  738.70
 1317.02
 1184.15
 1354.85
 1448.07
 2158.59
 2047.76
 2010.75
 1800.27
 1299.21
 1024.62
  892.18
  988.26
  965.43
 1022.21
  959.20
  720.15
 1098.27
 1078.67
 1216.24
 1127.83
  993.19
 1069.75
 1054.32
 1074.71
 1008.45
 1055.48
 1061.00
 1326.81
 1213.77
 1097.65
  987.63
  850.35
 1119.05
 1131.68
 1224.08
 1153.06
  891.36
  882.83
  922.14
 1100.28
 1198.48
 1198.03
 1150.32
  939.86
  730.29
  973.50
  842.09
  768.26
  942.67
  950.82
 1500.71
 1801.66
 2265.52
 2645.73
 3215.92
 3524.77
 3515.88
 3445.37
 3527.91
 3117.63
 3134.76
 3709.59
 4021.22
 3721.54
 2569.30
 1927.98
 1748.03
 1837.93
 1986.31
 1907.05
 1789.28
 1988.30
 2377.71
 2663.94
 2927.62
 2919.75
 3062.95
 2921.48
 2565.42
 2659.35
 2618.83
 2656.94
 2393.51
 2548.23
 2599.66
 2683.45
 2435.93
 2534.02
 2502.25
 2349.73
 2186.49
 1895.73
 1999.82
 1603.19
 1615.87
 1563.06
 1513.11
  565.94
 1101.44
 2188.55
 2900.10
 2927.65
 3131.02
 3334.31
 3523.04
 3566.68
 3474.82
 3242.02
 3193.38
 3032.93
 2580.71
 2450.60
 2674.21
 2890.95
 2860.94
 2774.74
 2547.27
 2524.28
 2478.89
 2756.59
 2650.03
 2711.22
 2629.53
 2528.47
 2890.13
 2961.26
 2852.70
 2655.41
 2269.99
 2399.54
 2490.16
 3248.82
 3087.81
 3726.87
 4967.03
 5319.06
 5391.33
 5487.15
 5633.33
 5807.70
 5732.94
 5561.88
 5271.78
 5276.16
 4916.17
 4886.07
 4619.70
 4486.10
 4368.86
 4186.33
 3997.69
 3872.36
 3499.71
 3669.13
 3514.38
 3570.16
 3623.20
 3644.83
 2989.35
 2609.51
 2539.31
 1974.59
 1929.71
 1924.64
 1981.07
 1491.59
 1458.52
 1163.65
 1006.47
 1018.98
 1069.64
 1079.75
 1495.81
 1840.88
 1959.21
 2758.26
 3704.18
 4247.16
 4250.76
 4911.53
 6145.24
 6382.65
 6037.15
 4964.96
 4346.81
 4515.12
 4643.74
 5017.66
 5472.03
 5800.99
 6376.22
 6411.98
 6108.09
 6187.26
 6267.25
 6714.58
 6642.85
 6390.94
 6277.82
 6099.45
 5781.93
 5558.23
 4805.54
 3965.38
 3483.43
 2679.76
 2686.31
 2193.31
 1861.24
 1923.11
 2099.24
 1913.11
 2026.67
 1983.77
 1955.56
 1759.24
 1966.27
 1445.66
 1343.86
 1447.22
 1289.55
  992.25
 1347.57
 1100.79
 1367.08
 1652.51
 1512.54
 1784.70
 2053.37
 2368.17
 2370.35
 2296.64
 2237.43
 1948.71
 1457.47
 1073.07
  870.74
  884.22
  756.88
  809.38
 1209.87
 1185.48
 1432.58
 1506.74
 1403.04
 1280.97
 1341.62
 1386.65
 1374.02
 1303.00
 1343.69
 1201.26
 1436.12
 1367.45
  637.61
  415.52
  553.62
  651.60
  640.87
  581.49
  348.04
  407.85
  287.10
  462.64
  574.12
  479.69
  654.15
  523.32
  561.15
   39.25
  840.84
 1347.34
 1898.39
 1953.64
 1860.93
 2246.83
 3195.73
 9112.42
 9553.76
 8080.10
 5605.04
 3680.34
 3681.73
 3653.69
 4071.85
 4980.96
 4635.69
 4482.56
 3899.60
 3786.67
 3527.29
 2880.50
 1612.70
 1419.07
 1812.00
 1783.62
 1726.62
 1541.40
 1948.85
  964.22
  961.98
 1048.88
  986.13
 1027.56
 1044.92
  970.96
 1126.78
 1286.69
 1207.29
 1260.75
  877.71
  881.39
 1091.84
  788.48
  482.49
  664.14
  927.74
 1305.89
  925.14
 1034.61
  715.51
  682.18
  780.27
  665.93
  973.36
  886.35
  733.43
  791.63
  722.28
  758.55
  850.07
 1049.65
  758.01
  723.07
  871.39
  730.18
  809.72
  799.53
  793.83
  626.48
  739.30
  608.93
  767.30
  617.19
  684.22
  648.29
  597.88
  604.62
  788.03
  789.45
  834.92
  875.59
  777.35
  825.61
  739.58
  695.72
  771.24
  751.02
  551.67
  831.81
  753.17
  813.85
  778.85
  718.68
  611.53
  801.37
  656.78
  738.22
  875.02
  818.16
  945.87
  799.92
  967.53
  854.32
  842.62
 1142.92
 1150.29
  975.94
 1020.14
 1085.53
  928.28
 1037.10
 1134.09
 1052.11
 1027.53
  834.53
  502.34
 1404.40
 2369.50
 1965.95
 1131.06
 1047.33
 1093.65
 1053.87
 1085.55
 1050.84
  825.29
  934.99
  973.96
  917.30
  868.45
  948.42
 1038.38
 1003.24
  779.65
  882.27
 1019.29
  857.29
  862.62
  953.46
 1006.38
 1061.26
  944.51
  807.71
  737.14
  934.94
  781.88
  809.61
  844.04
  794.97
  845.40
  928.40
  870.54
  676.55
  657.91
  686.34
  606.04
  774.83
  763.76
  742.24
  669.69
  694.10
  809.98
  797.26
  535.39
  533.32
  509.25
  465.84
  508.57
  558.97
  600.43
  679.80
  886.60
  844.30
  467.11
  587.63
  552.49
  620.62
  649.59
  795.11
  437.69
  458.85
  754.59
  987.47
 1056.42
  880.12
 1222.66
  982.93
  685.83
  818.05
  904.21
  922.14
  729.33
  871.90
  700.93
  787.94
  690.79
  779.51
  718.31
  688.61
  649.53
  606.69
  477.54
  545.95
  909.23
 1302.49
 1419.16
 1597.35
 1310.90
 1242.71
 1167.42
  824.61
 1424.17
  820.79
  839.79
  987.44
 1007.74
 1210.74
 1314.75
 1693.89
 2195.60
 3061.11
 2997.25
 3097.49
 2364.51
 1799.31
 1891.51
 2074.80
 2268.63
 2165.76
 2060.16
 2147.32
 1924.53
 1515.04
 1456.76
 1493.52
 1420.54
 1256.62
  967.08
 1320.56
 1353.38
 1339.22
 1263.19
 1264.29
 1329.59
 1375.69
 1258.54
  894.22
 1144.26
 1031.78
  649.62
  680.17
 1033.96
 1663.81
 2447.26
 2580.91
 2576.66
 2535.52
 2536.79
 2501.03
 2067.95
 1876.39
 1986.37
 1300.93
 1241.67
 1316.93
 1227.39
  964.44
 1039.26
 1128.91
  926.95
  900.87
  820.85
  896.40
  805.39
  906.79
 1215.93
 1193.78
 1088.44
 1096.03
  609.29
  722.76
  765.46
 1252.03
 1358.30
 1596.73
 1382.49
 1491.84
 1839.38
 1935.09
 1584.95
 1417.23
  779.96
 1186.76
 1126.78
  837.56
  680.20
  651.91
  581.01
  608.22
  634.81
  588.42
  667.00
  866.98
 1191.88
  710.61
 1298.41
 2790.63
 3340.85
 3273.46
 3068.24
 3021.21
 2179.35
 2199.48
 2870.48
 3985.91
 3744.79
 3708.86
 4458.80
 4783.39
 4935.77
 4542.96
 4478.85
 4505.80
 4294.96
 4039.51
 3446.70
 3137.62
 3191.11
 3297.24
 3711.49
 3455.48
 3298.69
 3322.13
 3225.20
 3166.96
 3443.39
 3325.53
 3581.46
 3851.91
 3801.76
 3115.79
 3082.97
 2884.16
 2593.00
 2246.74
 2655.16
 3154.16
 3297.67
 3665.87
 3307.15
 2747.33
 2710.01
 2162.39
 1780.62
 1987.45
 3438.17
 3911.15
 4402.67
 4033.62
 4084.93
 4270.92
 4918.69
 5329.51
 5182.66
 4522.37
 2834.71
 1319.79
 1287.45
 3210.93
 5119.18
 5113.17
 4934.41
 5640.38
 5866.03
 5653.88
 5449.95
 4895.84
 4189.99
 4232.18
 4153.35
 3858.23
 3686.88
 3270.88
 2977.26
 2807.70
 2626.81
 2601.67
 2032.55
 1276.24
 1263.30
 1316.14
 1383.19
 1289.52
 1079.13
  555.46
  705.43
  749.18
  799.24
  930.18
  854.74
 1038.55
 1211.39
  831.01
  644.60
  592.98
  673.01
  486.91
  376.36
  556.96
  535.19
  537.34
  701.38
  957.56
  587.77
  512.51
  906.28
  807.96
  922.82
  690.25
  933.58
 1244.47
  978.40
 1002.64
  877.96
  938.36
  982.20
 1178.97
 1261.29
 2100.09
 1886.38
 1265.79
 1176.40
 1260.58
 1515.18
 1537.38
 1647.62
 1249.74
 1001.40
  967.93
  937.29
  999.75
  833.65
  921.09
 1103.93
 1134.60
 1054.46
 1021.22
 1178.80
 1275.48
 1076.04
 1096.74
  965.86
  929.25
  918.23
 1022.58
 1050.22
 1097.79
 1025.47
  978.38
 1015.47
 1043.36
 1085.75
 1017.03
  985.99
 1080.46
 1090.14
 1051.74
  969.71
 1061.09
 1030.79
  950.60
 1208.87
 1148.33
  894.98
  727.60
 1045.80
 1043.87
 1090.17
  943.40
  863.55
  800.43
  607.45
  739.47
  922.68
  943.46
  792.39
  818.50
  774.81
  822.75
  721.85
  773.25
  668.62
  751.39
  770.90
  896.34
  983.25
 1093.48
 1739.96
 2002.43
 2000.10
 2029.33
 1912.04
 1765.84
 1639.57
 1684.54
 1650.50
 1578.72
 1346.35
 1143.01
 1124.55
  996.89
 1340.29
 1387.95
 1444.90
 1410.94
 1419.35
 1317.87
 1039.60
 1037.08
 1095.95
 1274.20
 1167.19
 1068.99
  980.39
  519.16
  750.08
 1004.54
  910.50
  798.73
  546.97
  528.34
  869.98
 1151.14
 1097.87
  768.83
  894.39
  847.44
  734.09
  749.32
  712.76
  831.04
  764.41
  902.40
  932.98
 1045.57
 1019.46
  991.54
  937.40
  938.31
 1197.26
 1146.07
 1129.16
  891.81
 1061.09
  976.99
  989.90
  918.66
 1116.56
 1173.17
  970.42
 1141.20
  944.03
  997.21
 1167.56
 1091.02
  884.19
  930.18
 1063.38
 1129.28
 1227.76
 1248.35
 1244.38
 1229.38
 1340.24
 1725.80
 2209.88
 2230.69
 2261.21
 2199.28
 2182.07
 2333.70
 2991.11
 3526.27
 3977.75
 4332.62
 4449.77
 4882.90
 4485.50
 2974.40
 2599.63
 3285.49
 4062.22
 4169.09
 4104.56
 4059.59
 4421.22
 4914.19
 4622.33
 4412.87
 4227.39
 4101.67
 3577.27
 3148.95
 3073.79
 2979.53
 2892.82
 2987.14
 3021.97
 3065.58
 3307.44
 3722.73
 3751.10
 3585.76
 3499.51
 3470.60
 3351.21
 3497.64
 3314.29
 3072.46
 2365.90
 2159.05
 1618.14
 1634.56
 1733.67
 2030.88
 1735.48
 2202.12
 2808.52
 2650.74
 2613.11
 2789.32
 3252.64
 3255.22
 3389.98
 3339.66
 3410.23
 3579.22
 4221.50
 4540.78
 4857.08
 4854.56
 4870.75
 4996.11
 5023.86
 5133.73
 4772.63
 4703.23
 4691.71
 4683.32
 4643.23
 4489.21
 3971.38
 3167.49
 2367.23
 1987.13
 2069.00
 2249.32
 1933.47
 1994.24
 2076.47
 1576.46
 1955.73
 1848.27
 2246.21
 2352.85
 2230.09
 1977.62
 1872.79
 1738.00
 1589.34
 1565.84
 1470.18
 1525.77
 1630.54
 1609.47
 1737.97
 1558.62
 1536.10
 1757.74
 1693.77
 1840.65
 2185.01
 2419.16
 3161.49
 3296.19
 3331.11
 3240.92
 3482.46
 2958.18
 2519.97
 1963.04
 1920.42
 1965.19
 1945.25
 1990.65
 1910.14
 1745.00
 1621.76
 1738.37
 1388.71
 1141.03
  825.24
  709.00
  440.27
  307.32
  396.92
  304.92
  291.78
  313.61
  323.60
  340.68
  254.85
  175.76
  222.71
  413.48
  435.40
  324.62
  446.92
  295.49
  247.23
  221.92
  363.67
  844.04
  443.47
  425.80
  544.33
  325.56
  515.65
  391.59
  435.40
  334.14
  474.22
  451.46
  312.56
  686.57
  577.13
  522.81
  480.68
  463.55
  419.03
  492.71
  396.01
  478.16
  409.18
  546.60
  477.28
  473.12
  431.12
  290.62
   67.62
  389.24
  393.12
  437.01
  273.80
  234.63
  469.69
  797.15
  375.54
  394.17
  488.75
  511.97
  522.70
  571.24
  530.60
  403.32
  499.08
  500.02
  487.76
  524.80
  699.03
  658.17
  535.19
  830.62
  653.01
  699.00
  639.99
  681.19
  664.94
  489.37
  581.09
  799.38
  612.38
  635.80
  684.19
  667.06
  769.45
  729.92
  450.78
  694.81
  797.03
  890.51
  831.35
  757.90
  678.47
  687.39
  551.67
  615.81
  547.39
  569.48
  569.00
  553.20
  553.14
  574.21
  541.87
  720.38
  645.45
  723.01
  576.33
  556.11
  707.50
  559.31
  561.44
  525.62
  658.31
  689.03
  103.47
   73.26
  519.98
  633.42
  872.81
  891.33
  779.79
 1004.51
  944.17
 1103.85
 1062.39
 1152.01
 1103.08
 1014.34
 1160.14
 1080.34
 1052.71
  944.79
 1022.38
 1048.06
 1119.20
 1079.35
 1241.55
 1274.94
 1374.70
 1113.79
 1005.25
 1452.85
 1476.89
 1495.67
 1416.27
 1426.69
 1510.87
 1520.27
 1381.44
 1332.65
 1022.32
 1195.28
 1456.02
 1556.78
 1601.57
 1418.19
 1315.97
 1329.59
  888.27
  901.01
  889.89
 1136.41
 1070.26
 1184.41
  807.26
  710.16
  864.71
  823.51
  878.42
  940.77
 1049.54
 1293.12
 1389.08
 1473.41
 1367.96
 1514.33
 1767.06
 1922.88
 1641.90
 1671.26
 1516.74
 1599.82
 1491.19
 1507.65
 1246.34
 1232.12
 1234.42
 1030.82
 1258.57
 1350.40
 1329.25
 1409.41
 1554.06
 1519.28
 1626.60
 1483.77
 1297.31
 1378.38
 1529.11
 1381.13
 1321.09
 1164.96
 1396.64
 1429.15
 1132.84
 1528.29
 1563.77
 1329.87
 1352.07
 1480.04
 1450.08
 1461.32
 1513.48
 1621.59
 1449.43
 1484.68
 1441.92
 1508.24
 1292.86
 1063.69
 1020.99
 1047.44
 1026.54
  829.20
  771.10
  960.76
  890.06
  917.58
  984.12
 1179.03
 1345.39
 1343.29
 1337.38
 1331.60
 1008.36
  820.00
  986.13
 1432.83
 1465.51
 1440.73
 1237.79
 1303.96
 1310.82
 1171.61
 1208.28
 1257.44
 1175.86
 1222.66
 1183.08
 1041.58
 1136.36
 1091.30
 1179.79
 1194.46
 1190.02
 1110.45
 1068.42
  742.24
 1415.96
 1425.98
 1497.48
 1037.16
  947.71
 1112.51
 1111.78
 1377.73
 1390.61
 1265.82
 1576.94
 1986.85
 1835.81
 2064.98
 2398.69
 2632.79
 2533.37
 2688.57
 2659.09
 2646.44
 2878.21
 3019.14
 3076.12
 3130.91
 3099.22
 3127.28
 3119.21
 3231.41
 3362.20
 3543.23
 3487.87
 2991.36
 2823.22
 2845.73
 2953.67
 4072.44
 5641.11
 6256.61
 6528.59
 6862.25
 6813.54
 6859.27
 6833.08
 6723.38
 6357.67
 5990.20
 5798.84
 5810.05
 5298.17
 4594.38
 4276.47
 4199.87
 4295.04
 4380.96
 4338.34
 4443.22
 4452.23
 4585.23
 4665.65
 4650.22
 4637.90
 4576.00
 4147.48
 3751.16
 3873.35
 3739.41
 3552.43
 3552.32
 3568.06
 3536.89
 3224.98
 2757.69
 2577.09
 2301.56
 2358.91
 2587.74
 2520.96
 2514.22
 2289.30
 2356.73
 2193.59
 1923.93
 1954.85
 1937.38
 1938.85
 2193.51
 2517.23
 2535.83
 2696.64
 2562.14
 2691.86
 2747.50
 3333.18
 3524.46
 3349.80
 3118.22
 3092.79
 3034.60
 2853.60
 2837.01
 2741.16
 2410.19
 2398.86
 2335.91
 2191.78
 1959.98
 1441.47
 1448.29
 1373.08
 1295.18
 1218.33
  952.04
 1101.78
 1088.58
 1169.77
 1071.08
  827.87
  844.69
  984.35
 1057.89
 1097.53
 1327.66
 1871.49
 2570.46
 2651.84
 2935.38
 3164.75
 2845.70
 2217.80
 1885.59
 2322.01
 2294.60
 2270.30
 1790.56
 1293.51
 1275.56
 1294.50
 1313.65
 1688.36
 2399.91
 2745.40
 3507.27
 4044.58
 4790.76
 5516.80
 5356.95
 5383.46
 5691.66
 5714.79
 5830.47
 6003.14
 5649.81
 5188.21
 5229.78
 5003.50
 4363.97
 3498.52
 3028.77
 2910.77
 2683.28
 2521.73
 2128.78
 2095.22
 1822.50
 1801.63
 2157.09
 2223.01
 2188.18
 1813.67
 1354.00
 1009.38
  716.44
  535.73
  798.42
 1260.81
 1088.95
 1352.95
  994.35
  960.20
 1228.24
 1245.54
 1610.44
 2149.45
 2406.68
 2324.02
 2366.72
 2349.14
 2303.89
 2280.13
 2354.18
 2001.38
 1674.23
 1722.68
 1504.36
 1570.25
 1511.27
 1527.95
 1497.93
 1366.94
 1525.51
 1369.91
 1301.78
 1129.87
  904.67
 1103.82
 1371.70
 2197.95
 3452.08
 3814.45
 3733.97
 3308.29
 3985.88
 3800.40
 4068.22
 4909.74
 5074.80
 5157.86
 4821.20
 4835.41
 4216.89
 3265.10
 2101.62
 2103.57
 1976.49
 1819.98
 1724.86
 1753.01
 1473.30
 1330.84
 1393.42
 1387.24
 1367.14
 1215.67
 1373.68
 1138.76
 1413.52
 1501.64
 1383.76
 1368.92
 1496.80
 1455.23
  978.01
 1023.51
 1479.70
 1684.63
 1825.25
 2007.15
 1940.02
 1992.94
 1933.42
 1976.43
 1571.19
 1720.56
 1643.06
 1595.37
 1283.32
 1333.19
 1215.67
 1494.82
 1265.11
 1271.26
 1349.98
 1439.63
 1182.65
  987.24
 1035.94
 1147.68
 1163.23
 1385.74
 1496.09
 1458.80
 1348.17
 1300.00
 1600.81
 1168.13
 1267.60
 1415.05
 1159.29
 1436.54
 1250.70
 1280.01
 1467.80
 1267.29
 1187.61
 1108.94
 1061.63
 1162.46
 1307.76
 1294.67
 1669.45
 1630.57
 1648.38
 1449.20
 1601.06
 1365.30
 1602.08
 1477.46
 1435.44
 1444.02
 1229.49
 1459.68
 1545.11
 1540.18
 1398.77
 1331.60
 1377.73
 1256.16
 1223.29
 1350.69
 1290.46
 1296.66
 1123.16
 1229.12
 1241.24
 1284.88
 1290.37
  946.18
 1174.36
 1323.93
 1398.71
 1106.17
 1208.36
 1134.46
 1442.40
 1357.51
 1056.44
 1195.88
 1365.58
 1287.48
 1276.64
 1279.67
 1354.45
 1269.27
 1186.96
 1083.03
 1155.10
 1087.48
 1409.61
 1241.75
 1219.63
 1164.62
  891.07
  982.34
 1095.15
 1258.32
 1210.94
  984.10
 1066.02
 1127.66
 1279.75
 1299.91
 1751.43
 1308.18
 1487.17
 1366.15
 1333.70
 1501.22
 1531.40
 1571.42
 1618.76
 1898.39
 1624.31
 1517.84
 2162.16
 3052.84
 3149.74
 3177.04
 3107.07
 3099.00
 3127.37
 3054.65
 3088.18
 3089.48
 2822.68
 2572.70
 2587.54
 2429.78
 2814.18
 3191.45
 3211.07
 3347.31
 3475.38
 3408.19
 3416.43
 3468.39
