19850101
   83.53
  113.27
   89.20
  126.94
  128.84
  118.45
  154.81
  276.09
  264.76
  167.55
  135.44
   98.17
   56.63
  184.99
  150.56
  149.14
  147.25
  159.06
  151.01
  271.36
  344.98
  258.62
  190.66
  163.30
  126.01
   66.06
   58.98
  145.35
  156.68
  100.52
  193.97
  190.66
  112.33
   94.38
  106.67
   33.98
   21.72
   74.56
  142.07
   81.64
   56.63
  181.00
  172.73
   69.86
  104.29
  109.02
  132.61
   81.18
  170.38
  191.14
  243.04
  120.83
   59.95
   11.81
   11.81
   61.82
   59.47
   70.79
   96.76
  118.00
   67.48
   55.22
  137.82
  132.15
  181.71
   91.55
   72.69
   11.33
   11.81
   48.62
   71.73
   68.89
  116.58
   89.68
   58.98
   33.98
  120.83
  154.81
  130.74
   69.86
   34.91
    9.91
   11.81
   10.85
   40.58
   88.24
   80.22
  103.84
   45.31
   32.56
   33.98
   23.13
   23.59
   31.15
   32.56
   23.59
   11.33
   60.40
   41.54
   89.68
   46.72
   33.98
   33.98
   35.40
   35.40
   33.05
   24.07
   47.66
   22.65
   25.00
   22.65
   62.78
   24.07
   23.59
   35.88
   30.21
   25.97
   10.39
   11.81
   41.54
   20.76
   21.72
   87.78
   31.15
   15.57
  138.75
   28.32
   22.65
   21.24
   23.13
   22.17
   38.23
   65.13
   24.07
   23.13
   21.72
   26.90
   11.33
    0.00
   11.33
   59.47
   49.55
   31.15
   11.33
   11.33
    0.00
    0.00
   92.03
   47.66
   84.24
   77.39
   11.33
   65.13
   91.10
  117.51
  107.12
   65.61
   34.46
   53.80
    0.00
   54.28
   44.37
   75.52
   23.59
   23.59
   22.65
   20.76
   34.46
   31.15
   40.12
   31.63
   92.03
   22.17
    0.00
   93.45
  148.18
  148.66
   37.75
   71.73
   55.70
   22.65
   92.03
   76.46
   76.94
   53.32
   56.15
   31.15
   19.82
   76.46
  105.85
  104.77
   97.21
  146.31
   44.83
   21.72
  134.50
   67.48
   50.97
   37.75
  129.32
   89.20
  101.01
  204.82
  175.08
  151.01
  107.12
   98.17
   56.63
   49.55
  133.57
  154.81
  204.36
  210.96
  158.09
  101.94
   79.77
  138.75
  112.79
  156.22
  201.05
  179.81
  155.26
  127.43
  161.41
  176.98
  155.74
  195.39
  136.86
  125.53
   85.43
  164.24
  111.37
  160.92
  149.60
  151.98
   99.11
  131.67
  239.76
  277.99
  137.82
  198.70
  175.08
  183.12
  204.36
  128.84
  204.82
  188.31
  162.34
  185.48
  153.85
   82.60
  141.10
  124.11
  118.93
  118.93
  127.43
   79.77
   56.15
  118.45
  155.74
  199.63
  156.68
  185.96
   60.88
   11.81
   83.53
   81.18
  119.41
  166.13
  171.80
  123.66
   91.10
  145.83
  220.87
  146.31
  151.01
  116.10
   98.17
   62.30
  202.95
  215.69
  216.14
   85.89
  104.29
   11.33
   33.50
  137.82
   58.98
   55.22
   50.04
   70.79
   11.81
   11.81
   58.98
   58.98
  115.16
   42.96
   13.22
   11.33
   11.33
   28.32
   43.89
   13.22
   26.42
   22.65
   19.34
   36.33
   52.87
   65.13
  161.41
   91.10
   97.69
   31.15
   19.82
   31.15
    9.43
    0.00
   11.81
    1.90
   11.33
    0.00
   11.81
   12.26
   46.24
   56.86
   46.24
   44.83
   28.32
   32.08
   16.51
   20.76
   45.31
  144.90
   57.12
   41.99
  135.44
  157.64
  169.42
   99.11
   99.11
   99.11
   99.11
   33.05
   49.55
   45.42
   49.55
   50.63
   25.37
   23.59
   59.95
   49.55
   44.83
   66.06
   63.23
  104.29
  108.09
   72.21
   78.35
  114.68
   92.03
   84.02
   98.63
   86.37
   70.31
  119.87
   95.80
   93.45
   97.69
  112.79
  115.16
  161.41
  137.82
  155.26
   86.85
   92.96
   11.33
   11.33
   80.70
  161.41
  168.49
  119.87
  119.41
   61.82
   57.57
  160.92
  171.32
  257.68
   74.56
   94.38
   12.26
   12.74
   75.97
  153.39
   56.63
   68.89
   46.24
   60.40
   64.65
   58.53
  142.07
  155.74
  111.85
   63.23
   10.85
   10.85
   60.40
  109.50
  145.35
  137.34
  176.50
   58.98
   59.47
  125.08
  105.71
  118.93
   92.51
   76.94
   35.88
   30.67
  148.18
  126.94
  132.15
   56.63
    8.01
   10.85
   10.85
   25.00
   55.70
  174.63
  194.90
  154.33
   73.14
   41.06
  144.90
  107.60
  124.11
   93.93
   21.24
   11.81
   11.81
   11.81
   44.83
   58.98
  145.83
  161.41
  153.28
   11.33
  122.70
  131.19
  159.51
   48.14
   12.74
    0.00
   10.85
   10.85
    0.00
   54.28
   57.57
   11.33
   23.59
   22.65
   56.15
   32.56
   32.08
   33.50
   36.33
   38.71
   21.72
   21.72
   23.59
   25.00
   25.97
   32.08
   35.88
   23.59
   23.13
   25.49
   20.76
   24.07
   24.55
   24.07
   23.59
   22.17
   25.97
   37.75
   21.72
   34.46
   37.29
   25.49
   42.96
   20.76
   35.88
   55.70
   56.15
   58.53
   59.47
   60.88
   58.98
   59.95
   68.89
   81.64
   58.53
   74.11
   65.61
   67.03
   74.56
   62.30
   58.05
   98.63
   94.86
   86.37
   71.73
   74.11
   83.53
  159.51
  126.01
   93.93
  138.75
   96.76
   71.27
   98.63
   61.36
   74.11
   62.78
   70.79
   65.61
   66.54
   69.86
   55.70
   70.79
   54.74
   95.80
   72.69
   46.24
   47.20
   80.70
   75.04
   66.06
  155.26
  107.12
   56.15
   47.20
  104.29
   61.82
   56.63
   47.20
   95.80
   85.43
   39.64
   49.07
   49.55
   50.97
  109.02
  170.84
   95.34
   70.31
  103.36
   47.66
   46.24
  119.41
   81.18
  111.85
  142.07
  140.17
   85.89
   62.30
   95.34
   60.40
   94.38
  122.70
  134.50
   62.30
   61.82
   68.89
   83.05
  112.33
   77.87
   63.23
   47.20
   47.20
   47.20
   58.98
   77.39
   70.79
   47.20
   47.20
   47.20
   58.98
   74.81
   70.79
   55.70
   47.20
   45.31
   50.49
   53.80
   70.79
   70.31
   82.60
   82.60
   47.20
   47.20
   82.60
   82.60
  115.76
  112.33
  106.19
   82.60
   47.20
   82.60
  126.49
  146.06
  103.84
  113.75
   76.46
   23.59
   82.60
   99.59
  141.58
  125.08
  128.13
   62.78
   39.16
   78.81
  107.60
  124.59
  106.19
   92.51
   47.20
   47.20
   80.70
  118.93
  151.01
  153.39
  128.36
  121.76
   71.73
   96.76
  138.27
  160.47
  171.80
  210.48
   98.63
   97.69
  140.17
  223.22
  195.87
   57.57
   23.13
   11.33
   11.81
   14.64
   11.81
   11.81
   11.81
   10.39
   14.16
   11.81
  269.94
  252.50
  332.24
  218.04
  187.83
   11.33
   14.64
   48.14
   23.59
   94.38
  107.12
   97.69
   69.86
   45.31
  217.56
  220.87
  233.13
  172.73
  175.08
   95.34
   11.81
   11.33
   11.81
   74.11
  197.74
  164.72
  134.99
   85.43
  163.76
  134.02
  137.82
   55.70
   12.26
   11.81
   16.51
   11.33
   75.04
   53.32
   23.13
   23.59
   34.46
   38.23
   36.33
   23.59
   58.98
   61.82
   66.32
   81.64
   88.26
  142.52
   97.21
  240.69
   51.45
    0.00
   22.65
   22.65
  122.24
  122.24
  167.55
  144.90
  199.15
  108.09
   17.47
  144.90
  179.33
  190.20
  206.23
  208.61
  198.70
  184.06
  191.62
  227.02
  198.70
  244.94
  223.22
  234.10
  197.28
  303.47
  343.12
  380.86
  214.61
  257.20
   85.89
   58.98
  190.20
  210.96
  229.85
  167.55
  197.74
  181.71
  149.14
  257.20
  176.05
  156.22
   37.75
   36.33
   60.40
   34.46
  212.38
  266.66
  252.02
   91.55
   59.95
   11.81
   11.81
  133.09
   97.21
  183.12
  160.47
  171.80
  126.01
  113.75
  321.40
  301.57
  320.46
  259.58
  116.58
   48.62
   26.90
  136.40
  165.17
  229.37
   90.61
  157.16
  120.35
   72.69
  219.46
  318.08
  322.33
  196.32
  177.46
  353.03
  287.42
  317.63
  246.36
  301.09
  367.64
  286.93
  309.59
  195.87
  176.50
  218.52
  199.15
  197.74
  227.02
  186.41
  125.53
  224.18
  186.89
  214.27
  177.46
  150.56
   22.17
   13.22
   66.06
   85.43
   90.13
   92.51
  177.91
  174.63
  158.09
  137.82
   30.21
   41.54
   25.97
   12.26
   12.74
   12.74
   37.75
   12.74
   30.21
   51.90
   11.81
   12.26
    0.00
   23.59
   24.55
   68.44
   81.18
   59.47
   61.82
   41.06
  277.02
  210.96
  287.42
  295.43
  235.03
  184.54
  164.72
  151.01
  210.48
  240.69
  247.77
  329.89
  234.55
  185.96
  217.56
  151.50
  219.94
  152.91
  126.49
  159.51
   85.89
  176.50
  176.05
  149.14
  197.28
  178.40
  130.26
   69.86
   65.13
  186.41
  145.83
  203.88
  172.73
  118.93
   55.70
   79.77
  131.67
  147.25
  149.14
  111.37
   93.93
   61.36
  115.16
  136.86
  138.75
  100.04
   50.49
   50.97
   36.81
  148.66
  175.56
  151.50
  111.37
  164.24
   23.59
   25.00
   86.37
   95.34
  118.00
  122.70
   94.38
  101.94
   27.38
   61.82
   62.78
   63.23
   44.37
   98.17
   50.04
   11.81
   70.79
  117.03
   91.10
   83.53
   41.06
   50.97
   50.04
  180.75
  143.93
  198.22
  179.81
  187.83
   71.73
   58.98
  254.85
  211.44
  265.70
  260.03
  227.02
  132.61
  112.79
  153.39
  205.78
  166.13
  232.68
  215.69
  213.79
  148.18
  205.78
  236.45
  239.76
  229.37
  220.39
  226.05
  218.52
  240.21
  239.76
  169.42
  164.72
  206.23
  180.29
  151.98
  197.74
  214.73
  230.30
  222.77
  218.04
  182.16
  148.89
  172.73
  185.96
  183.12
  193.97
  148.66
  132.15
  123.66
  163.76
  189.72
  183.58
  181.23
  127.43
   26.90
  149.14
  147.73
  108.09
  117.03
   58.98
   78.81
   69.86
   70.79
   82.60
   87.78
   94.38
  106.19
  110.44
   27.84
   34.46
  129.78
  134.02
   72.21
  120.83
  123.66
   67.96
   92.96
  100.52
  140.17
  149.14
  143.48
  151.01
   33.98
   45.31
  112.33
  122.70
  149.60
  149.60
  146.77
   90.61
   56.63
  217.56
  210.48
  237.86
  197.28
  165.65
   11.81
   11.81
   57.12
  106.67
  188.79
  177.46
  109.50
   60.40
   33.50
  153.85
  148.18
  184.06
  186.41
  135.44
   10.39
   10.39
   10.85
   12.74
   78.35
   65.61
   68.89
   36.33
   23.13
  121.76
  106.67
   74.11
   47.20
   25.00
   11.33
   12.74
    9.91
   10.85
   13.22
   79.77
   33.98
   23.13
   22.17
  116.10
  102.88
  152.91
  109.02
   78.35
   11.33
   11.33
   11.81
   11.33
   11.81
   11.33
   22.65
   11.81
   10.85
   65.61
   32.56
   34.46
   20.76
   24.55
   35.40
   11.81
   34.91
   57.57
   58.98
   21.72
   11.33
   11.81
    8.50
   23.59
   22.65
   73.62
  124.59
  134.50
   47.66
   21.72
   26.90
   34.91
   33.98
   23.59
   16.99
   44.83
   33.50
   22.65
   71.27
   58.53
   56.63
   23.13
   28.80
   11.81
   78.81
  193.04
  236.93
  165.65
   58.05
   11.81
   12.74
  129.78
  139.69
  166.59
  146.31
  164.24
   69.38
   42.96
  152.91
  135.44
  299.68
  133.57
   34.91
   36.33
   10.85
   87.30
  187.12
  187.37
  145.83
   57.57
   23.59
   11.81
   61.82
   80.70
   33.98
   33.05
  182.64
   44.83
   34.46
  160.47
  127.91
   87.78
  201.05
  100.04
   52.39
   48.62
   47.20
  101.46
   63.23
   46.72
   75.52
   46.24
   57.57
  176.05
  144.42
  226.53
  147.73
   70.79
    0.00
   14.16
   14.16
   12.74
    0.00
   33.98
   22.65
   23.13
   21.24
   83.05
   79.29
  107.12
  119.87
   91.55
   11.33
    0.00
   36.81
   92.96
   87.30
   45.31
   41.54
   23.59
   19.82
   21.24
   23.59
   21.72
   25.00
   15.57
   10.85
   10.85
   22.17
   22.65
   23.13
   11.33
   11.33
   11.33
   11.81
   11.33
   12.26
   42.48
   12.26
   43.89
   10.39
   11.33
   24.07
   26.42
   24.07
   22.65
   11.33
   11.33
   22.65
   23.59
   22.65
   22.17
   20.30
   24.07
   11.81
   25.49
   29.25
   32.08
   22.65
   28.32
   11.33
   11.33
   11.33
   11.33
   11.33
   11.81
   11.33
   11.33
   12.26
   11.81
   16.99
   22.65
   33.98
   35.40
   24.07
   24.07
   22.17
   23.13
   36.33
   33.05
   33.98
   33.05
   27.84
   23.13
  104.77
    9.91
   11.81
   13.22
   11.33
   11.81
   11.81
   35.40
   31.63
   42.96
   50.97
   48.62
   53.32
   39.64
   35.40
   63.71
   72.69
   75.52
   94.86
   67.96
   73.14
   69.86
   96.28
  131.67
  126.49
  119.87
  121.28
  125.08
  131.67
  159.99
  162.34
  104.77
   92.03
  198.22
  330.83
  176.98
  271.36
  286.93
  257.20
   76.46
   88.26
   36.81
   38.23
   87.78
   87.30
  101.01
   91.55
   60.88
   60.88
   73.14
   75.52
   72.69
   69.38
  121.28
   43.89
   44.83
   60.88
   42.48
   44.37
   32.56
   33.98
   11.81
   11.81
   23.59
   23.59
   75.04
   87.30
   75.97
   24.55
   25.00
   52.39
   67.48
   59.95
   67.03
   78.81
  109.02
   31.15
   63.23
   23.59
   85.43
   84.02
   82.60
   35.88
   35.40
  105.25
  100.04
  143.48
   88.72
   61.36
   36.81
   12.26
   48.62
   25.49
   34.91
   34.46
   68.44
   84.95
   69.38
   71.27
   45.31
   71.27
   84.95
   59.47
   46.72
   69.38
   82.60
   58.98
   33.05
   23.13
   34.46
   47.20
   46.72
   46.72
   46.72
   57.12
   69.38
   63.71
   48.14
   44.37
   56.63
   46.72
   44.37
   47.20
   46.72
   23.59
   23.59
   58.98
   47.20
   47.20
  102.17
   47.20
   35.40
   39.16
   35.40
   35.40
   33.98
   58.05
   58.05
   36.81
   34.91
  115.62
  145.61
  133.57
   44.83
   32.08
   13.22
   11.33
   11.33
   11.81
   11.81
   22.65
   48.62
   47.20
   47.20
   70.79
  114.68
   92.03
   39.64
   57.57
   49.07
   51.90
  118.00
  144.90
  126.49
   11.33
   11.81
   11.33
   11.33
   14.16
   11.81
   16.99
   13.22
   11.33
    0.00
   11.33
   33.50
    0.00
   52.39
   45.79
   45.31
    0.00
   58.53
   47.66
   36.81
   10.85
   10.85
   11.81
   11.81
   11.33
  113.27
  136.86
  131.19
   34.91
   11.33
   11.33
   11.33
   11.33
   11.81
   11.81
   11.81
   35.40
   92.51
  128.84
  133.57
  129.78
  125.53
   47.20
   45.31
   45.31
   45.79
   46.72
   13.22
   11.81
   60.40
   53.32
   11.81
   47.20
   70.79
   94.38
   67.03
   68.89
   47.20
  105.25
  232.20
  212.38
   81.18
   71.27
   67.03
   70.31
  133.80
  189.24
  168.97
   76.46
   58.53
  268.53
  306.30
  185.96
  203.88
  252.50
  261.93
  229.37
  328.96
  303.47
  217.56
  217.56
  223.22
  191.14
  192.55
  235.51
  217.11
  105.71
   61.36
  286.00
  253.44
  240.21
  137.34
  114.68
   14.64
   12.26
   98.17
  208.13
  189.24
  215.69
  190.66
  158.57
  164.24
  157.16
  165.65
  225.60
  190.66
  250.12
  223.70
  239.76
  260.51
  400.20
  334.62
  309.59
  299.22
  248.25
  233.13
  253.92
  304.89
  295.91
  198.44
  137.34
   61.36
   48.14
  127.91
  211.90
  209.06
   53.32
   72.21
   48.62
    0.00
   93.45
  138.27
   70.79
  134.50
  125.53
   23.59
   11.81
   33.98
   80.22
  142.07
  189.24
   11.81
   11.81
   11.81
  101.46
   83.53
  102.88
   25.49
   35.40
   11.81
   11.33
   13.22
   11.33
   11.33
   33.50
   49.07
   45.31
   45.31
   74.11
  159.99
  130.26
   35.40
   12.74
   11.81
   11.81
   34.91
   33.98
   22.65
   22.65
   23.59
   23.13
   20.76
   69.86
  145.35
   95.80
   46.24
   47.20
   38.71
   38.71
   25.00
   23.59
   46.24
   33.98
   23.59
  137.34
  188.79
  195.39
  252.50
  367.89
  295.43
  243.52
  225.60
  215.21
  247.77
  216.14
  193.97
  185.48
  161.89
  135.92
   66.54
  200.57
  195.87
  206.23
  207.19
  209.06
   87.78
   49.55
   87.30
  156.68
   97.21
  153.85
  133.57
   81.64
  104.29
  155.97
  134.99
   58.98
   35.40
  118.00
    8.98
   48.62
  217.11
  415.78
  327.99
  357.27
  498.86
  256.75
  316.67
  305.34
  373.78
  397.37
  539.92
  538.50
  530.01
  487.53
  501.69
  264.54
  292.60
  313.84
  290.25
  271.36
  276.46
  290.73
  283.17
  307.72
  300.16
  271.36
  254.37
  252.02
  259.58
  250.60
  248.71
  115.62
  133.57
  106.67
   82.60
  140.17
  166.13
  187.83
  167.07
  167.07
   48.62
   82.60
  149.14
  165.17
  180.29
  177.46
  155.74
   35.40
  120.35
  140.17
  186.89
  224.64
  231.26
  191.62
   94.86
  128.84
  128.36
   46.24
  117.51
   35.40
  126.01
  105.71
  104.29
  237.38
  208.61
  232.68
  194.90
  213.79
  106.19
  175.56
  204.36
  215.69
  175.08
  223.70
  222.77
  180.29
  177.46
  214.27
  217.11
  207.65
  215.21
  237.86
  171.32
  150.08
  124.11
  243.04
  253.44
  224.64
  203.40
  118.45
  145.35
  291.18
  227.95
  229.85
  188.79
   90.61
  200.12
   62.30
  147.73
  164.24
  212.38
  209.06
  137.82
    0.00
  172.73
  246.84
  257.20
  295.91
  241.63
  212.38
  250.12
  205.30
  160.92
  269.49
  237.38
  244.46
  255.79
  190.66
  231.26
  289.77
  306.76
  345.47
  239.28
  196.32
  137.34
  142.07
  233.13
  279.86
  257.20
  216.14
  207.65
  198.70
  234.55
  328.96
  325.16
  254.85
  227.47
  189.24
  142.52
  110.92
  238.34
  233.13
  227.02
  213.31
  235.03
  244.94
  218.07
  227.47
  233.13
  235.03
  162.34
  263.12
  253.92
  248.25
  327.99
  326.58
  313.84
  377.10
  252.02
  176.05
  170.38
  250.60
  274.19
  252.50
  266.66
  262.41
  255.79
  250.12
  246.36
  329.41
  317.63
  266.18
  193.04
  166.59
  165.17
  280.82
  247.77
  178.88
  277.51
  274.19
  241.63
  239.76
  326.13
  325.64
  303.47
  271.84
  239.28
  173.67
  166.59
  257.20
  285.52
  216.62
  126.01
  290.73
  258.62
  241.63
  120.83
  122.24
  129.32
  132.15
  124.11
   68.89
  126.49
  207.65
  124.11
   82.60
  226.05
  213.31
  230.78
  238.80
  255.33
  247.29
  228.43
  268.53
  260.51
  234.55
  229.85
  296.85
  301.09
  336.49
  202.95
  170.84
   60.40
   16.51
  179.81
  213.31
  177.91
  274.19
  183.58
  125.08
   81.64
  158.57
  308.17
  212.86
  252.50
  221.81
  298.74
  473.83
  246.36
  278.92
  269.94
  270.43
  243.52
  322.22
  450.24
  380.86
  476.20
  535.19
  438.43
  561.15
  732.59
  549.83
  559.26
  566.34
  566.34
  657.32
  584.40
  467.71
  453.07
  376.13
  289.31
  307.72
  240.21
  155.74
  176.98
  159.51
  142.52
  155.26
  158.09
  119.41
  142.07
  111.85
   80.22
   50.04
  102.42
  218.04
   92.03
   68.89
  324.71
  101.94
  141.58
  125.53
  128.36
  117.51
  107.60
  109.95
   68.44
   93.93
  205.78
  180.29
  166.13
   97.21
   79.29
   14.64
   14.64
   11.33
   60.88
   97.69
   96.76
   60.88
   35.88
   64.19
   71.73
   70.31
   84.02
   56.63
   24.55
   23.59
   57.12
   73.62
   73.62
   59.47
   67.48
   35.40
   46.72
   56.63
   47.20
   26.42
   50.49
   35.40
   30.67
   12.26
   37.29
   38.23
   60.88
   99.11
   98.63
  147.25
   97.69
  120.35
  122.24
  122.24
  149.14
  136.86
  110.92
   96.76
   72.69
   74.56
   58.05
   59.47
  141.58
  138.27
  113.27
   86.37
  106.67
  123.18
  118.00
  118.45
  116.10
  188.79
  141.58
  178.88
  141.58
  152.91
  153.85
  140.65
  130.74
  130.74
  129.32
  140.17
  141.10
  135.44
  126.72
  121.76
  125.08
  130.74
  143.00
  126.01
  135.92
  128.84
  132.15
  131.19
  127.43
  126.01
  142.07
  126.01
  134.50
  124.11
  124.59
  123.18
  136.40
  123.66
  110.92
   90.61
  126.49
  127.43
  117.51
   85.89
  137.34
  137.34
   88.72
   90.61
  121.76
   99.59
  109.50
  126.49
  178.40
  178.40
  137.82
  135.44
  149.60
  130.74
  121.28
  110.92
  136.40
  133.09
  134.02
  130.26
  121.76
  110.44
  110.44
  188.31
  114.68
  126.49
  112.79
  112.79
  110.44
  100.52
  122.70
  116.10
  153.39
  137.34
   75.04
  118.00
  115.16
  114.20
  116.10
  128.36
  126.49
  140.65
  142.07
  131.67
   99.11
  119.87
  145.12
  128.84
  117.97
  116.55
  121.76
  132.13
  135.44
  157.61
  139.69
  111.85
   87.30
  101.01
   86.85
   86.85
   96.76
  146.31
  129.32
  112.33
  111.14
  128.84
   89.68
  149.60
  129.78
  121.76
  100.04
  122.70
  104.29
  117.03
  121.76
  134.99
  121.76
  125.53
  134.99
   91.10
   91.10
  117.03
  117.03
   77.87
   73.14
   66.06
   52.39
   54.28
   52.87
   55.22
   66.06
   56.63
   63.23
   55.22
   57.12
  122.24
  120.83
  170.38
   46.24
   77.87
   11.33
   13.22
   12.26
  104.77
   90.13
   71.27
  103.36
   56.63
   53.32
  132.15
  195.87
  223.70
   87.78
   83.53
   11.33
   11.33
   93.45
   32.08
  116.10
  114.68
  106.67
   53.80
  109.95
  132.61
  115.62
  113.27
  128.36
  101.46
   74.56
  112.33
  181.23
  188.79
  193.97
  127.43
  118.45
   11.33
   11.33
  127.91
  130.74
   72.69
   72.69
   97.21
   68.44
   73.62
  179.81
   97.69
   92.96
   70.79
   97.21
   11.81
   11.81
   10.85
   99.59
  165.65
   72.21
   35.40
   33.98
   37.29
  113.27
  121.28
   81.64
   66.06
   11.33
   11.81
   17.92
   11.81
   11.81
  122.24
  112.33
  118.45
  183.12
  489.88
  158.09
  201.98
  262.75
  320.35
  470.88
  543.57
  492.23
  449.42
  496.14
  469.46
  460.15
  508.06
  499.68
  519.39
  491.89
  552.07
  466.41
  532.13
  427.24
  450.24
  372.85
  333.80
  276.57
  287.08
  290.73
  302.88
  264.54
  268.30
  356.79
  263.71
  264.65
  265.70
  120.94
   46.38
   24.07
  172.39
  130.74
  132.27
  115.76
  154.44
  131.67
  109.39
  166.84
  172.39
  131.33
   59.58
   79.40
   10.85
   10.73
   11.10
   70.20
   89.91
  175.93
  117.88
  134.87
  121.42
  428.66
  353.25
  569.40
  512.90
  448.82
  486.82
  482.01
  458.65
  472.07
  544.99
  478.21
  516.30
  344.64
  380.86
  458.25
  452.02
  406.23
  423.45
  327.29
  293.90
  278.21
  368.83
  362.23
  218.75
  274.79
  277.39
  157.38
  167.78
  226.65
  231.15
  216.14
  228.55
  221.69
  261.11
  219.34
  394.20
  368.01
  364.35
  258.05
  262.75
  404.45
  311.37
  460.74
  266.40
  254.03
  301.80
  291.78
  286.23
  280.68
  248.37
  165.88
  230.67
  232.31
  164.35
   70.57
   52.27
  130.37
   70.20
   66.54
   54.28
   98.88
  115.62
   69.04
   45.90
   45.08
   41.77
   48.14
   45.19
   50.97
   47.66
   56.75
   45.31
   66.54
   44.71
   50.86
   33.75
   24.89
   54.40
   22.65
   21.83
   35.06
   33.39
   32.34
   35.17
   34.21
   33.98
   44.26
   21.72
   32.45
   32.34
   11.33
   46.50
   55.70
   46.95
   72.43
   37.89
   56.15
   54.40
   55.10
   59.83
  138.53
  144.64
   88.38
   96.16
   64.31
  120.01
  176.50
   53.21
   32.08
   63.49
   31.86
   31.97
   81.89
   46.13
   32.93
  111.37
   70.31
   58.87
   43.07
   65.72
   79.29
  107.97
   67.37
   94.97
   57.23
   86.37
   89.57
  311.37
  172.85
  217.56
   79.88
   91.69
   90.39
  126.60
  123.89
  123.66
  161.18
  121.88
  136.63
  139.83
  195.87
  231.72
  189.72
  202.95
  209.54
  121.76
  104.55
  185.48
  188.42
  167.66
  180.18
  205.30
  148.32
  137.70
  174.63
  244.60
  286.11
  207.31
  244.83
  132.04
  114.57
  261.59
  148.89
  201.28
  198.44
  222.40
  134.02
  139.12
  129.55
   73.62
  126.72
  121.76
  162.71
   62.67
   81.78
  178.28
  175.56
  172.51
  180.63
  140.76
  102.31
  110.66
  156.22
  158.35
  186.07
  154.10
  160.36
  131.08
  114.46
  121.88
  138.41
  145.12
  149.14
  226.05
  133.57
   99.59
   95.23
  159.76
  112.56
   45.53
  111.62
  200.46
  116.10
  164.95
  161.18
  172.02
  166.36
  164.61
  140.65
  143.82
  187.12
  152.68
  123.66
   86.73
  114.80
   65.72
   69.15
   92.62
   66.06
   95.80
  118.82
   92.96
   69.86
   88.86
  207.65
  174.15
  234.44
  165.43
  152.09
   10.51
   11.33
  161.41
  159.88
  133.57
  155.86
  204.59
   73.74
   54.51
  249.41
  285.52
  254.51
  197.17
   88.72
   11.69
   12.86
   11.33
   53.46
   54.62
   60.88
   82.35
   90.39
   97.10
  138.16
  135.92
  135.58
   68.56
   25.26
   11.69
   11.10
  108.43
   87.30
   95.80
   59.35
   67.48
   74.44
   99.48
  168.60
  188.68
  212.38
   33.98
   47.32
   10.51
   11.55
   81.89
  101.12
   99.22
   96.16
  207.79
  111.14
   88.72
  110.55
  108.68
   97.58
   32.22
   33.50
   43.07
  263.46
  448.60
  453.07
  445.76
  373.67
  481.16
  554.42
  552.18
  470.17
  506.76
  535.90
  524.68
  536.38
  568.35
  595.48
  590.63
  578.85
  567.16
  566.45
  462.64
  385.11
  378.74
  365.40
  388.76
  404.93
  351.50
  280.56
  263.46
  267.82
  201.28
  246.72
  243.41
  226.42
  260.40
  492.71
  493.90
  460.26
  249.30
  256.75
  244.71
  254.37
  195.16
  194.79
  191.51
  235.85
  254.96
  272.66
  281.41
  197.99
  254.74
  361.04
  293.56
  268.19
  169.90
  174.26
   11.33
   12.74
   79.51
  127.91
  127.65
  140.65
   90.84
  104.43
   74.11
  190.54
  182.05
  198.10
  146.43
   92.96
   10.39
    9.91
   94.97
   86.14
  109.61
  108.31
   66.77
   75.27
   57.71
  150.08
  117.29
  100.89
   66.20
   12.63
   10.51
   11.69
    9.20
   11.21
   11.55
  155.03
   62.30
   49.78
   46.01
   33.50
   40.95
   41.88
   57.23
   56.86
   33.39
   78.58
  122.84
  132.04
  194.45
   60.54
   72.21
   10.02
   10.51
   40.83
   10.02
   10.14
  123.55
  129.78
   46.50
   39.05
  161.18
  100.89
  116.69
   52.61
   42.96
   10.62
   11.81
   55.22
   77.76
   72.09
   62.41
   75.63
   19.00
   18.29
   59.35
   62.78
   61.82
   46.50
   58.64
   39.16
   21.61
   37.63
   63.01
   70.91
   62.41
   70.79
   51.90
   42.48
   94.15
   71.50
   63.83
  121.99
   58.28
   21.46
   22.06
   22.88
   43.41
   53.21
   21.46
   34.80
   28.43
   27.01
   45.42
   42.36
   39.05
   35.06
   48.14
   45.08
   34.21
   32.79
   31.63
   44.37
   34.21
   39.87
   45.79
   34.57
   80.48
   90.50
   35.06
   31.86
   34.57
   35.17
   37.29
   46.95
   22.31
   21.01
   31.74
   54.99
   24.66
   24.66
   35.76
   84.61
   21.61
   24.66
   37.89
   38.94
   31.26
   45.90
   93.33
   45.79
   23.13
   34.21
   10.73
   10.51
   24.18
   50.49
   72.58
   48.14
   22.77
   44.71
   75.52
   60.40
   53.58
   55.81
   93.81
   67.96
  115.39
   66.54
   99.11
   91.32
   99.59
  147.47
   77.98
   56.15
   92.51
  146.06
  128.25
  114.09
  132.38
  139.46
  101.94
   96.50
  124.37
  119.41
   80.22
  118.45
   96.87
   55.22
   78.10
  114.68
  117.51
  125.19
   69.38
  117.88
   67.96
   83.76
  104.06
  104.66
  111.26
   95.80
  131.08
   67.37
   65.24
  201.05
  166.59
  111.85
  181.60
  175.56
   65.95
  111.03
  181.82
  185.14
  149.03
  104.29
  142.89
   11.21
   59.24
  146.06
  143.37
  197.74
  147.73
  160.22
   64.90
   85.77
  202.58
  205.78
  163.05
  194.34
  158.80
   78.47
   23.73
  174.63
  203.65
  213.91
  202.69
  152.91
  110.32
  101.12
   90.84
  130.48
  169.90
  184.65
  142.07
  135.33
  126.12
  161.29
  139.12
  145.83
  125.53
  122.36
   58.64
   83.90
  169.67
  126.49
  161.18
  145.12
   95.57
   12.15
   11.21
   10.73
   11.92
   11.10
   12.86
   12.03
   12.15
   11.21
  135.69
  141.70
  128.62
   78.47
   25.26
   11.21
   13.68
   90.02
   47.91
   56.63
  101.94
   99.34
   66.91
  102.65
  175.08
  200.46
  178.40
   96.99
   58.87
   11.33
   11.55
   73.91
   96.50
  102.31
  112.67
  113.04
   80.36
   80.82
  177.46
  194.45
  208.36
  151.50
  100.52
   27.61
   11.33
  157.16
  148.55
  147.36
  143.93
  152.57
  116.21
  102.54
  249.19
  252.13
  252.50
  181.45
  158.35
   14.16
   10.85
   68.78
   31.04
   23.13
   20.90
   30.67
   10.85
   11.44
  163.76
  253.21
  243.41
  152.68
  121.99
   62.89
   53.09
  191.96
  170.98
   88.01
   86.85
  105.25
   85.66
   94.86
  171.69
  211.67
  242.70
   86.48
  110.44
   53.21
  107.97
  205.30
  193.74
  209.06
  302.51
  240.92
  280.00
  254.96
  319.50
  274.45
  265.58
  249.67
  260.18
  255.79
  267.25
  236.67
  226.42
  263.94
  239.99
  238.46
  273.97
  250.12
  163.05
   97.21
  161.89
  120.94
  190.80
  154.44
  154.69
  256.27
  288.72
  350.19
  197.17
  195.39
   17.47
   15.23
  153.62
  123.29
  108.43
   96.99
  104.06
   63.01
   59.35
  176.39
  158.23
  181.71
   89.31
   69.04
   11.21
   11.44
  141.58
  125.08
  134.73
  101.35
   22.54
   84.47
   85.06
  180.41
  211.44
  206.23
  126.72
   62.78
   12.40
   34.09
  257.91
  158.23
  103.02
  124.25
  118.70
   69.38
   78.10
  261.34
  298.40
  275.98
   62.78
  137.00
  227.02
  245.42
  235.85
  216.74
  234.92
  225.83
  238.57
  216.03
  241.06
  283.17
  286.48
  308.88
  315.62
  179.93
   10.51
    9.43
  100.89
  224.64
  400.34
  368.94
  229.48
  293.90
  301.46
  351.13
  340.62
  290.02
  276.68
  313.50
  291.66
  274.19
  265.47
  293.19
  272.66
  279.40
  278.33
  280.00
  252.84
  277.02
  287.42
  262.30
  296.14
  255.45
  114.20
  124.96
  172.14
  158.09
  169.67
  180.89
  264.76
   51.90
   10.73
   50.04
   71.61
   31.97
  140.76
   12.74
   48.51
   45.08
   42.59
   49.92
   47.43
   58.76
   46.13
   31.26
   40.24
   81.78
   55.81
   54.62
   44.97
   21.46
   21.24
   21.35
   44.26
   42.59
   55.33
   57.71
   30.92
   32.45
   31.86
   32.79
   43.30
   30.33
   33.64
   43.30
   31.38
   21.24
   20.19
   89.42
   37.18
   62.41
   62.30
   32.93
   31.38
  105.96
  172.39
  174.63
  176.50
  132.75
   63.94
   53.32
   96.39
  150.19
  120.23
  122.24
  121.05
  108.54
  108.31
  101.94
  113.98
  111.96
   97.58
   98.06
   56.04
   54.99
   69.60
   88.26
   88.26
   89.79
   85.55
   43.89
   42.84
   52.50
   88.15
   83.05
   97.69
   67.25
   44.49
   42.48
   86.59
   97.58
   87.19
  117.29
  122.70
   66.77
   53.80
   70.57
   97.69
  107.26
  100.19
   96.87
  105.59
   96.65
  113.98
  150.90
  172.96
  183.58
  158.80
  107.49
  150.90
  173.81
  172.73
  172.51
  173.44
  131.19
   99.82
  114.09
  122.13
  130.85
  132.27
  114.80
  195.61
  120.46
  151.98
  167.07
  163.90
  119.64
  161.07
  163.05
   84.24
   86.48
  155.63
  147.36
  171.20
  172.73
  149.03
  118.70
   87.44
  194.20
  162.11
  125.42
  140.99
  139.69
  136.40
  125.90
  115.99
  171.32
  193.04
  156.82
   88.86
   86.96
   97.47
   97.35
  190.80
  146.06
  204.82
  155.97
  107.38
   57.82
  106.07
  151.50
  152.68
  162.82
  150.08
   99.00
   59.58
  147.73
  153.02
  144.19
  142.18
  172.25
   65.24
   42.84
  149.60
  148.66
  141.95
   85.32
   66.77
   10.14
    9.80
   11.81
   50.97
   56.86
   87.19
   74.11
   49.44
   52.27
  133.32
  155.15
  190.91
   90.84
   49.78
   14.05
   13.11
   11.33
   11.69
   51.79
  118.34
   61.96
   66.91
   46.38
  115.76
  161.18
  209.66
   53.92
   41.77
   10.73
   11.44
   22.31
   23.13
   84.24
  128.84
  109.13
  107.60
  109.73
   99.00
  101.46
  158.80
   88.97
   20.19
   16.51
   10.51
   12.26
   95.57
   75.86
   20.90
   27.72
   28.20
   21.83
  140.88
  169.31
  155.03
   32.79
   11.21
   54.62
  475.50
  291.18
  283.65
  251.31
  252.02
  229.59
  242.48
  256.04
  223.11
  225.49
  223.48
  237.38
  243.64
  232.57
  233.39
  238.94
  230.56
  258.76
  208.72
  236.22
  252.50
  245.17
  187.71
  226.53
  251.31
  262.41
  206.12
  179.70
  175.08
  300.64
  312.19
  334.03
  211.33
  193.15
  148.07
  202.13
  210.03
  205.89
  296.73
  250.12
  277.73
  227.72
  203.40
  290.47
  318.56
  300.53
  236.33
  211.33
  181.45
  146.65
  196.09
  209.32
  251.91
  260.18
  306.76
  238.09
  273.03
  247.89
  235.14
  283.17
  310.30
  321.06
  236.81
   19.60
  247.77
  250.60
  260.88
  419.46
  811.87
  348.41
  347.70
  480.08
  567.53
  588.40
  588.99
  588.99
  588.06
  504.04
  381.34
  478.67
  450.24
  393.60
  511.35
  668.39
  725.99
  637.24
  567.27
  560.67
  539.92
  654.94
  721.48
  719.13
  675.58
  538.25
  291.89
  357.50
  561.04
  559.97
  556.79
  553.59
  427.47
  286.93
  300.53
  276.09
  187.97
  255.56
  326.13
  338.16
  298.52
  159.88
  150.90
   14.53
  271.02
  452.84
  267.00
  367.89
  623.08
  651.66
  628.15
  580.72
  623.45
  559.74
  424.98
  533.06
  593.46
  590.63
  528.59
  509.11
  404.34
  514.77
  630.53
  620.73
  609.04
  603.38
  606.35
  603.63
  599.72
  598.79
  472.41
  257.57
  270.43
  315.02
  245.17
  201.76
  167.30
  124.00
   61.70
   46.84
   94.15
   92.51
   93.81
  115.87
  107.12
   80.48
   78.58
  118.93
  132.04
  107.12
  106.19
  107.72
   85.66
   73.74
   57.71
   69.38
   61.48
   26.42
   69.15
   58.76
   58.16
   80.48
   68.67
   82.60
   50.63
   65.36
   80.70
   35.17
   42.25
  107.26
   75.27
   67.25
   70.79
   67.96
   74.44
  104.77
   95.57
   94.52
  103.24
   94.63
   84.02
   55.59
  117.40
  150.67
  163.90
  100.75
  111.62
   19.71
   21.83
  142.29
  137.11
  125.53
   83.90
   32.93
   34.46
   67.96
  160.22
  171.91
  106.78
   94.86
   92.96
   72.32
   60.29
  100.75
  102.88
   91.69
   89.42
   91.21
   80.48
   78.58
  117.51
   69.04
   80.22
   46.84
   45.42
  124.00
  122.70
   98.06
   90.13
  112.93
   88.15
  101.46
   82.12
   78.58
  111.37
  102.65
   91.32
  104.77
  120.12
   89.31
   90.84
  113.86
   87.67
   88.01
   90.84
   86.14
   91.32
   86.48
   96.87
   90.50
   62.41
   97.35
  119.41
   99.59
   96.65
  117.51
  128.84
  119.04
   99.22
  127.54
   92.74
   83.90
  193.49
  153.51
  145.61
  127.31
  122.47
  144.19
  138.27
  165.06
  162.23
  200.23
  196.58
  193.63
  108.91
  114.91
  121.76
  135.69
  142.52
  162.94
  132.04
  126.24
  136.63
  203.06
  176.98
  167.89
  222.17
  178.28
  103.84
  216.40
  161.52
  179.70
  179.33
  183.95
  221.10
  113.75
  182.30
  199.86
  194.90
  182.16
  207.19
  192.21
  130.03
  197.40
  184.17
  189.50
  201.05
  207.31
  205.18
  159.76
  146.77
  200.00
  206.01
  192.21
  220.76
  203.99
  160.22
  166.96
  203.29
  212.86
  193.63
  232.79
  213.68
   70.20
  175.56
  138.04
  101.01
  110.32
  176.16
  143.11
  100.27
  173.33
  187.00
  192.92
  194.45
  182.53
  171.32
  147.62
  192.78
  187.26
  198.10
  209.43
  201.64
  191.85
  136.03
  184.77
  196.92
  193.86
  193.38
  204.70
  194.34
  161.41
  184.88
  203.29
  201.16
  216.40
  139.46
  136.74
  111.51
  110.66
  159.76
   45.90
   35.51
   32.68
  126.01
   81.41
  161.18
  207.08
  231.86
  204.48
  122.58
  113.04
   79.77
   18.77
  171.20
   66.43
  147.02
   54.74
  178.28
   90.02
  122.58
  145.49
  100.04
   73.74
   75.86
   89.57
   57.57
   23.59
  102.54
   88.72
   43.78
   33.50
   31.26
   38.71
   38.23
   32.22
   54.74
   58.28
  116.21
   33.16
   65.72
   44.00
   46.84
   19.11
   36.10
   77.28
   66.91
   89.68
  213.31
  283.54
  177.35
  214.87
  228.32
  256.86
  166.73
  209.54
  229.96
  203.54
  203.88
  233.98
  227.24
  217.11
  219.12
  231.60
  242.93
  235.03
  221.95
  203.54
  196.09
  223.59
  233.13
  196.46
  192.67
  182.42
  158.57
   55.93
   42.84
  141.58
  141.24
   53.21
  167.78
  235.74
   88.86
  128.62
  113.04
  197.40
  239.87
  132.27
   52.98
  159.99
  154.81
  158.80
  129.32
  128.13
  109.13
   45.79
   60.54
   43.18
  104.55
  115.05
  184.29
  247.55
  192.33
  135.92
  130.14
  125.67
  152.91
  132.75
  154.81
  130.97
  132.98
  127.79
  179.93
  176.16
  188.68
  194.68
   65.24
    9.80
   10.14
   99.48
  123.55
   88.15
   93.33
   67.48
   96.05
   79.40
   78.58
   42.48
   30.44
   23.84
   24.66
   32.93
   12.40
   48.62
   47.80
   65.36
   37.89
   10.51
   10.39
   10.39
   32.34
   39.42
   33.50
   24.89
   32.68
   76.94
   32.45
   44.12
   30.55
   37.52
   30.92
   34.35
   31.97
   22.65
   74.81
   36.59
   51.08
   47.54
   46.50
   42.14
   37.18
   45.31
   51.56
  233.98
  164.35
   71.73
   33.05
   97.92
   86.25
   57.12
   90.39
   64.90
  106.41
  144.08
  108.09
   95.34
  107.83
  119.16
  121.54
  110.92
   62.30
   64.42
   69.04
  115.28
  122.84
   53.46
  133.80
  113.64
  105.37
  106.41
   82.60
   64.31
  122.58
  127.54
   29.62
   23.36
  102.54
  106.19
  121.05
  127.09
  100.75
   46.13
   48.25
  118.59
  109.39
   96.65
   65.84
   84.95
   71.02
  100.75
   94.63
  102.88
   99.22
   94.15
   79.77
   80.93
   81.64
  103.72
   97.35
   94.86
   86.48
  104.66
   69.60
   72.58
   79.40
   91.92
   99.70
   97.10
  102.76
   70.91
   63.23
  150.45
  121.76
  119.41
  107.97
  122.24
  129.21
   83.19
  114.80
  102.05
  118.82
  142.07
  158.09
   56.75
   61.25
  109.95
   79.51
   56.04
   69.86
   88.97
   52.05
   28.20
   97.47
  175.79
  121.76
  141.95
  159.99
   46.13
   26.42
  148.55
  115.76
  148.32
  145.12
  122.36
   23.96
   43.78
  114.68
  106.56
   82.60
   79.06
   98.51
   84.36
   81.18
  118.93
  124.11
  105.37
   92.96
   85.18
  105.96
   96.05
   86.85
  151.72
   78.58
  107.72
  112.08
   14.75
   37.29
  122.36
  125.90
  163.64
  119.04
   93.93
  101.71
  128.84
  133.91
  132.15
  113.64
   89.20
  135.81
  163.30
  189.84
  219.82
  272.78
  233.13
  232.20
  212.86
  247.06
  237.63
  220.28
  251.91
  203.29
  171.80
  267.25
  226.90
  224.89
  245.65
  124.25
   75.41
   73.74
  128.73
  118.45
  125.42
   88.60
  115.28
  126.01
  120.46
  122.36
  124.96
   97.69
  115.76
  141.95
  112.67
   73.85
  130.74
  102.17
  109.73
  184.88
  191.03
  196.80
  150.31
   72.43
   70.20
   54.28
  109.84
   76.23
  170.01
  117.74
  120.12
  143.93
  157.87
  185.25
   69.97
  120.57
  116.10
  117.03
  119.41
  118.22
  118.82
  115.50
  100.41
   91.21
  107.38
  112.08
  100.04
  143.71
  212.49
  227.72
  226.19
  207.53
  111.85
  133.32
  112.22
  109.39
  105.85
  125.53
  114.46
   98.29
   84.02
  123.89
  119.64
  110.92
  107.97
  113.49
  117.88
  111.85
  178.99
  134.17
  147.25
  136.40
  108.31
  107.49
   98.29
  101.23
  119.87
  132.75
  114.91
  134.62
  112.56
   83.76
   68.44
  144.30
  146.65
  146.91
  172.96
   94.63
  291.07
  190.80
  163.90
  136.86
  132.75
  118.34
  114.20
  105.59
  115.16
  121.99
  122.70
  149.37
  217.56
  198.44
  254.51
  257.91
  282.46
  189.50
  340.28
  261.34
  359.14
  521.85
  501.69
  490.70
  502.99
  547.93
  492.71
  460.26
  526.10
  519.73
  447.18
  348.67
  287.64
  300.16
  403.29
  305.23
  296.51
  282.46
  258.16
  240.81
  250.26
  244.94
  181.45
  280.56
  271.95
  228.66
  241.51
  265.13
  144.30
  158.09
  234.92
  237.75
  222.88
  223.36
  197.51
  216.51
  219.12
  227.47
  125.08
  202.95
  244.83
  403.74
  250.49
  138.04
  152.43
  143.11
  102.76
  139.46
  109.73
   21.01
   10.51
  146.77
  139.12
  206.83
  193.63
  186.07
  118.00
   46.50
  172.39
  228.18
  217.22
  167.07
  177.35
  110.66
   11.33
  177.21
  187.60
  187.26
  143.93
   83.19
  116.81
  113.49
  154.92
  196.09
  129.44
  114.68
   95.68
   38.82
   57.82
   32.56
  128.73
  147.73
  164.95
  141.70
   48.96
  144.42
   69.38
   47.20
   29.51
   25.71
   33.27
   58.28
   46.13
   72.32
   54.40
   21.95
   44.60
  166.73
   57.12
   59.95
   12.86
   12.63
   98.77
   55.59
   86.37
   46.50
   60.06
   51.79
   33.87
   98.29
   92.03
   20.90
   16.17
   13.68
   78.95
   35.17
   88.49
  143.48
  108.43
   87.78
   75.27
  196.58
  367.41
  316.55
  274.90
  299.11
  304.89
  255.56
  273.74
  189.13
  254.03
  243.89
  271.50
  246.13
  383.58
  344.05
  231.15
  237.27
  179.70
  214.27
  155.97
   66.91
  208.24
  155.52
  136.29
  119.16
  123.18
   96.28
   95.46
  140.65
  124.11
  114.68
  135.44
  114.68
   66.43
  110.32
  157.16
  130.03
  157.87
  106.78
   86.25
  111.14
   80.48
  120.46
  176.64
  138.04
  119.64
  113.15
   94.04
   91.32
  162.71
  184.88
  136.15
  136.52
  165.06
   99.48
  100.30
  170.50
   96.87
   49.21
  116.33
  121.99
  119.75
  121.65
  157.98
  102.65
  258.62
  298.97
  238.57
   89.31
   75.97
  161.63
  139.57
  193.15
  178.28
  153.51
   85.66
   86.96
  138.16
  192.67
  156.56
  217.11
   78.58
  102.42
   99.22
  227.36
  212.26
  132.49
  170.01
  146.77
  172.51
  148.66
  185.25
  191.14
  156.56
  155.40
  214.87
  127.65
  124.82
  104.89
  190.91
  193.26
  231.97
  167.18
  197.17
  175.79
  223.00
  229.25
  230.19
  179.47
  164.24
  148.78
  189.01
  217.11
   95.09
  156.22
  245.31
  152.09
  175.93
  182.42
  154.81
  111.62
  193.15
  114.80
  175.93
  146.54
  197.62
  207.08
  205.18
  211.56
  215.58
  216.40
  179.59
  167.18
  256.15
  257.68
  221.81
  221.95
  203.06
  180.41
  188.08
  202.47
  227.84
  220.64
  223.36
  194.08
  223.70
  227.95
  203.65
  206.37
  201.76
  220.98
  209.18
  199.29
  216.62
  222.40
  228.06
  221.44
  176.39
  160.47
  195.61
  171.91
  227.84
  210.03
  205.18
  197.51
  281.98
  233.84
  233.73
  252.95
  242.11
  239.28
  237.38
  231.15
  153.14
  151.98
  202.35
  203.29
  203.99
  250.83
  319.75
  151.38
  121.17
  181.00
  217.11
  184.99
  184.54
  159.28
  193.63
  439.14
  227.13
  255.79
  295.80
  307.35
  250.97
  261.00
  309.84
  294.98
  289.31
  274.90
  261.82
  296.28
  357.61
  365.77
  375.57
  402.10
  432.06
  380.75
  399.27
  389.84
  358.69
  355.04
  401.99
  404.70
  407.62
  343.45
  248.37
  225.23
  217.33
  242.48
  194.20
  342.89
  304.89
  257.34
  258.16
  265.58
  282.69
  284.81
  298.63
  294.01
  255.67
  277.62
  266.74
  277.02
  238.68
  182.42
  308.88
  234.55
  256.27
  238.09
  242.48
  236.45
  210.73
  262.04
  372.37
  315.96
  268.78
  283.28
  260.40
  239.16
  267.71
  243.52
  279.74
  256.64
  289.43
  291.18
  249.30
  249.07
  253.44
  223.70
  277.02
  283.65
  253.21
  305.34
  258.50
  234.21
  185.70
  250.60
  230.78
  169.31
  158.35
  226.31
  104.66
  151.07
  254.37
  228.77
  201.98
  157.98
  308.17
  329.78
  362.68
  283.06
  462.39
  355.38
  479.01
  273.14
  428.18
  447.63
  380.15
  407.99
  402.81
  421.67
  431.72
  404.00
  370.02
  392.41
  364.21
  410.00
  247.29
  192.21
  138.04
   48.37
  132.61
  245.76
  204.70
  185.48
  199.63
  180.18
  182.64
  296.51
  263.57
  223.36
   88.72
  126.38
   75.52
   27.01
   44.97
   12.40
   31.15
   51.08
   77.05
   19.11
   33.39
   92.40
   88.60
   83.90
   37.63
   24.89
   11.10
   44.83
   74.11
  104.18
  143.37
   49.21
   22.77
   32.45
   66.20
   75.27
   55.81
   72.32
   85.66
   70.45
   90.84
  126.72
   61.48
   82.23
   74.22
   56.41
   19.48
   62.41
   48.14
   35.76
   23.73
   28.91
   28.32
   23.59
   35.99
   35.06
   34.80
   34.80
   51.90
   36.22
   35.06
   23.13
   52.05
   29.73
   61.48
  144.08
   99.93
   40.46
   25.37
   96.50
   76.82
   48.51
   66.91
   41.06
   88.38
   50.38
   14.05
   54.62
   44.60
   58.87
  136.52
  145.94
  122.95
  151.01
  196.58
  214.02
  175.68
  219.68
  237.15
  165.06
  233.61
  222.77
  203.99
  252.25
  197.03
  132.15
  168.85
  185.25
  197.74
  353.73
  387.35
  279.29
  193.04
  234.55
  224.30
  221.35
  145.49
  131.56
  137.45
  148.78
  151.50
  104.43
  157.16
  190.54
  204.25
  166.25
   81.89
  118.70
   63.49
  156.34
  153.28
  150.45
  177.69
  150.31
   96.50
   80.48
  187.49
  188.65
  161.52
  101.23
  112.45
   77.28
   66.77
  152.32
  155.86
  134.99
  153.39
  125.90
  132.04
  107.83
  175.56
  168.71
  176.50
  157.98
  197.88
  123.89
  114.57
  188.53
  179.93
  170.84
  177.69
  185.36
  132.49
   95.57
  193.26
  179.47
  224.78
  182.42
  167.30
  126.01
  120.12
   97.10
  323.04
  161.77
  162.23
   72.69
   71.73
   77.98
  185.36
  170.98
  177.91
  157.38
  105.96
   92.85
   99.59
  185.48
  191.03
  154.10
  191.14
  200.71
  160.70
   57.45
  199.41
  203.06
  151.61
  211.67
  168.37
  109.02
   61.96
  193.15
  240.10
  128.50
  138.27
  153.28
   96.28
  111.14
  209.77
  224.41
  190.20
  130.85
   99.22
   90.50
  123.29
  103.13
  124.48
  157.64
  118.93
  172.85
   60.65
   48.62
  107.12
  103.02
  116.10
  123.29
  177.57
   49.92
   13.59
  116.21
   89.08
  119.30
  113.04
  124.00
   16.40
   29.14
  187.12
  136.29
  210.25
  197.74
  139.12
  201.53
  165.88
  180.41
  208.02
  203.54
  222.17
  176.75
  171.20
  147.47
  216.85
  161.07
  170.01
  143.23
  119.53
   27.27
   26.56
  119.30
   70.57
   70.68
   49.33
   51.90
   44.83
   22.06
   55.44
   78.10
   82.71
   65.95
   64.99
   31.15
   29.14
  149.26
  139.83
   37.52
   38.71
   25.71
   27.50
   21.72
   81.18
   76.82
   86.85
   77.98
   10.62
   17.58
   17.92
   17.81
   21.72
   48.73
   52.50
   18.52
   24.89
   23.73
  159.76
  158.69
   51.08
   38.71
   42.96
   19.71
   17.47
   42.84
   45.08
  107.72
  117.63
  208.72
   25.71
   29.85
  111.03
  120.46
   89.31
   47.32
   24.07
   43.55
   48.37
   89.31
   84.24
  100.64
   98.17
   56.41
   12.86
   11.92
   93.11
   85.77
   75.97
  135.21
   81.64
   67.14
  120.23
  229.25
  209.66
  189.24
  319.50
  217.70
  219.57
  160.10
  201.76
  321.17
  219.94
  225.23
  225.60
  189.72
   82.12
  258.87
  275.98
  145.49
  208.24
  167.30
   24.66
   23.59
  298.86
  158.46
  167.30
  128.84
   85.77
    0.00
    0.00
   96.50
   48.62
   13.34
   12.15
   66.91
   14.16
   12.26
  109.73
  169.19
  103.95
  141.47
  110.44
   12.63
   35.40
   60.17
   64.53
   17.10
  135.81
  169.42
  190.80
  141.36
  135.92
  127.20
   66.91
   77.98
   80.93
   37.75
   27.61
  145.49
  217.33
   71.16
   88.01
   45.31
   82.12
   89.25
   32.22
   21.61
   38.11
   68.19
  164.46
  224.16
  166.84
  162.71
   48.96
  143.48
  120.94
  901.18
  612.10
  578.15
  644.10
  643.73
  710.98
  835.01
  773.53
  785.79
  802.90
  787.92
  700.70
  550.17
  453.44
  390.55
  403.74
  519.39
  428.52
  471.48
  273.48
  316.67
  422.52
  323.66
  299.11
  287.78
  358.09
  503.56
  485.75
  419.57
  423.70
  361.75
  403.74
  272.66
  260.51
  297.44
  297.81
  178.28
  111.14
  100.19
  209.77
  238.34
  181.34
  143.59
   88.01
   62.67
  249.41
  204.59
  258.87
  178.14
   76.57
  128.13
  137.56
  170.84
  168.49
  163.76
  265.84
  139.23
  185.25
  172.25
  261.34
  338.87
  226.53
  311.37
  284.36
  108.31
  111.26
  144.76
  135.33
  189.61
  190.66
  177.35
   67.85
   58.76
   88.38
  165.17
  145.35
  130.74
   77.53
   26.90
   25.49
  103.47
  159.40
  137.82
  109.25
  100.04
   41.54
   35.51
  107.12
   49.21
  138.41
  107.12
   86.14
   69.74
  153.02
  145.49
  186.30
   12.74
  134.62
  121.65
  110.80
  116.69
  132.27
  156.68
  164.83
  177.57
  152.43
  149.26
  138.04
  130.85
  155.52
  168.26
  170.50
  150.19
  124.25
  104.18
  162.34
  147.25
  158.46
  182.53
  212.60
  113.98
  134.39
  204.96
  189.95
  188.68
  183.46
  248.59
  123.29
  145.35
  179.93
  162.82
  155.74
  191.62
  143.37
  119.87
  126.12
  221.69
  157.05
  190.09
  154.10
  180.86
  108.09
  112.22
   99.82
  173.33
  121.05
  166.96
  151.61
  166.73
  154.21
  176.64
  158.80
  132.04
  171.80
  147.13
  135.10
  139.69
  169.90
  183.24
  136.86
  169.31
  150.53
  140.17
  119.16
  153.96
  145.24
  160.10
  217.95
  151.58
  157.70
  100.95
  189.55
  152.26
  211.10
   94.78
   63.66
   73.91
   91.01
  186.83
  152.94
  139.26
  132.75
   87.92
   97.27
  113.27
   19.51
  102.31
  117.37
  175.54
  132.75
   36.27
   13.00
  152.60
  140.28
  145.41
  139.60
  121.14
   64.68
   50.97
   89.65
  217.62
  160.13
   80.76
  167.32
   32.85
   38.65
  107.09
  122.47
  134.99
  137.56
  125.59
   79.71
   80.76
  101.63
  133.46
  130.37
   91.35
  109.16
   68.10
   25.32
   82.80
   59.18
   56.80
   63.29
   64.68
   47.23
   30.44
   57.62
   42.42
   74.93
   54.06
   53.04
   20.53
   44.15
   37.97
   83.14
  173.47
  159.31
  112.22
   76.99
  319.92
  316.16
  275.10
  255.25
  235.74
  236.11
  130.37
   15.74
   73.91
  112.93
  147.13
  152.26
  102.31
  101.29
   74.59
  235.96
  214.73
  213.17
   77.67
  121.82
   45.84
   43.47
  268.25
  161.15
  250.46
   71.16
  117.37
  146.79
  114.97
  183.75
  110.18
  100.95
  128.64
  164.92
  137.20
   97.86
  251.14
  296.34
  214.53
  422.91
  291.86
  305.91
  295.97
  363.02
  301.09
  303.50
  278.18
  291.18
  197.09
  262.10
  272.35
  163.56
   77.33
  118.73
   80.76
  112.22
  181.34
  131.73
  155.69
  157.38
  123.86
  144.73
  136.18
   94.44
   96.14
   93.08
   56.41
   80.42
   74.93
   12.32
   45.17
   43.81
   68.44
   28.40
   30.10
    9.91
   41.74
   68.78
   42.08
   90.33
   67.39
  230.61
   23.96
  168.00
   40.04
  146.79
  152.94
   30.44
  145.41
  125.25
  200.85
  291.18
  204.28
  193.32
   49.27
   85.21
   80.42
   12.66
   82.69
   96.50
  101.29
  173.47
   31.15
   17.44
    0.00
   11.98
   11.98
   20.19
   11.64
   11.64
   26.33
   12.32
   11.98
   12.32
   13.00
   12.32
   12.32
   13.34
   12.32
   11.64
   12.32
   22.94
   14.72
   13.34
   13.00
   13.00
   13.00
   12.32
   12.66
   15.40
   13.00
   13.00
   12.32
   11.30
   27.38
   10.96
   20.87
   46.86
   48.59
   25.32
   22.94
   11.98
   13.00
   36.98
   99.22
  179.30
   24.30
   24.64
   39.02
   28.74
   24.98
   35.93
   30.10
   10.62
   11.30
   31.83
   32.17
   31.83
   49.61
   97.18
   42.08
   41.06
   40.04
   38.65
   48.93
   49.95
    9.57
   39.70
   41.40
   30.10
   91.35
   64.00
   71.16
   73.91
   24.64
   23.96
   87.24
   83.14
  111.54
   74.25
   50.63
   48.93
   36.95
   49.27
   47.46
   39.87
   50.74
   58.98
   31.69
   47.20
   49.10
   41.97
   40.89
   36.50
   36.73
  122.41
   68.61
   44.49
  209.54
  212.46
   62.95
   54.40
  148.58
   79.23
   66.09
  106.02
   80.33
   77.98
   83.56
   44.97
  123.46
  151.27
  171.40
   65.86
   56.61
   22.40
   74.33
   62.61
   81.27
   96.33
   91.38
  129.35
  125.27
   39.47
   78.41
  127.51
  136.57
  155.97
  181.54
  155.80
   80.84
   87.44
  109.50
  125.59
  126.52
  151.61
  108.65
   99.56
  125.73
  125.16
  161.69
  152.77
  165.57
  155.77
   99.82
   39.42
  140.20
  192.81
  187.71
  161.55
  121.76
   88.63
   79.06
   79.43
  201.19
   12.71
   36.61
   81.55
   95.48
   84.81
  186.21
  217.02
  222.40
  144.95
  105.06
   91.12
   84.95
   87.27
  150.11
  159.62
  138.24
   56.35
   75.66
   33.44
  149.80
  104.60
  130.57
  127.65
   66.23
   45.14
   23.08
  114.51
   36.33
  141.44
  135.21
   97.10
   45.48
   21.95
  168.94
  155.29
  126.58
   99.00
   30.16
   53.12
   44.49
  101.94
  103.05
  103.13
   90.93
   88.46
   89.54
   68.22
  110.55
  116.92
  108.17
   43.81
   72.60
   71.13
   35.31
  111.06
  131.36
  119.19
  155.18
   65.92
   47.71
   33.56
  104.69
  117.49
  115.08
  112.08
  103.38
   32.88
   43.38
  116.58
  118.22
  150.84
  119.10
  102.85
   44.09
   28.83
  134.53
  125.92
   62.75
   61.39
   77.50
   13.48
   34.41
  194.90
  246.41
  202.58
   98.03
   65.47
   45.53
   23.05
   64.42
   50.74
   40.80
   10.59
   55.93
   28.71
   20.81
  170.86
  201.53
  179.73
  152.46
  155.12
   73.54
   63.29
  136.57
   88.21
   91.77
   39.19
   39.13
   39.28
    9.85
   54.51
  105.88
   91.01
   53.24
   65.61
   35.14
   30.84
  105.68
  150.73
  150.25
   46.67
   11.47
   11.84
    9.71
   21.29
    9.34
   16.31
   10.82
   11.30
   10.99
   11.78
   32.96
   20.30
   66.06
   20.73
   24.49
   10.70
   10.08
   32.96
   42.56
   54.82
   32.51
   80.84
   10.42
   11.30
   37.52
   34.86
   60.12
   30.07
  126.69
   10.00
   10.36
   38.51
   57.12
   69.57
  107.18
  104.57
    9.88
   12.03
   19.51
   21.80
   27.27
   19.71
   69.21
   11.98
   11.64
   21.04
   21.49
   22.82
   12.43
   21.18
   14.78
   10.56
   43.41
   58.73
   47.91
   55.70
   33.58
    9.60
    9.85
   53.38
   56.66
   77.28
   39.87
   21.10
   10.31
    0.00
   51.51
   38.11
   43.04
   39.05
    6.97
   10.59
   10.05
   31.91
   50.21
   35.71
   18.89
   22.68
   30.58
  114.12
   40.29
  113.07
   58.11
   87.22
   11.81
   11.89
   10.93
   40.58
   23.28
   34.55
   39.53
   20.19
   32.48
   20.67
   33.58
   62.35
   40.27
   10.99
   49.98
   33.70
   32.99
  137.70
  248.00
  303.08
   22.03
   89.62
   12.46
   12.32
   36.53
   42.11
   22.51
   11.58
   12.35
   11.13
   11.13
   44.29
   46.95
   42.11
   38.62
   17.53
   18.55
   10.51
   67.03
   35.08
   48.62
   25.97
    9.68
   12.46
   12.15
   55.95
   22.96
   22.06
   57.43
   58.45
   15.97
   14.22
   22.71
   20.81
   36.64
   45.14
   90.78
   11.47
   11.69
   28.12
   28.54
   33.22
   33.70
   41.26
   19.68
   22.48
   29.51
   35.71
  156.88
  113.38
   65.38
   11.47
   11.19
   23.16
   23.42
   58.81
   58.98
  192.21
   10.99
   11.24
   11.21
   11.81
   11.47
   34.89
   52.22
   35.88
   44.49
   57.12
   58.64
   50.04
   10.31
   10.70
   11.55
   14.89
   19.60
   30.50
   43.49
   59.13
   47.26
   32.48
   31.21
   33.47
   34.80
   32.08
   33.78
   32.56
   33.41
   35.79
   34.74
   33.36
   30.75
   94.21
   32.79
   33.50
   31.12
   32.71
   76.31
  121.00
   76.09
  135.27
   33.84
   34.29
   95.34
  213.45
   56.75
   37.38
   34.01
   33.61
   33.67
   60.68
   46.92
   96.62
  156.88
  125.67
   64.53
  107.18
  172.17
  153.70
  149.23
  102.45
  125.33
   13.79
   99.00
  176.07
  156.93
  226.93
  176.02
   62.86
   65.84
   11.38
  182.45
  201.19
  151.18
  188.36
  178.20
   12.01
   23.47
  103.44
  162.85
  105.79
  153.68
  195.87
   99.08
   11.89
  140.39
  165.74
  162.17
  149.57
  150.39
  113.52
   63.23
   33.19
   47.63
  101.12
   46.13
   12.20
   11.69
   96.39
  104.32
  174.35
  154.72
  125.53
   99.93
   11.67
   11.07
  115.67
  106.24
  156.08
   94.04
   29.93
   10.25
   29.79
   44.97
   43.78
   82.77
   38.31
   58.90
  166.47
   11.72
   39.33
  217.22
  240.81
   45.68
   56.01
   12.26
   11.24
  155.57
  207.25
   28.68
   12.88
   11.44
   11.89
   11.78
  153.79
  146.40
  177.57
  212.29
  170.16
  100.58
  155.03
  291.07
  148.32
  282.38
  177.89
  167.30
   11.92
   23.81
  224.13
   70.96
   94.86
  123.04
   95.94
   31.88
    9.74
   36.95
   28.74
  122.87
   43.61
   17.27
   11.19
   21.55
   78.35
   36.78
   55.16
   16.79
   96.50
  150.42
   59.95
   11.30
  110.18
   19.74
   11.86
   11.72
   11.95
   11.16
   55.67
   12.57
   12.63
   11.58
   87.53
   12.54
   10.28
  107.66
   20.73
   12.32
   33.39
   22.31
   22.63
   11.27
   10.79
  117.74
  125.25
   22.71
   15.97
   10.17
   10.45
   54.76
  290.98
  202.66
  225.06
  209.26
   16.08
   10.99
   11.16
   29.68
  117.20
   10.68
    9.63
   10.65
    8.83
   14.70
   32.71
  156.28
   23.87
   72.41
    7.96
   11.07
   10.42
    8.92
   11.19
   17.53
   17.44
    9.43
   10.70
   11.38
   11.13
   10.90
   97.07
   84.16
   53.83
   70.45
   38.14
   47.91
   52.07
   54.96
  192.38
    9.54
  108.96
   93.42
   51.37
   14.87
   17.78
   37.35
    6.26
   11.10
   10.08
   10.79
   31.57
   11.04
   20.76
   32.08
   11.24
   24.27
   12.83
   13.79
   19.91
  226.08
  304.66
  363.39
  225.71
  289.34
  198.98
  274.84
  292.34
   80.17
   91.86
  245.34
  128.98
  130.94
  161.35
  110.27
   11.36
   35.54
   11.21
   57.12
   80.90
   15.12
   47.40
   11.50
   11.67
   11.07
   16.82
   13.54
   11.02
   54.71
   11.13
   42.16
   13.62
   63.49
   24.38
   10.65
   12.69
   10.65
   10.59
  102.79
   70.76
   85.18
   10.56
   67.90
   25.12
   10.90
   13.17
    0.00
   11.86
   11.27
   10.51
   14.41
   12.01
   10.48
   12.37
   12.03
   10.36
   84.70
   11.21
   22.82
  114.06
   38.20
   33.13
   29.39
   10.93
   10.59
   11.41
   46.58
   11.61
   11.55
   61.84
   22.94
   12.80
   11.19
   33.13
   25.82
   33.95
   35.40
   35.42
   12.60
   14.70
   23.36
   99.11
   12.09
   11.89
   11.27
   11.47
   12.94
   46.50
   42.50
   35.34
   23.96
   33.16
   11.33
   12.43
   79.00
   21.80
   34.55
   22.23
   46.13
   11.47
   11.13
   22.14
   53.58
   64.14
   41.03
   20.78
   10.25
   11.04
   70.00
   68.41
   85.40
   67.65
   23.87
   11.89
   11.44
  138.02
  135.41
   68.84
   79.60
   60.00
   25.00
   23.05
  103.16
   93.36
   86.76
   90.67
   86.25
   12.60
   11.53
   57.79
   48.93
   36.27
   46.52
   49.53
   25.34
   22.96
  168.46
  110.04
   11.50
   60.20
   21.69
   23.90
   12.03
  101.09
   82.52
   59.01
   50.74
   37.29
   14.30
   20.42
  140.99
  140.00
  144.02
  112.42
   81.13
   69.86
   46.33
  181.00
  153.36
  129.52
  119.50
   94.86
   53.83
   34.69
  377.21
  111.17
  113.98
   90.25
   96.28
   11.53
  108.31
  223.82
  190.91
  167.89
  169.53
   82.94
   38.48
   11.64
  198.67
  194.20
  172.73
  173.16
  158.97
   72.86
   60.57
  132.83
  118.05
  108.14
  152.91
  154.04
  150.39
  131.96
  170.89
  140.00
  186.07
  238.54
  186.30
   11.44
   10.73
   11.69
  131.87
  211.64
  133.26
  107.69
   16.76
   51.90
  143.71
   59.64
  152.57
  192.75
  128.13
   18.26
   11.84
   43.69
   79.43
   68.70
  113.61
   69.77
   11.07
   44.85
  117.43
  210.76
   10.48
   44.77
   81.10
   11.16
   13.42
  110.15
  221.44
  146.00
  175.51
   59.55
   11.69
   11.13
  191.11
  220.76
  165.91
  135.58
    9.57
   85.66
   27.81
  197.11
  137.51
   98.29
  193.63
   24.10
  113.78
  115.08
  118.93
  211.87
  177.15
   92.65
  192.84
  199.15
   63.85
   92.40
  238.68
  161.49
   96.50
   59.18
   20.93
   18.97
   21.10
  114.94
  192.67
  101.91
  101.88
   17.44
   13.45
  215.49
  152.37
  240.52
  131.73
   16.37
    9.46
   11.19
    8.78
   98.15
  153.85
  121.76
  193.52
   15.69
    0.00
   20.05
   10.00
    9.85
   51.85
   11.44
   11.36
   10.93
   11.02
   70.40
  225.97
  119.04
   91.01
   64.93
   95.37
  304.86
  178.57
   11.98
  197.23
  119.67
   32.68
   10.56
  236.02
  151.04
  240.27
  274.79
   65.30
  101.74
   34.80
   13.03
   12.06
   89.28
   77.05
   10.90
   11.10
  139.52
  234.07
   10.90
  124.71
  111.82
  182.02
  165.09
   66.80
  129.38
   94.24
  171.71
   76.57
   10.22
   16.48
    9.09
   46.89
   44.09
   56.89
  148.27
   57.65
   71.42
  186.10
   53.41
   42.19
  226.76
  442.48
  315.53
  317.29
  307.95
  293.02
  229.76
  236.84
  276.40
  218.52
  201.16
  166.81
  239.93
  216.54
   38.26
  207.59
  136.06
   14.05
   11.89
   70.06
   76.63
  256.41
  229.08
  113.38
   21.07
   17.56
  149.91
   18.52
   38.51
   10.73
   16.76
   18.80
   27.52
   14.16
   23.84
   23.16
   21.52
   42.22
   11.27
   25.17
   15.01
   35.40
   10.56
   14.05
   11.24
   10.45
   10.76
   38.40
   11.19
   10.93
   14.78
   11.07
   11.16
  118.79
  768.72
  419.57
  280.45
  136.43
  264.90
  242.34
  429.82
  314.06
  222.60
  261.11
  227.81
  336.06
  162.91
  195.90
  302.59
  263.46
  178.42
  167.66
  208.21
  155.49
  111.34
   77.79
  155.94
  158.23
    7.70
   28.94
   42.28
    7.70
  101.97
  113.75
  101.54
  169.14
   53.32
   50.26
   76.17
  210.03
   72.18
  111.99
   92.96
   11.75
   31.91
   11.38
  122.90
    6.97
    8.35
   70.85
  111.85
    0.00
   45.73
   90.59
   99.59
  182.16
   56.35
   14.67
   13.00
   12.66
   55.27
    8.95
   36.73
  135.38
   67.54
   14.47
    8.44
    9.40
    8.44
   42.82
   25.09
   32.03
    7.90
    7.96
   22.03
   42.33
   68.05
   59.32
    7.59
   48.37
   58.42
  114.00
  132.38
  166.70
   36.13
   50.60
   22.80
    7.79
  114.85
   67.14
   81.04
   95.77
   95.17
   11.44
   11.61
   88.72
   54.74
   92.26
   87.98
   69.74
    9.09
    8.47
   28.35
  168.74
   83.73
   52.98
   12.97
   40.44
   11.84
   91.75
  132.95
  161.83
   12.43
   12.37
   31.43
  105.31
  156.20
  127.31
  122.70
  194.90
   87.02
   11.24
   12.54
   62.72
  160.98
  116.67
  229.90
  138.84
   78.78
   41.00
  197.82
  168.09
  113.24
  118.31
  247.89
   64.90
  102.08
  170.35
  226.93
  104.57
  142.69
  148.66
   34.94
  143.85
  230.75
   89.99
   73.34
   54.03
  111.20
  103.87
   95.00
   84.95
  219.82
   90.16
   86.73
  100.64
   51.00
   50.21
  205.89
  163.22
  116.67
  209.43
  109.25
  101.20
   94.21
   84.95
  106.47
  112.64
   64.93
   77.67
   20.44
    9.00
   30.27
  107.18
  126.66
  240.55
   12.35
   93.13
  113.58
  168.03
  225.26
  188.19
   86.90
   51.45
   26.79
   98.60
  127.48
   88.83
  129.52
  213.88
  103.89
  166.98
  102.37
  191.68
  136.03
   25.80
  202.44
   10.82
   10.42
    8.33
  104.89
  145.94
  229.08
  244.60
  171.49
   12.74
   57.79
   85.01
   19.28
   18.89
  123.77
  123.01
   54.28
   15.80
   60.68
   40.15
  181.09
   43.44
  128.53
   15.18
   14.87
   87.30
   48.90
   90.59
   56.18
  141.07
  135.58
  159.45
  234.83
  122.27
  162.06
  131.22
   19.37
   10.76
  138.04
  138.04
  189.30
  155.09
  167.18
  187.43
    8.24
    8.16
  177.74
  290.81
  245.76
  208.10
  236.98
  126.66
  105.48
  199.69
  180.75
  196.01
  165.09
  170.81
  217.70
  220.14
  123.83
  240.75
  174.77
  159.59
  115.53
  120.43
  142.24
  170.50
  206.03
   88.32
  182.22
  331.85
  192.58
  224.61
  236.84
  224.75
  221.81
  219.00
  163.56
  203.37
  283.11
  208.04
  317.21
  152.66
  281.81
  348.44
  277.93
  163.76
  263.01
  256.44
  296.19
  293.59
  237.13
  285.29
  217.22
  249.90
  206.12
  162.43
  168.77
  316.67
  207.05
  202.49
  256.83
  219.34
  238.37
  197.99
  210.54
  266.83
  179.76
  262.81
  192.10
  234.38
  240.04
  234.44
  194.65
  196.75
  188.19
  265.36
   74.59
  331.11
  208.53
  180.21
   50.74
  262.92
  123.63
   19.37
  223.00
   18.75
   18.46
   18.26
   16.51
   17.75
   16.51
  317.69
  127.62
  116.84
   18.35
   72.92
  175.22
  119.38
  139.89
  262.50
  286.79
  982.40
  641.49
  460.43
  488.41
  516.70
  478.64
  399.69
  431.35
  582.76
  544.19
  541.13
  507.55
  567.50
  500.93
  549.83
  469.07
  540.54
  561.32
  562.23
  473.83
  525.22
  325.50
  495.63
  254.91
  130.91
  119.47
  115.22
   27.75
  249.07
  190.20
   46.30
  107.80
   18.01
   35.62
    8.27
    0.00
  121.51
  103.70
   76.48
  169.25
  103.13
   12.06
   12.40
   59.01
   13.03
   34.35
    9.15
  110.44
   28.91
   12.91
   11.44
  145.94
  112.16
  324.65
  177.35
  172.56
  290.33
  204.56
  152.83
  200.57
  169.73
  262.21
  151.69
  169.45
  225.49
  213.48
  253.97
  228.66
  280.08
  200.99
  235.11
  215.89
  226.53
  190.15
  160.44
  131.05
  167.21
  103.75
  206.57
  222.26
  254.09
   15.55
  102.73
   79.83
   60.48
  197.62
  311.06
  250.38
  207.85
  229.37
  162.94
  224.10
  228.86
  262.89
  277.82
  280.45
  284.95
  277.48
  200.62
  218.66
  250.72
  203.97
  238.71
  249.90
   89.48
   24.72
   86.88
  129.63
  175.34
  113.38
  164.38
   67.93
  133.68
  166.47
  143.74
  131.98
  155.91
  132.38
  144.13
  131.90
  185.22
  143.17
  211.90
  288.04
  424.13
  434.52
  256.44
  335.10
  463.41
  369.96
  337.34
  246.58
  185.45
  178.76
  377.44
  278.35
  142.52
  133.85
  130.40
  144.73
   98.94
  163.95
  196.09
  101.54
  155.09
  153.19
  158.26
  282.66
  148.81
  157.27
  228.18
  223.96
  109.10
  206.63
  169.96
  331.11
  224.18
  126.89
  141.47
  146.79
  139.29
  132.98
  224.47
  196.07
  178.08
  160.47
  188.36
  203.31
  226.28
  190.54
  360.73
  231.75
  242.28
  129.52
  198.61
  126.77
  203.06
  200.31
  187.77
  129.38
  173.98
   85.94
  109.84
  243.95
  227.64
  218.75
  233.30
  223.05
  158.21
   94.27
  242.00
  247.38
  232.31
  225.06
  167.13
  177.07
  133.66
  112.62
  231.15
  172.79
  191.71
  178.31
   80.05
  104.91
  200.65
  192.41
  104.94
   95.99
   89.59
   54.51
   37.12
  125.08
  120.57
  116.33
   98.77
  177.41
   44.06
   10.59
  158.32
  269.86
   46.64
   11.36
  234.92
   26.67
  130.00
  120.54
  158.43
   52.10
   20.22
   81.95
   41.14
   18.46
  141.19
  128.73
   49.50
   25.71
   11.84
   13.48
   14.16
  235.17
  117.15
  141.13
  207.59
  162.17
   81.33
   46.58
  213.31
  154.04
  182.87
  153.48
  142.92
  125.44
   86.05
  128.50
  170.69
  191.82
  213.42
  252.78
  238.00
  198.05
  182.42
  287.44
  290.13
  168.17
  112.79
  184.88
  171.40
  199.95
  326.13
   71.25
  271.45
  337.34
  232.91
   73.79
  286.37
  171.88
  142.18
  395.16
   70.91
  238.20
  294.44
  342.80
  256.89
  270.17
  166.05
  314.97
  262.30
  248.48
  277.62
  195.64
  206.40
  294.78
  298.18
  276.91
  202.38
  322.95
  206.09
  249.39
  264.59
  372.76
  240.83
  226.48
  229.42
  294.67
  316.36
  294.33
  247.83
  126.86
  220.96
  280.05
  295.57
  314.57
  233.10
  302.85
  226.79
  271.02
  210.51
  246.61
  261.00
  198.53
  198.50
  237.41
  242.93
  279.69
  356.93
  470.31
  234.75
  261.53
  202.75
  194.90
  293.08
  182.28
  260.54
  297.16
  269.01
  239.14
  136.77
  263.04
  318.00
  281.72
  263.88
  186.44
  222.74
  239.42
  300.81
  263.63
  230.87
  213.40
  277.05
  160.30
   82.01
  138.81
  291.04
  157.72
  369.22
  234.15
  485.75
  410.45
  241.40
  258.99
  338.78
  238.23
  245.79
  283.93
  223.34
  215.09
  211.10
  132.72
  169.50
  120.04
  154.41
  169.84
  144.47
   17.39
  200.62
  151.98
  141.50
   99.05
   17.10
   45.00
   18.41
   17.25
   35.28
   89.06
  224.24
  257.32
  242.48
  229.99
  254.91
  265.56
  264.00
   72.38
   54.09
  108.06
   54.82
  317.97
  270.51
   68.39
   64.59
   45.48
  205.50
   87.78
  159.71
   81.58
  181.20
   16.99
   13.11
   12.83
   73.09
   14.47
    0.00
   25.32
   11.58
   12.23
   25.03
   13.08
   18.52
   12.97
   15.86
   11.38
   11.38
   10.93
   12.20
   58.30
   58.90
   34.38
   26.33
   19.48
   92.82
  100.44
   65.19
   94.32
   80.82
   48.79
   65.78
   95.34
   97.04
   17.81
   75.86
   69.77
   12.74
   12.57
   84.04
   15.63
   62.04
   12.94
   49.89
   21.07
   11.69
   55.98
  112.19
  106.30
   13.22
   33.81
   23.25
   15.43
   80.99
   21.69
   68.95
   76.94
   47.40
   20.42
   18.41
   12.12
   42.25
   67.48
   65.95
   41.65
   51.51
   39.11
   69.57
  181.40
  106.64
  308.94
  354.19
  152.97
  230.95
  263.23
  279.52
  273.48
  258.14
  283.37
  120.01
  254.37
  274.08
  311.46
  262.38
  300.13
  283.79
  138.98
   42.02
  246.10
  181.26
  246.61
  193.40
  345.95
  169.90
   93.11
  160.73
   28.03
   94.47
  150.99
  178.00
  101.54
  134.99
   84.38
  117.37
  218.29
   36.10
  116.75
  115.42
   52.58
  116.50
  135.72
  148.10
  107.77
   69.15
   38.23
   40.66
   73.43
   31.21
   83.45
   40.55
   31.88
   61.67
   84.87
   94.01
  198.22
   61.53
   53.55
   44.97
   55.02
  127.99
  101.43
  134.56
  190.91
  149.68
   53.94
   42.93
   44.80
  177.29
  160.05
  186.44
  145.10
  217.78
  139.80
   17.95
  133.66
  151.86
  181.94
  164.44
  150.53
  116.95
   39.93
  233.56
  166.53
  215.69
  161.07
  118.19
  108.93
   58.25
  167.49
  156.68
  148.66
  132.83
  187.15
  117.54
  156.45
  115.42
  173.41
   76.65
   68.70
  124.37
  118.51
  116.41
  200.12
  202.30
  226.51
  232.57
  314.60
  207.68
   33.67
  106.07
  117.88
  238.29
    6.65
   94.83
   94.15
   43.21
  151.30
  180.32
  174.66
  130.77
  187.94
  107.60
   20.90
  114.71
   70.96
   99.34
  157.55
  151.75
   75.58
   44.03
   92.43
  156.28
  138.70
  156.99
   58.67
   80.17
   17.98
   97.52
   63.77
  151.44
   66.57
   99.36
   95.65
   78.30
   88.18
   96.28
  149.37
   79.34
   85.77
   79.49
   61.87
  136.35
  122.33
  142.75
  341.30
  200.43
  308.63
  257.49
  254.60
  288.78
  248.28
  132.86
  161.72
   81.67
  269.24
  243.89
  291.30
  223.34
  219.17
  234.80
  145.69
   93.25
  172.96
  241.37
  335.70
  258.70
  249.87
  284.02
  220.33
  196.97
  119.24
  458.14
  245.14
  235.54
  334.11
  310.47
  323.63
  408.81
  464.74
  550.08
  391.59
  499.65
  602.47
  524.60
  461.17
  498.74
  517.66
  471.67
  490.25
  444.23
  511.32
  408.39
  487.64
  568.72
  475.64
  433.25
  426.85
  448.28
  306.36
  236.16
  319.05
  204.76
  284.36
  221.95
  324.06
  251.79
  172.14
  308.94
  320.52
  206.46
  196.52
  229.45
  213.14
  356.31
  321.17
  315.19
  244.37
  306.25
  273.26
  261.34
  271.02
  237.44
  229.62
  248.71
  309.53
  277.73
  210.71
  248.68
  262.72
  216.11
  236.64
  246.41
  229.39
  280.90
  233.50
  308.99
  322.73
   91.80
  126.15
  225.18
  266.46
  253.32
  172.93
  193.12
  149.63
   13.03
   85.72
  145.12
   50.63
  120.86
  128.76
  195.41
  179.16
  252.36
  268.10
  129.24
  178.31
  173.64
  165.82
  114.34
  238.97
  243.72
  260.97
  200.85
  166.93
  118.56
   42.62
  165.26
  213.40
  280.87
  205.38
  189.64
  110.12
   35.45
   54.51
  155.80
  252.19
  237.66
  135.75
   20.47
   20.70
    8.47
   18.46
  114.09
  119.27
   73.88
   27.33
   21.12
   82.71
   84.53
  115.28
   48.34
   76.51
  109.25
  156.59
  102.37
   22.12
  222.06
  107.66
  164.61
  102.39
   97.13
   24.35
  172.11
  107.01
  249.47
  178.20
   60.71
   46.27
   72.15
   80.59
   23.50
   62.78
   40.21
   59.61
   69.46
   26.33
  137.28
   18.21
   92.54
   58.73
  102.48
  134.76
  223.05
  291.10
  282.77
  275.44
  283.06
  233.90
  118.82
  114.97
  111.96
  172.14
  164.97
  101.66
   77.90
   67.96
    0.11
  196.55
  124.76
  124.79
  138.13
  121.71
   14.13
   96.93
  158.89
  123.35
   88.35
  159.11
  138.10
   71.70
   15.74
   72.92
   44.29
   32.96
   47.94
  100.78
   90.39
   61.45
   44.06
   16.76
   43.55
   96.67
   65.84
   66.80
   56.61
   49.61
   19.85
   44.20
   38.82
   54.26
   62.69
   22.71
   33.36
   68.02
   38.06
   37.63
   54.68
   96.48
   33.81
   20.87
   16.88
   51.96
   62.92
   21.15
   67.17
   45.39
   38.48
   20.39
   80.93
   71.19
   54.06
   72.52
  115.45
   20.78
   48.99
   73.51
  215.21
   56.12
   27.67
   73.00
   57.62
   51.93
   37.83
   62.52
   48.51
   95.46
   93.02
   55.47
   30.33
   39.76
   25.15
   97.27
  109.81
  136.63
   89.00
  259.81
  160.98
  160.44
  114.03
   59.58
  127.91
  167.30
  159.08
  145.44
   65.19
   33.10
   68.10
  114.51
  168.29
  119.36
  105.65
   61.62
   62.75
   38.43
  135.35
  129.80
  148.52
   88.49
   66.43
   89.71
   60.57
   37.89
   93.47
  144.98
   82.35
   72.66
   39.87
    9.23
  101.20
  145.18
  156.62
  202.47
   89.57
  141.02
  168.51
  150.36
  115.84
  193.01
  185.79
  109.16
   56.07
  156.25
  245.05
  131.31
  246.84
  109.84
  175.14
  105.68
  110.32
  179.98
  158.09
  217.22
  205.55
   55.56
  185.59
  137.14
  146.09
  108.65
  115.28
  141.90
   89.76
   72.86
   55.90
  139.86
  236.67
  154.53
  219.97
  162.88
   26.33
   29.96
  133.17
  112.84
  177.41
  195.95
   95.34
   40.04
   29.17
  179.98
  221.27
  128.36
   54.82
   76.99
   65.53
   17.47
   56.07
   17.02
  179.50
   82.35
   33.67
   17.64
   16.74
   96.90
   17.02
  105.42
  160.50
   77.70
   20.39
   17.41
   17.95
   20.61
   40.52
  175.79
  222.68
   59.52
   48.25
  110.38
  121.22
  136.03
   27.30
   26.90
   19.79
   20.67
   23.84
  131.81
    9.80
  110.35
  109.84
   56.41
    9.71
    9.43
  181.99
   25.94
  137.62
  186.04
   72.24
   10.31
   86.96
    9.51
  101.52
  152.15
  203.15
   20.30
   20.27
   86.37
  186.32
  220.84
   90.61
   60.17
   20.39
   37.21
   19.77
   82.57
   19.20
   21.97
   19.17
   19.54
   18.97
   19.31
   30.24
   20.19
   80.53
  100.41
   19.11
   58.98
   25.03
   19.77
   19.34
   19.00
   19.51
  172.59
   16.51
  190.83
  199.21
  304.43
  100.67
   37.80
   32.42
   26.99
  110.01
  153.34
  128.08
  130.12
  128.95
   62.64
   21.15
  116.41
  169.28
  183.46
   17.33
   56.55
   18.55
   70.11
   99.11
  104.91
  138.47
  106.05
   65.02
  103.10
   54.91
  232.48
  243.04
   38.34
   37.01
   20.42
  107.43
  109.10
  111.68
   37.97
   12.43
   37.75
  103.07
   27.64
   19.62
   97.44
   71.16
   21.41
  115.16
  141.41
   12.69
   20.42
   20.73
  232.40
   30.70
  199.75
   18.72
    9.60
    9.74
   12.09
  122.36
  110.78
   53.77
   21.04
   20.64
   19.99
  124.62
   77.76
   67.14
   47.01
   22.65
   17.78
   21.97
   21.58
   15.15
   26.45
   20.36
   21.29
   20.84
   20.59
   20.73
  101.91
   50.83
   21.95
   21.32
  180.24
  169.62
   57.06
   16.65
   31.55
   24.98
   25.26
    9.09
    9.49
   55.13
   42.65
   20.84
   17.64
   63.49
  116.64
  132.04
  108.31
  207.48
  152.06
  109.56
   33.10
   24.61
   38.77
  151.30
   89.42
   98.97
   80.50
   94.13
   48.31
   60.68
  118.62
  154.92
  182.08
  191.88
   94.78
   49.70
   56.29
   79.40
   52.10
   78.52
   71.81
  125.19
   44.88
   61.45
   86.82
   57.40
   73.31
   77.67
   52.39
  132.89
   47.12
   67.31
   26.96
   56.83
   50.60
   56.58
   70.93
   37.58
   72.24
   79.34
   33.92
   45.17
   44.83
   55.39
   44.49
   49.58
   20.56
   65.02
   41.12
   27.30
   63.54
   72.94
   42.98
   55.61
   91.83
   64.53
   20.76
   30.78
   44.26
   47.88
   56.18
   83.79
   19.82
   56.95
   56.15
   55.16
   48.22
   21.92
   73.74
   22.03
   89.11
    9.00
   29.53
  106.33
   47.77
  134.82
   94.97
  119.44
   90.50
   55.47
  174.69
   64.87
  160.81
  127.88
   97.92
   27.98
   64.05
   65.33
   57.09
  100.13
   40.24
   21.92
   64.22
   67.20
  258.76
  244.91
  236.87
  283.68
  180.52
   86.51
  175.68
  222.32
  234.29
  212.23
  248.57
  237.47
  133.32
   44.49
  131.48
  157.84
   89.48
  148.15
  121.76
  128.47
  101.86
  201.73
  291.21
   68.27
  246.41
  145.18
  161.21
   82.94
  143.00
  212.01
   80.67
  237.49
  169.19
   75.29
   57.31
   38.43
   51.45
   63.74
  155.06
   26.56
   91.55
   17.95
   77.39
   93.93
   65.04
   54.96
   67.31
   25.34
   80.65
  103.19
   29.73
   21.97
   57.03
   63.43
   61.67
  122.75
  148.30
   46.58
   51.71
   60.88
   34.60
   58.30
   42.50
  102.37
  115.70
  132.24
  102.17
  107.83
  126.41
   22.96
   75.61
  108.74
  145.44
  142.75
  114.15
   38.74
   28.57
  108.60
  125.73
   80.22
  122.22
   93.56
   62.38
   37.72
  154.10
  137.96
  144.50
  236.08
   40.41
  111.65
   76.09
  199.75
   73.54
  156.42
  185.50
   90.47
  109.22
  137.17
  196.75
  103.07
   94.72
  163.90
  195.44
  145.44
  102.71
  219.63
  169.14
   99.73
  236.96
  172.53
  178.08
  273.09
  294.89
  195.30
  224.27
  146.54
  137.99
  192.81
  126.04
  244.49
  212.12
  140.48
  204.28
  199.52
  110.04
  149.23
  248.57
  234.69
  233.56
  229.25
  264.90
  166.70
  121.00
  109.22
  110.72
   38.71
  112.50
  115.90
   70.45
   52.39
   62.41
   54.65
   70.40
   48.42
   81.16
   36.50
  102.59
   82.18
  140.51
  135.35
   76.46
   51.42
   55.42
   79.37
   71.64
  145.07
  180.12
  162.40
  174.57
  187.85
  224.89
  283.00
  207.08
  273.80
  308.09
  253.78
   37.32
   83.48
  176.92
  235.17
  189.01
  220.87
  170.81
   19.14
   17.70
  117.85
  200.17
  201.84
  147.47
  160.98
  192.02
  112.62
  211.53
  180.89
  180.07
  188.56
   86.20
   37.72
   76.99
  143.34
  149.60
   71.10
   64.05
   51.34
   84.21
   52.53
   60.80
   99.76
   85.89
   81.13
   49.38
   18.72
   37.60
   19.79
   63.46
   45.36
   21.04
   20.25
   20.02
   20.87
   26.82
   21.63
   23.50
   20.39
   20.93
   58.30
   41.82
   91.38
   39.62
   46.27
   54.48
   37.72
   28.74
   20.11
   27.38
   37.97
   37.01
   30.70
   20.90
  111.06
   61.36
   86.14
  114.46
   89.71
   66.66
   29.00
   39.16
   45.76
   39.45
   17.73
   31.49
   23.90
   42.33
   23.59
   17.73
   30.41
   38.23
   21.24
   20.67
   20.33
   36.16
   28.18
   79.20
   36.36
   37.52
   65.16
   85.38
   68.33
  132.72
  199.66
   52.98
   39.30
   84.70
   34.26
   44.66
   59.66
   33.95
   25.63
   56.61
   56.52
   42.02
   30.47
   26.56
   66.01
   34.57
   25.40
   41.17
   41.51
   41.97
   38.88
   73.11
   39.05
   30.33
   38.28
   33.53
   38.28
   44.46
   23.50
   33.75
   74.05
   83.82
   17.87
   19.34
   17.53
   32.59
   27.13
   27.27
   29.62
  104.26
   52.64
   38.94
  122.36
  128.28
  107.92
   38.00
  133.54
   98.88
   99.14
  214.27
   41.57
   92.54
  152.51
  125.10
   90.47
   73.43
  143.79
  101.49
  120.74
  102.34
   84.04
   86.31
   71.95
   69.91
  122.07
  107.80
  102.96
   94.32
   61.33
   87.67
   52.36
  124.42
  137.70
  153.14
  182.90
  107.24
   64.82
  118.65
  142.18
  159.48
  172.31
  209.26
   76.34
   91.41
  182.11
  138.21
  144.98
  155.63
  114.46
   74.25
  105.82
  129.04
  172.45
  203.99
  172.85
  154.30
  198.13
   29.90
  152.54
  160.92
  203.80
  203.46
  161.07
   71.02
  176.58
  171.43
  158.23
  123.06
  149.43
  141.33
   90.95
  124.79
  121.00
  205.47
  166.28
  259.52
  115.96
  108.31
  135.72
  245.88
  188.45
  194.40
  193.15
  212.38
  101.06
   90.30
  272.61
  169.70
  251.34
  185.65
  187.57
   85.35
  124.48
  214.25
  199.15
  202.47
   96.45
   55.70
   79.26
   48.14
  130.74
   28.49
   19.14
   14.89
   26.99
   45.34
   43.75
   52.70
   27.04
   65.58
   58.22
   27.69
   45.84
   57.82
   68.70
   41.06
   41.54
   26.14
   48.39
   64.39
   39.02
   70.59
   50.74
   49.55
   59.01
   58.47
   52.16
   29.70
   49.19
   74.19
  103.89
   91.21
   79.60
   61.82
   67.31
   89.68
  151.78
   73.40
   93.13
   79.12
   53.09
   43.30
   25.54
  165.51
   49.04
   99.62
   64.73
   95.85
   81.41
   26.36
   58.28
   58.53
   71.36
   77.87
   79.43
   44.51
   49.13
   58.90
   59.95
   33.73
   27.24
   27.30
   13.31
   13.05
   13.05
   30.53
   23.93
   18.07
   20.44
   13.22
   20.25
   20.73
   13.88
   26.02
   30.58
   55.08
   25.74
   12.88
   14.02
   14.70
   18.01
   20.27
   40.15
   13.71
   13.85
   49.47
   41.12
   36.84
   12.35
   27.78
   18.66
   15.80
   17.33
   21.52
   18.52
   23.39
   31.18
   35.68
   21.69
   14.44
   13.76
   14.13
   13.22
   15.40
    7.45
   44.40
   21.10
   34.29
   26.33
   26.79
   14.58
   28.03
   19.43
   19.43
   54.14
   20.70
   28.52
   13.56
   82.46
   15.49
   16.88
   19.77
    9.91
   21.97
   23.33
   14.87
   28.46
   17.58
   21.92
   33.78
  164.18
   84.67
   22.03
   25.54
   36.61
   22.71
   42.67
   26.14
   15.12
   30.36
   30.44
   30.70
   19.62
   26.76
   33.61
   20.84
   22.17
   18.18
   26.73
   30.87
   15.94
    0.00
   45.14
   45.42
   75.83
   99.82
   58.28
  101.71
   18.35
   63.26
   36.64
   35.65
   28.23
   76.34
   24.66
   18.72
   35.40
   11.38
   43.18
  119.67
   27.33
   16.51
   19.03
   24.66
   19.03
   56.07
   42.33
   27.52
   52.84
   14.55
   31.86
   55.87
   20.59
   28.52
   81.01
   51.76
   67.68
   78.38
   53.92
   69.12
   19.62
   33.44
   43.01
   23.22
   16.08
   18.29
   45.65
   53.07
   52.75
  115.93
  110.35
  104.26
  130.85
   51.88
   76.31
   19.26
   12.91
   54.00
   18.55
   30.10
   82.09
   23.36
   45.22
   27.75
   89.17
  132.81
   20.08
   26.73
   25.74
   29.59
   42.96
   44.37
   41.26
   34.15
   70.45
   34.57
   36.42
   37.29
   28.57
   36.56
   20.22
   35.00
   44.71
   57.43
   48.73
  112.81
   18.04
   17.87
   25.82
   51.68
   34.26
   35.54
   32.20
   16.03
   18.80
   18.72
   11.33
   13.59
   15.12
   24.66
   44.37
   39.30
   29.14
   31.74
   37.04
   33.36
   41.91
   43.27
   34.49
   52.90
   43.30
   34.07
   34.89
   33.36
   71.64
   62.89
   34.80
   28.63
   33.81
   35.00
   47.09
   69.63
   52.44
   52.84
   69.74
   36.30
   27.27
   30.33
   49.16
   39.50
   79.94
   67.79
   63.88
   77.53
   72.09
   72.83
   58.62
   52.07
   96.33
   63.12
  119.02
   37.04
   62.41
   65.89
   96.99
   63.77
   67.00
   93.47
   66.40
   90.73
   50.77
   44.34
  168.46
  131.45
   85.09
  123.04
   98.66
   60.99
   77.56
   74.59
  100.50
   93.36
   93.87
  144.76
   64.39
  112.08
   81.55
   88.38
   39.22
   44.74
   58.36
   43.32
   84.75
  101.69
  107.66
   99.99
   88.91
   70.79
   62.10
   94.07
   92.03
   72.97
  230.98
  154.55
   77.33
   47.29
  124.71
  166.50
  180.55
  156.76
  191.68
   71.33
   54.48
  150.05
  149.29
  147.47
  212.38
  217.45
  147.81
   87.13
  141.05
  139.89
  147.42
  180.38
  158.52
  125.16
   85.89
  163.64
  158.26
  141.22
   76.82
   71.84
   53.77
   55.81
   42.53
   34.55
   34.63
   58.50
   62.50
   39.33
   70.65
   61.42
   14.30
   22.17
   33.05
   56.69
   49.84
   36.33
   27.18
   44.66
   44.43
   48.48
   49.16
   69.35
   48.73
   69.63
   14.44
   38.91
   38.62
   21.38
   46.41
   47.71
   39.56
   39.76
   27.41
   14.27
   16.71
   27.78
   27.44
   14.13
   14.05
   14.33
   13.99
   12.06
   26.82
   27.07
   13.45
   13.93
   21.52
   14.81
   13.99
   21.18
   20.76
   17.41
   13.28
   19.45
   33.10
   32.56
   45.53
   13.54
   14.47
   32.00
   19.23
   17.84
   16.99
   17.75
   17.39
   17.78
   17.61
   18.09
   17.90
   15.38
   17.58
   19.03
   17.39
   20.08
   17.27
   13.25
   11.86
   12.57
   15.97
   28.49
   16.34
   14.24
   19.23
   13.05
   13.51
   12.91
   15.01
   12.63
   32.76
   15.83
   13.45
   13.14
   12.63
   13.42
   17.05
   17.95
   16.08
   15.46
   15.72
   15.86
   15.77
   16.31
   13.48
  167.49
  171.01
   54.96
   51.79
  160.81
  183.44
  260.60
  209.29
  211.36
  105.76
  180.60
    0.00
   78.69
  153.85
  156.99
  157.75
  158.04
  158.35
  158.57
  158.57
  158.63
  159.54
  148.97
  140.00
  136.26
  134.17
  140.99
  136.83
  146.26
  202.21
  324.43
  324.23
  328.05
  331.34
  277.93
  248.62
  245.08
  256.32
  244.77
  243.69
  357.39
  252.44
  250.18
  250.12
  247.89
  164.27
  243.30
  244.43
  340.37
  246.22
  330.51
  247.80
  246.13
  178.20
  184.88
  195.67
  195.05
  192.98
  160.81
  151.89
  153.14
  153.56
  153.93
  153.42
  140.34
  129.97
  130.37
  131.02
   68.64
   67.42
  116.18
  134.93
  101.91
  137.05
  138.07
  137.05
  136.94
  135.78
  135.07
  134.59
  134.42
  152.68
  156.62
  157.61
  136.77
  136.88
  136.54
  130.68
  136.49
  136.52
  137.03
   72.52
   77.42
   30.72
   43.18
   39.62
  172.22
  159.74
  174.57
  156.37
   78.13
  109.59
   82.69
   82.54
  116.50
  103.50
  119.24
   61.31
   74.28
   54.14
   47.66
   59.07
   74.33
   76.03
   93.59
   53.04
   75.27
   14.02
   12.63
   13.28
   11.36
   12.71
   38.71
  102.42
   76.85
   58.47
   58.93
   57.54
   64.08
   52.22
   55.84
   70.34
   82.15
   39.53
   58.53
   38.94
   45.42
   52.50
   38.88
   34.35
   45.31
   52.05
   27.38
   89.20
  131.45
   26.48
   79.03
  281.02
  321.96
  318.99
  271.81
  305.37
  582.36
  405.98
  461.90
  406.86
  210.73
  330.91
  263.97
  233.42
  329.15
  264.14
  271.76
   79.23
   79.51
   58.98
   85.86
  112.39
  117.40
  111.96
   80.31
   52.50
   45.82
   45.82
   39.67
   39.73
   45.25
   91.55
   53.41
   35.08
   34.12
   50.72
   83.39
   98.94
   82.83
   93.19
   91.21
   83.11
   83.25
  124.00
  145.10
  154.55
  150.31
  169.25
  207.65
  210.03
  212.29
  155.57
  115.16
  112.30
  122.78
  100.10
  104.49
  105.34
  111.91
  111.91
   92.94
   86.39
  112.90
  102.11
  105.11
   58.45
   53.52
   65.64
  137.99
   39.62
   51.40
  126.32
  135.41
   26.36
   58.16
   78.10
   63.06
   63.68
  127.57
   86.51
   73.11
   53.01
   78.95
  154.27
  148.47
  140.20
  151.72
   53.24
   80.17
   52.33
   65.98
  141.33
   62.58
   85.35
   62.64
   60.17
  136.03
  201.56
  191.37
  156.93
  251.20
   89.91
  127.23
  266.97
  206.40
  243.81
   86.11
  241.34
  159.25
  172.65
  196.41
  227.89
  236.67
  171.60
  216.71
  118.51
   93.45
  151.72
  224.35
  182.64
  195.13
  134.99
  219.57
   62.41
  142.55
  124.37
   26.59
   44.03
   53.52
   62.07
   53.09
   71.22
  125.70
   63.09
   62.95
   73.65
   62.10
   69.72
   70.68
   90.05
   35.99
   44.68
   43.81
   80.93
  209.06
  178.08
  160.90
  156.59
  144.27
  132.18
  106.16
   80.31
  155.77
  156.22
  210.03
  154.27
  181.60
  168.85
   79.23
  185.05
  164.35
  200.14
  231.91
  188.34
  120.23
  109.81
  152.26
  217.73
  205.30
  215.32
  238.14
  103.53
  122.19
  150.11
   33.24
  216.74
  111.68
  221.86
  132.55
  161.69
  245.56
  166.96
  121.88
  162.60
  159.00
  184.91
  148.66
  196.49
  212.01
  192.67
  253.27
  275.04
  173.36
  195.16
  191.56
  173.87
  148.58
  133.80
  123.72
  193.40
  180.52
  214.70
  166.98
  151.41
  198.22
  212.52
  140.42
  120.52
  140.76
  160.58
  158.66
  196.43
  197.71
  191.82
   40.32
  157.84
  192.36
  565.43
  332.21
  304.52
  300.24
  292.77
  473.88
  377.15
  422.69
  431.41
  330.71
  507.66
  505.06
  409.15
  337.71
  409.66
  407.45
  394.94
  443.81
  374.15
  433.90
  366.19
  345.13
  380.52
  335.81
  471.42
  351.55
  374.58
  343.82
  349.77
  320.55
  237.47
  253.55
  218.86
  244.23
  115.42
   74.44
  121.96
   99.51
  145.29
  113.64
  170.47
  172.19
  205.07
  164.55
  338.30
  357.53
  391.91
  580.55
  488.04
  376.10
  381.77
  384.60
  490.84
  393.52
  358.43
  378.99
  377.01
  407.14
  467.20
  606.63
  462.87
  400.66
  404.56
  374.52
  402.35
  385.96
  373.05
  371.80
  395.95
  449.70
  260.54
  329.64
  289.68
  435.37
  302.08
  365.20
  423.93
  247.63
  318.65
  268.08
  235.09
  207.51
  225.52
  159.51
   92.03
  110.07
   56.04
   45.05
   37.46
   65.30
   48.99
   35.34
  111.37
  158.55
   38.06
   32.05
   62.55
   60.43
   71.78
   71.61
   70.11
   89.42
   38.60
   70.23
   52.90
   48.03
   45.39
   46.84
   15.60
   21.04
   18.38
   17.73
   19.85
   26.48
   49.02
   51.28
   25.97
   61.16
   46.84
   56.15
   60.00
   36.08
   21.58
   32.31
   43.13
   43.18
   27.72
   15.91
   17.47
   15.60
   14.02
   14.50
   14.41
   17.22
   14.41
   13.71
   12.43
   25.15
   43.04
   25.97
   19.96
   17.95
   25.77
   34.86
  183.44
  266.97
  143.00
   69.72
   83.25
   22.06
   18.43
   17.87
   18.12
   23.25
   17.67
   44.34
   19.79
   17.81
   17.81
   85.57
  124.96
  192.24
   87.10
  108.26
  110.44
   42.08
   86.99
   62.24
   62.86
   42.73
   45.25
   58.64
   49.70
   68.78
   66.71
   35.76
   50.57
   50.38
   61.67
   44.88
   56.18
   27.27
   53.72
  140.88
   18.35
   72.46
   63.23
   61.96
   65.70
   54.68
   62.67
   52.10
  105.85
   93.36
   86.79
   63.60
   53.04
   52.70
   52.98
  100.21
   78.52
   60.37
   52.07
   68.75
   77.56
   60.68
  103.70
  104.23
  113.38
   64.96
   76.74
   87.36
   79.77
   70.99
   87.22
  101.09
   88.01
   62.27
   53.80
   53.89
   40.80
   59.64
   59.24
   39.70
   71.42
   52.92
   49.19
   98.94
   46.98
   38.94
   47.43
   46.98
   54.09
   47.46
   64.90
   58.59
  167.75
  153.11
  190.23
  158.77
  163.36
  158.46
  158.74
  166.87
  158.86
  157.87
  193.63
  193.77
  201.62
  158.80
  204.31
  229.65
  220.39
  211.30
  246.81
  178.68
  132.86
  194.57
  204.82
  209.37
  178.31
  198.22
  122.10
  111.62
  193.12
  234.55
  230.70
  235.51
  208.84
  129.80
  154.04
  153.08
  121.82
  110.92
  116.13
  138.98
   97.52
   85.91
  107.60
  107.46
   91.27
   75.38
   85.15
   63.83
   74.56
   83.96
  127.88
   76.65
  108.48
   62.72
   33.87
   33.13
   84.78
   85.86
   84.78
   95.51
   57.85
   67.05
   33.98
   55.44
   83.70
  115.96
   90.87
   87.67
   45.28
   42.19
   50.69
   83.42
   76.20
   75.18
  110.41
   85.86
   38.45
   77.33
   66.91
   42.11
   78.18
  123.15
   59.13
   17.78
   65.38
  171.32
  100.33
  119.41
  130.91
   66.37
   59.81
   75.72
   82.46
   78.69
   78.07
   97.33
   93.30
   71.19
   42.14
   81.67
   86.34
   86.96
   84.67
   77.31
   57.37
   76.54
   74.33
  115.22
   99.19
   70.37
   89.76
   89.25
   86.99
  103.07
   90.13
   38.23
   82.03
   98.83
  107.86
   86.05
  292.51
  440.92
  161.01
  283.73
  305.77
  354.50
  263.01
  294.33
  244.12
  297.16
  285.43
  266.77
  354.30
  297.44
  191.54
  163.47
  139.46
  193.74
  147.28
  131.42
  201.39
  269.07
  264.71
  283.42
  252.33
  199.27
  136.83
  188.68
  164.69
  106.70
  143.28
  122.24
  182.02
  203.29
  190.91
  260.23
  293.22
  232.03
  258.70
  148.01
   98.00
  148.78
  201.73
  169.22
  282.63
  270.48
   83.17
   76.54
   78.24
   88.26
   89.76
   82.94
   80.87
   40.24
   36.42
   84.67
   73.96
  117.97
  218.44
  110.27
   37.29
   24.21
  135.41
  147.36
  178.08
  127.40
  158.35
   90.64
   65.07
  107.32
  100.64
  117.74
  151.89
   89.37
   61.90
   56.69
   32.85
   41.54
   48.96
   33.84
   29.48
   17.30
   16.14
  115.16
  110.04
  107.09
  121.25
   87.67
  163.95
   95.97
  379.90
  575.99
  505.06
  427.64
  367.33
  505.06
  575.65
  579.36
  456.16
  583.41
  421.72
  494.30
  547.79
  507.64
  374.58
  528.08
  468.64
  409.35
  362.82
  506.76
  467.40
  503.87
  379.76
  295.63
  289.28
  257.97
  234.49
  175.28
  272.04
  268.67
  297.89
  310.58
  246.22
  117.74
  129.72
  171.15
  173.72
  163.70
  159.11
  141.27
   71.67
  115.50
  134.02
  134.59
  138.10
  120.54
  115.56
  445.96
  369.68
  154.98
  247.23
  266.49
  266.63
  265.56
  258.39
  255.73
  256.66
  262.21
  265.39
  337.11
  341.16
  275.13
  274.53
  271.16
  267.08
  320.97
  375.08
  249.19
  235.82
  237.89
  233.67
  229.76
  221.32
  200.54
  165.20
  123.23
  120.01
  153.00
  108.93
  155.18
  155.40
  124.20
  148.41
  148.07
  247.60
  179.84
  108.40
  108.06
  151.13
   96.39
   72.35
   89.06
   50.40
   36.47
   33.47
   48.17
   41.88
   58.93
   41.77
   41.71
   59.61
   42.22
   42.79
   41.03
   39.84
   57.82
   41.71
   58.19
   47.66
  109.90
   33.30
   61.96
  132.86
  190.52
  135.44
  239.56
  364.81
  198.56
  111.88
  170.50
  156.17
  158.35
  114.85
   88.43
   75.55
   67.62
   53.77
   75.21
  103.89
   76.03
   92.09
   73.99
  122.70
  112.98
  104.29
   93.19
   81.27
  106.64
  126.63
  167.18
   83.34
  100.04
   94.92
   93.64
  104.46
   77.05
   75.18
  125.70
  188.19
  212.91
  231.29
  223.28
  101.15
  130.29
  235.94
  204.73
  178.62
  199.61
  172.34
  156.20
  157.81
  213.00
  212.52
  208.47
  201.73
  245.88
  107.24
  100.55
  207.68
  200.48
  231.58
  185.62
  181.28
  122.13
  127.31
  204.50
  231.60
  213.31
  224.01
  166.02
   91.55
  103.16
  180.38
  191.99
  201.30
  180.10
  176.39
   99.34
  123.52
  254.40
  176.73
  152.97
   66.97
   67.39
   58.73
   46.07
   78.24
  132.24
  104.26
   96.53
   93.98
   80.73
   47.09
  105.11
  101.74
  112.36
  111.14
  105.54
  114.40
   59.10
   96.14
  119.36
  150.25
  119.36
  111.37
   72.12
  159.71
  104.40
  109.70
  115.56
  116.30
  112.42
  151.41
   63.57
  106.02
  109.30
  118.62
  125.81
  121.76
   81.27
   41.68
  113.61
  112.36
  261.51
  158.60
  122.30
   64.99
   53.46
  119.13
  123.04
  127.43
  148.44
  119.53
   72.29
  107.75
  125.81
  127.31
  129.24
  150.33
  169.08
  120.06
  154.53
  185.42
  180.04
  179.73
  180.86
  181.71
  127.54
  160.92
  155.74
  204.79
  241.37
  367.50
  213.40
  155.80
  132.32
  281.53
  297.38
  386.81
  286.71
  274.79
  222.51
  252.59
  391.20
  382.73
  382.05
  298.20
  284.33
  271.95
  345.32
  269.60
  316.92
  362.82
  442.71
  317.94
  506.70
  516.84
  533.89
  483.82
  468.87
  489.09
  478.05
  463.77
  446.95
  414.50
  516.87
  527.06
  462.30
  483.60
  205.04
  321.34
  284.75
  329.30
  289.88
  275.15
  303.58
  303.25
  268.19
  277.56
  311.43
  277.05
  277.31
  228.91
  238.82
  230.50
  154.92
  166.73
  117.60
  222.26
  245.73
  153.19
   95.03
  103.36
  178.76
  189.04
  218.44
  177.52
  270.51
  181.03
  382.73
  390.09
  345.32
  328.79
  327.29
  399.07
  289.06
  294.10
  290.56
  290.90
  285.75
  263.26
  310.27
  307.86
  318.11
  441.01
  126.69
  154.55
  155.69
  270.71
  276.71
  295.23
  222.37
  252.53
  278.30
  240.72
  179.13
  232.68
  205.44
  194.59
  211.33
  179.93
  228.94
  259.21
  278.38
  280.82
  238.57
  272.27
  303.36
  271.59
  337.57
  307.55
  292.40
  501.38
  499.99
  499.74
  614.82
  574.55
  448.00
  504.38
  387.97
  387.18
  361.49
  314.60
  240.95
  260.43
  375.48
  226.39
  231.21
  260.37
  286.34
  146.43
  190.91
  108.71
  119.04
  103.92
   91.89
  113.38
   98.20
   73.71
   86.82
   13.31
   17.50
   58.70
   25.26
   78.21
   25.09
   57.71
   54.65
   52.56
   24.95
   32.71
   25.40
   27.67
   30.27
   19.48
   32.88
   38.60
   13.22
   15.80
   22.09
   19.54
   25.82
   22.80
   26.14
   19.85
   13.00
   19.43
   51.14
   48.87
   45.70
   45.82
   43.30
   18.77
   13.25
   72.80
   48.65
   75.04
   66.26
   41.99
   33.70
   32.71
  105.03
   75.61
   43.18
   16.79
   16.79
   16.59
   17.02
   16.68
   15.55
   25.34
   16.88
   16.85
   16.85
   55.56
   58.11
   16.34
   17.36
   15.09
   16.28
   66.69
   67.76
   25.15
   16.59
   16.85
   16.28
   17.10
   32.96
   34.01
   16.57
   16.82
   16.96
   17.53
   17.08
   42.25
   33.05
   59.41
   33.64
   45.36
   33.75
   33.73
   35.28
   33.05
  101.74
   98.66
   96.19
   89.25
   81.47
   87.81
   90.44
  168.20
  211.70
  132.61
  182.81
  185.62
   84.61
   82.77
  119.33
  110.38
   46.92
   49.84
   56.35
   61.22
   59.24
   62.27
   57.03
   45.42
   45.34
   66.86
   91.63
   67.22
   61.31
   51.25
   41.71
   40.12
   42.31
   49.92
   33.27
   66.60
  141.56
  150.45
  138.53
  148.86
  101.52
   94.13
  176.10
  111.00
  116.24
  109.53
   75.63
   67.34
   91.77
  203.63
  150.39
  159.96
  176.02
  201.59
  193.63
  102.71
  199.41
  179.50
  200.71
  182.62
  196.46
  118.51
  124.37
  201.70
  203.29
  179.98
  170.52
  171.20
  113.38
  110.04
  149.65
  152.17
  116.78
  115.02
  115.53
   46.98
   54.99
  110.41
  119.81
  113.61
  111.43
  102.85
   61.14
   61.84
  102.99
  170.18
   95.57
   60.12
   51.96
   50.91
   51.00
   76.80
  145.86
  135.67
  132.95
  109.30
   62.50
   67.34
  140.39
  100.81
   90.76
   85.52
   93.73
   71.33
   55.16
  153.59
  147.02
  129.66
  159.91
  159.88
   92.06
   86.08
  118.51
  139.52
  159.59
  159.25
  182.50
   97.75
   76.06
  194.42
  100.33
   87.39
  126.89
   52.84
   45.56
  158.66
  159.03
  159.08
  159.59
  160.39
  160.19
   79.68
   73.00
  152.49
  161.15
  160.90
  158.89
  128.90
  111.68
   97.64
  156.79
  156.65
  156.62
  156.45
  156.99
  123.94
  109.98
  141.73
  144.10
  140.11
   91.10
   80.84
  156.79
  123.74
  158.72
  157.92
  157.92
  179.47
  185.25
   71.22
   36.44
  106.02
  119.75
   71.33
   91.21
   69.32
   41.68
   28.85
   48.79
   42.08
   95.09
   76.37
   71.08
   13.79
   18.35
  162.68
  158.94
  150.45
  177.63
  169.08
   43.21
   39.56
   70.34
   64.17
  157.02
  130.85
  124.06
  130.91
  106.90
   98.91
   89.74
  254.94
  247.69
  246.98
  202.95
  185.93
  219.34
  219.65
  236.08
  242.65
  230.02
  182.87
  130.31
  117.37
  226.82
  448.28
  153.36
  145.80
  252.25
  303.92
  450.69
  405.44
  506.50
  497.92
  461.37
  503.45
  437.95
  446.56
  468.73
  437.44
  502.23
  541.87
  543.23
  547.36
  519.47
  578.88
  611.64
  611.79
  572.99
  431.58
  482.15
  500.47
  428.01
  474.56
  449.05
  389.50
  440.02
  458.76
  436.22
  489.60
  301.09
  213.08
  312.11
  234.69
  255.47
  195.58
  161.15
  162.06
  137.51
  134.08
   81.24
   75.35
   69.40
  102.37
  309.62
  149.57
  205.64
  126.49
   75.01
  151.13
  207.22
  272.07
  287.73
  106.10
   91.04
   87.07
  214.61
  210.42
  300.10
  193.06
  135.33
   83.65
   77.42
  181.54
  182.39
  203.20
  107.77
  123.09
  149.99
  126.12
   78.27
   35.62
   38.74
   44.06
   42.19
   41.09
   40.83
  110.41
  100.50
   63.01
   62.81
   49.75
   49.78
   75.07
   54.79
  101.83
   54.03
   54.74
   96.02
   88.49
   80.76
  154.69
   74.81
  139.69
  198.56
  190.35
  207.19
  295.06
  424.47
  350.85
  358.32
  337.71
  337.68
   93.47
  105.25
  284.27
  263.06
  329.24
  440.87
  393.07
  365.17
  387.06
  339.35
  267.08
  216.26
  139.26
  125.22
  101.83
  103.27
   80.73
  146.23
   57.03
  105.42
  162.06
  119.47
   89.31
   68.13
   77.45
   57.77
   68.58
   71.64
   83.53
  111.29
  262.70
   73.14
  113.18
  273.99
  188.39
   97.72
  136.06
  242.59
  383.61
  241.77
  237.44
  271.87
  176.47
  142.49
  108.85
  236.70
  297.21
  234.10
  286.88
  161.35
  136.01
  114.23
   75.86
  160.02
  160.61
  215.77
  133.97
  130.82
   88.72
  138.95
  228.09
  153.90
  145.86
  141.50
  331.08
  310.52
  196.89
  274.90
  264.28
  281.55
  206.85
  252.50
  244.29
  293.28
  245.90
  231.69
  204.76
   81.35
   91.77
   94.52
  190.26
  175.00
  144.50
  110.35
   99.82
   66.69
   49.50
   46.55
   43.41
   42.45
   53.43
   62.69
   84.87
  122.95
  113.30
  122.92
  126.43
   28.49
   77.45
   76.57
   99.11
  115.82
  126.18
  130.80
  112.16
   97.66
   51.25
   72.80
   63.97
  206.09
   87.70
   46.67
   58.33
   63.60
   69.49
   90.08
  107.18
  119.41
   56.58
   48.54
   55.53
   46.50
   95.03
  122.90
  143.11
  104.86
   92.85
  181.54
  101.69
  159.57
  157.84
  225.63
  120.01
  124.96
  136.46
  147.53
  153.42
  168.23
  168.43
  157.44
  190.60
  217.47
  115.14
  126.94
  107.83
   63.60
  165.12
  128.33
  116.38
  142.12
  182.64
  188.19
  196.80
  189.64
  103.13
   94.80
  280.37
  165.94
  187.68
  236.73
  118.48
  119.55
  116.75
  218.97
  218.69
  204.33
  208.27
  201.50
  162.17
  142.41
  200.17
  250.43
  203.17
  205.04
  200.57
   99.85
  178.28
  181.88
  167.83
  166.84
  165.94
  166.59
  101.69
   65.24
  158.91
  148.21
  146.17
  139.40
  126.43
  111.46
   53.29
  125.76
  113.66
  139.29
  125.30
  127.43
   49.13
   59.38
  120.49
   96.76
   96.70
   82.80
   46.16
   47.71
  143.25
   62.13
  137.87
  140.82
  122.53
  137.28
   86.59
   82.94
  118.68
  151.21
  115.70
  104.09
  137.76
  167.92
  147.70
  322.47
  426.54
  306.84
  218.27
  223.31
  295.17
  280.51
  278.27
  257.23
  261.59
  258.48
  255.87
  161.15
  314.54
  426.34
  298.54
  237.01
  247.35
  287.61
  275.75
  352.37
  231.58
