19850101
    5.83
   19.71
   31.15
   16.28
    7.48
    7.48
    7.48
    7.48
    7.48
    7.48
    6.65
    5.80
    4.98
    3.71
    2.94
    2.94
    2.94
    2.94
    2.94
    2.94
    2.94
    2.29
    1.84
    1.84
    1.84
    1.84
    1.84
    1.84
    1.84
    1.84
    1.84
   13.65
   24.81
   24.81
   13.22
    4.98
   15.94
   24.41
   16.14
   10.25
   10.36
   16.65
   33.98
   38.79
   38.51
   24.49
   17.73
   17.44
   17.44
   17.44
   17.73
   17.73
   17.73
   17.73
   17.44
   17.44
   11.04
    7.05
    3.62
    1.56
    1.56
    1.56
    1.56
    1.56
    1.56
    1.56
    1.56
    1.56
    1.56
    1.56
    1.56
    1.56
    1.56
    1.56
    1.56
    1.56
    1.56
    1.56
    1.56
    1.56
    1.56
    1.56
    1.59
    1.59
    1.59
    1.59
    1.59
    1.59
    1.59
    1.61
    1.61
    1.61
    1.61
    1.61
    1.61
    1.61
    1.61
    1.61
    1.61
    1.61
    1.61
    1.61
    1.61
    1.61
    1.61
    1.61
    1.42
    1.25
    1.25
    1.44
    1.50
    1.70
    1.76
    1.76
    1.76
    2.12
    2.41
    2.41
    2.41
    2.41
    2.97
    2.72
    2.35
    2.49
    2.72
    2.72
    2.72
    1.78
    1.33
    1.76
    2.07
    2.07
    2.07
    2.07
    2.07
    2.52
    3.26
    3.57
    3.57
    3.28
    3.03
    2.83
    2.63
    2.63
    2.89
    3.28
    3.43
    3.43
    3.06
    2.86
    3.23
    3.43
    3.43
    3.43
    3.43
    3.43
    3.62
    3.74
    3.54
    3.43
    3.54
    3.91
    3.57
    3.43
    3.62
    3.62
    3.62
    3.62
    4.42
    4.13
    2.78
    2.94
    3.40
    3.40
    3.40
    3.65
    3.99
    3.99
    3.99
    3.99
    3.99
    3.99
    3.99
    3.99
    3.99
    3.99
    3.99
    3.99
    3.99
    3.96
    3.96
    3.96
    3.96
    3.96
    3.96
    4.16
    3.99
    3.77
    3.94
    4.16
    4.36
    4.36
    4.36
    4.36
    4.36
    4.36
    4.36
    4.36
    4.36
    4.30
    4.30
    4.30
    4.30
    4.30
    4.30
    4.30
    4.30
    4.30
    4.30
    4.30
    4.30
    4.30
    4.30
    4.30
    4.30
    4.36
    4.47
    4.47
    2.69
    2.58
    3.48
    3.96
    4.05
    4.05
    4.16
    4.33
    4.33
    3.60
    3.51
    4.56
    4.33
    4.33
    4.33
    4.33
    4.33
    4.33
    4.53
    4.67
    4.62
    4.62
    4.62
    4.62
    4.62
    4.62
    4.33
    4.42
    4.62
    4.62
    4.62
    4.53
    4.53
    4.53
    3.96
    3.43
    3.43
    3.43
    3.43
    3.43
    2.58
    1.25
    1.25
    1.25
    1.25
    1.25
    1.25
    1.73
    3.26
    3.68
    3.68
    2.69
    1.25
    1.25
    3.28
    4.19
    4.19
    4.19
    4.19
    4.19
    4.11
    4.11
    4.11
    4.11
    4.11
    4.11
    4.11
    4.11
    3.94
    4.36
    5.01
    4.98
    4.56
    3.96
    3.96
    3.96
    3.91
    3.91
    3.88
    3.88
    3.85
    3.85
    3.82
    3.82
    3.82
    3.77
    3.74
    3.74
    3.71
    3.71
    3.68
    3.68
    3.68
    3.11
    3.40
    3.37
    3.37
    3.11
    3.96
    3.96
    3.96
    3.96
    3.96
    3.96
    4.05
    4.05
    4.05
    4.05
    4.05
    4.05
    4.05
    4.05
    4.02
    4.02
    4.02
    4.08
    4.02
    7.50
    9.17
    9.17
    9.17
    9.17
   10.25
   10.79
   10.56
   10.56
   10.56
   10.56
   10.42
    5.78
    3.43
    3.43
    3.43
    3.43
    3.43
    3.43
    3.43
    3.43
    3.11
    2.92
    2.92
    2.92
    2.92
    3.06
    3.20
    3.20
    3.34
    3.43
    3.43
    3.43
    3.43
    3.40
    3.40
    2.72
    1.53
    1.53
    1.53
    1.53
    1.36
    1.25
    1.19
    1.13
    1.13
    1.13
    1.13
    1.13
    1.13
    1.13
    1.13
    1.13
    1.13
    1.13
    1.13
    1.13
    1.13
    1.13
    1.13
    1.13
    1.13
    1.36
    1.30
    1.16
    1.25
    1.25
    1.25
    1.33
    1.33
    1.33
    1.33
    1.33
    1.33
    1.33
    1.33
    1.33
    1.33
    1.33
    1.33
    1.33
    1.33
    1.33
    1.33
    1.33
    1.33
    1.33
    1.33
    1.33
    1.33
    1.33
    1.36
    1.36
    1.36
    1.36
    3.26
    4.42
    9.63
   17.47
    9.63
    5.72
    5.72
    5.72
    5.72
    5.72
    4.90
    4.53
    4.53
    4.53
    2.58
    1.73
    1.73
    1.73
    1.73
    1.73
    1.73
    1.73
    1.73
    1.73
    1.73
    1.73
    1.73
    1.73
    1.73
    1.73
    1.73
    1.73
    1.73
    1.73
    1.73
    1.73
    1.44
    1.30
    1.30
    1.30
    1.30
    1.30
    1.30
    1.30
    1.90
    2.21
    2.66
    2.89
    2.89
    3.37
    3.60
    3.60
    3.88
    4.28
    4.28
    4.19
    4.19
    4.19
    4.19
    4.19
    3.68
    3.71
    3.71
    3.71
    3.77
    4.02
    4.02
    4.02
    4.02
    4.02
    4.02
    4.02
    2.97
    1.33
    1.33
    1.33
    1.36
    1.36
    1.98
    2.29
    2.29
    2.27
    2.29
    2.29
    2.29
    2.32
    2.32
    2.32
    2.58
    3.00
    3.00
    3.00
    3.31
    3.68
    3.68
    3.94
    4.05
    4.05
    4.05
    4.05
    4.05
    4.05
    4.05
    4.05
    4.05
    4.05
    4.05
    4.05
    4.25
    4.33
    4.33
    4.33
    4.33
    4.33
    4.33
    4.33
    4.33
    4.33
    4.33
    4.33
    4.33
    4.33
    4.33
    4.33
    4.33
    4.33
    4.33
    4.33
    4.33
    4.33
    4.33
    4.33
    4.33
    4.33
    4.33
    4.33
    4.33
    4.33
    4.33
    4.33
    4.33
    4.39
    4.45
    4.45
    4.45
    4.45
    4.45
    4.45
    4.45
    4.45
    4.45
    4.45
    4.45
    4.45
    4.45
    4.45
    4.45
    4.45
    4.45
    4.45
    4.42
    4.33
    4.33
    4.33
    4.33
    4.33
    4.33
    4.30
    4.30
    4.30
    4.30
    4.30
    4.45
    4.53
    4.53
    4.53
    4.53
    4.53
    4.53
    4.50
    4.45
    4.45
    4.45
    4.45
    4.45
    4.45
    4.45
    4.45
    4.45
    4.45
    4.45
    4.45
    4.45
    4.45
    4.45
    4.45
    4.45
    4.45
    4.39
    4.39
    4.39
    4.39
    4.39
    4.39
    4.39
    4.39
    4.39
    4.39
    4.39
    4.39
    2.72
    1.39
    1.16
    1.16
    1.33
    1.42
    1.42
    1.42
    1.42
    1.42
    2.55
    4.28
    4.28
    4.28
    4.28
    4.28
    4.28
    4.28
    4.28
    4.28
    4.28
    4.28
    4.19
    4.19
    4.98
   11.10
   14.75
   15.43
   24.21
   30.58
   40.49
   44.74
   43.89
   42.76
   41.63
   40.49
   39.36
   38.23
   37.38
   25.15
   18.83
   18.55
   18.55
   18.83
   19.23
   19.23
   31.15
   37.94
   35.68
   33.98
   32.28
   30.58
   28.88
   27.61
   26.08
   24.95
   23.67
   28.88
   36.25
   37.66
   37.38
   35.68
   33.98
   32.28
   30.58
   28.88
   27.89
   26.65
   25.23
   23.96
   23.11
   10.28
   10.93
   17.30
   17.30
   17.30
   16.88
   16.88
    9.66
    5.95
    5.95
    6.14
    5.95
    5.95
    4.45
    3.68
    3.68
    3.68
    3.68
    3.68
    3.68
    3.68
    3.68
    3.68
    3.68
    3.68
    3.68
    3.68
    3.77
   13.79
   21.10
   20.53
   19.96
   19.06
   18.49
   19.06
   18.77
   18.49
   17.87
   17.36
   16.42
   16.14
   15.97
   17.19
   17.47
   17.10
   16.25
   15.97
   15.40
    8.04
    3.79
    3.79
    3.79
    3.79
    3.79
    3.79
    3.79
    3.88
    8.07
   14.38
   14.10
   14.10
   14.10
   23.96
   28.88
   28.32
   27.61
   33.70
   38.51
   43.32
   52.10
   53.80
   51.54
   49.27
   23.22
   11.61
   11.61
   11.61
   11.61
   11.61
   11.61
    9.34
    8.21
    8.21
    3.60
    1.25
    1.27
    1.27
    1.27
    1.27
    1.33
    1.33
    1.33
    1.33
    1.33
    1.33
    1.33
    1.33
    1.33
    1.33
    1.36
    1.36
    1.36
    1.36
    1.36
    1.36
    1.39
    1.39
    1.39
    1.39
    1.39
    1.39
    1.39
    1.39
    1.39
    1.39
    1.39
    1.39
    1.39
    1.39
    1.39
    1.39
    1.39
    1.39
    1.39
    1.39
    2.12
    2.61
    2.61
    2.61
    2.86
    2.97
    2.97
    2.97
    2.97
    2.97
    2.97
    3.23
    3.37
    3.37
    3.37
    3.37
    3.37
    3.37
    3.45
    3.51
    3.51
    3.51
    3.51
    3.51
    3.51
    3.51
    3.51
    3.51
    3.51
    3.37
    3.20
    3.57
    3.77
    3.77
    3.77
    3.77
    3.77
    3.77
    3.77
    3.77
    3.77
    3.77
    3.77
    4.02
    4.16
    4.16
    4.16
    4.16
    4.16
    4.16
    4.16
    4.28
    4.50
    4.50
    4.50
    4.50
    4.50
    4.50
    4.50
    4.50
    4.50
    4.50
    4.50
    4.47
    4.47
    3.88
    3.88
    3.88
    3.88
    3.88
    3.88
    3.88
    3.88
    3.88
    3.88
    3.88
    3.88
    3.88
    3.88
    3.88
    3.88
    3.88
    3.85
    3.85
    3.85
    3.85
    3.85
    4.08
    4.22
    4.22
    4.22
    4.22
    4.22
    4.22
    4.22
    4.22
    4.22
    4.22
    4.22
    4.22
    4.22
    4.22
    4.22
    4.22
    4.22
    4.22
    4.22
    4.22
    4.22
    4.22
    4.22
    4.22
    4.22
    4.22
    4.22
    4.22
    4.22
    4.19
    4.19
    4.19
    4.45
    4.62
    4.62
    4.62
    4.62
    4.62
    4.62
    4.56
    4.56
    4.53
    4.50
    4.47
    4.45
    4.42
    4.42
    4.42
    4.42
    4.42
    4.42
    4.42
    4.42
    4.39
    4.39
    4.39
    4.36
    4.36
    4.33
    4.30
    4.42
    4.47
    4.47
    4.47
    4.47
    4.47
    4.47
    4.47
    4.47
    4.47
    4.47
    4.47
    4.47
    4.42
    4.39
    4.39
    4.39
    4.36
    4.36
    4.36
    4.33
    4.30
    4.81
    5.13
    5.13
    5.13
    5.10
    5.10
    5.10
    5.10
    5.10
    5.07
    5.07
    5.07
    4.70
    4.47
    4.47
    4.16
    3.88
    3.85
    3.82
    3.82
    3.79
    3.79
    3.79
    3.77
    3.77
    3.77
    3.77
    3.77
    3.77
    3.09
    2.72
    2.72
    2.72
    2.72
    1.73
    1.22
    1.19
    1.47
    1.64
    1.64
    1.64
    2.21
    2.49
    2.49
    2.78
    2.94
    2.94
    2.80
    1.95
    1.67
    1.67
    1.67
    1.67
    1.67
    1.67
    1.78
    1.98
    1.98
    2.24
    2.35
    2.35
    2.35
    2.29
    2.29
    2.29
    2.29
    2.29
    2.29
    1.87
    1.56
    1.56
    1.59
    1.59
    1.59
    1.59
    1.59
    1.59
    1.47
    1.39
    1.30
    1.30
    1.33
    1.33
    1.42
    1.42
    1.44
    1.44
    1.44
    1.44
    1.44
    1.27
    1.19
    1.19
    1.19
    1.19
    1.19
    1.19
    1.22
    1.25
    1.25
    1.27
    1.27
    1.30
    1.30
    1.30
    1.30
    1.30
    1.30
    1.30
    1.30
    1.30
    1.30
    1.30
    7.84
   11.86
   11.86
   11.86
    7.42
    5.21
    5.21
    5.21
    5.21
    5.21
    5.21
    5.21
    5.21
    5.21
    5.21
    5.21
    5.21
    5.21
    5.21
    5.21
    4.25
    1.70
    1.70
    1.70
    1.70
    1.44
    1.36
    1.36
    1.36
    1.36
    1.36
    1.36
    1.36
    1.36
    1.42
    1.42
    1.42
    1.42
    1.42
    1.42
    1.42
    1.42
    1.42
    1.42
    1.42
    1.42
    1.44
    1.44
    1.44
    1.44
    1.44
    1.44
    1.44
    1.44
    1.44
    1.44
    1.44
    1.44
    1.47
    1.47
    1.53
    1.53
    1.53
    1.53
    1.56
    1.56
    1.56
    1.56
    1.56
    1.59
    1.59
    1.59
    1.59
    1.59
    1.59
    1.61
    1.61
    1.61
    2.83
    3.45
    3.45
    6.54
    8.41
    8.41
    5.44
    3.45
    3.45
    3.45
    2.24
    1.61
    1.61
    1.61
    1.61
    1.61
    1.61
    1.61
    1.61
    1.61
    1.61
    1.81
    1.90
    1.90
    1.90
    1.90
    1.90
    1.90
    1.90
    1.90
    1.90
    1.90
    1.90
    1.90
    1.90
    1.90
    1.90
    1.90
    1.90
    3.28
    4.05
    3.94
    3.85
    3.85
    3.85
    3.85
    3.99
    4.16
    3.96
    3.85
    3.85
    3.85
    3.85
    3.85
    3.85
    3.85
    3.85
    3.85
    3.85
    3.85
    3.82
    3.82
    3.82
    3.82
    3.82
    3.82
    3.82
    3.82
    3.82
    3.82
    3.82
    3.82
    3.82
    3.79
    3.79
    3.82
    4.11
    4.16
    4.16
    4.16
    4.30
    4.45
    3.79
    3.77
    4.45
    4.45
    4.45
    4.45
    4.45
    4.39
    3.62
    3.71
    4.45
    4.39
    4.39
    4.22
    4.11
    4.11
    4.11
    4.11
    4.11
    4.11
    4.11
    4.11
    4.11
    4.11
    4.11
    4.11
    4.08
    4.08
    4.08
    4.08
    4.08
    4.08
    4.08
    4.08
    4.08
    4.28
    4.39
    4.42
    4.53
    4.53
    4.53
    4.53
    4.47
    4.16
    4.02
    4.02
    4.22
    4.33
    4.33
    4.33
    4.36
    4.36
    4.36
    4.36
    4.36
    4.25
    4.16
    4.16
    4.16
    4.16
    4.16
    4.16
    4.16
    4.16
    4.16
    4.16
    4.16
    4.16
    4.16
    4.16
    4.16
    4.16
    4.13
    4.13
    4.13
    4.13
    4.13
    4.13
    4.13
    4.13
    4.08
    4.08
    4.08
    4.08
    4.08
    4.08
    4.02
    4.02
    4.02
    4.02
    4.02
    4.36
    4.62
    4.62
    4.62
    4.62
    4.62
    4.56
    4.56
    4.16
    3.79
    3.79
    3.79
    3.79
    3.79
    3.79
    5.72
    4.33
    4.33
    4.28
    4.28
    4.02
    3.91
    3.91
    3.91
    2.80
    1.95
    1.95
    1.95
    1.95
    1.95
    1.95
    1.95
    1.95
    1.95
    2.24
    2.44
    2.44
    3.14
    3.54
    3.54
    8.18
   11.55
   11.50
   11.47
   11.47
   11.47
   11.47
   14.87
   18.75
   18.72
   18.72
    7.73
    1.84
    1.84
    1.84
    1.84
    1.84
    1.84
    1.84
    1.84
    1.84
    1.84
    1.84
    1.84
    1.84
    1.84
    1.84
    1.84
    1.84
    1.84
    1.84
    1.84
   12.69
   20.13
   20.13
   20.13
   19.71
   19.71
   19.43
   10.34
    5.18
   13.88
   26.31
   25.37
   24.24
   23.11
   13.90
    9.43
    9.51
   18.63
   23.39
   23.11
   52.95
   69.09
   69.09
   68.53
   67.39
   66.54
   62.30
   58.05
   31.15
   17.16
   17.16
    9.15
    5.24
    5.24
    5.24
    3.14
    1.27
    1.27
    1.27
    1.27
    1.33
    1.33
    1.33
    1.33
    1.33
    1.33
    1.33
    1.33
    1.36
    1.36
    1.36
    1.36
    1.36
   15.94
   27.18
   26.79
   26.50
   27.47
   28.15
   28.15
   39.64
   56.92
   56.07
   54.65
   53.24
   50.97
   35.11
   44.17
   57.77
   38.23
   22.40
   22.12
   24.15
   44.17
   57.77
   56.92
   55.50
   35.40
   16.25
   16.25
   16.25
   11.16
    5.04
    5.04
    2.69
    1.30
    1.30
    1.30
   18.58
   32.85
   11.81
    1.33
    1.33
    1.33
    1.33
    1.36
    1.36
    1.36
    1.36
    1.36
    1.36
    2.29
    8.61
   33.98
   46.44
   41.34
   38.51
   38.23
   37.94
   37.38
   14.36
    1.10
    1.19
    1.19
    1.19
    1.19
    1.22
    1.22
    1.22
    1.22
    1.22
    1.22
    1.22
    1.22
    1.19
    1.19
    1.19
    1.19
    1.22
    1.22
    1.22
    1.22
    6.80
    7.62
    5.83
    5.83
    4.98
    3.60
   11.04
   14.92
    8.66
    5.47
    5.47
    5.47
    5.47
    5.52
    5.01
    2.61
    1.25
    1.25
    1.25
    1.53
    1.70
    2.01
    2.97
    3.34
    3.34
    3.37
    3.34
    3.34
    3.40
    3.40
    3.43
    3.43
    3.43
   27.89
   45.59
   27.24
   32.00
   46.72
   45.31
   21.63
    7.62
    7.62
   17.30
   23.36
   23.42
   30.30
   35.68
   35.96
   35.40
   35.40
   35.96
   35.40
   24.52
    9.57
    3.79
    3.79
    4.62
    5.04
   17.73
   43.89
   36.25
   25.82
   15.60
    9.91
    7.56
    6.12
    6.12
    6.12
    6.12
   12.86
   23.05
   15.89
   12.03
   12.03
    9.57
    3.79
   10.11
   44.74
   44.74
   23.33
   23.05
   23.02
   22.99
   11.36
    4.81
    4.81
    4.81
    4.81
    2.94
    1.36
    1.36
    1.67
    2.04
    2.04
    2.04
    2.04
    2.04
    2.04
    2.04
    2.24
    2.55
    2.55
    3.14
    3.45
    3.45
    3.45
    3.45
    3.45
    3.45
    3.91
    4.11
    4.11
    4.11
    4.11
    4.11
    4.11
    4.11
    4.16
    3.82
    3.82
    3.82
    3.82
    3.82
    3.82
    3.82
    3.82
    4.16
    4.45
    4.45
    4.45
    4.28
    4.13
    4.13
    4.13
    4.13
    4.13
    4.13
    4.13
    4.13
    3.60
    3.28
    3.99
   10.90
   17.75
   17.47
   17.47
   17.47
    9.60
    5.69
    5.69
   26.90
   61.73
   70.79
   71.08
   69.66
   42.48
   17.87
   17.50
   17.47
    8.95
    4.56
    4.56
    4.36
    3.96
    3.96
    3.96
    3.96
    3.96
    3.96
    3.96
    3.96
    3.96
    3.96
    3.96
    3.96
    3.91
    3.91
    3.91
    3.91
    3.91
    3.91
   10.36
   14.95
   14.67
   14.67
   14.64
   14.64
   14.36
   14.36
   17.81
   19.77
   19.48
   19.20
   18.86
   18.86
   18.55
   25.60
   30.58
   30.02
   29.17
   28.60
   28.15
   27.50
   27.50
   27.21
   26.93
   26.33
   15.26
    1.19
    1.19
    8.58
   20.95
   20.67
   20.36
   19.79
   19.48
   19.17
   10.79
    6.71
    6.71
    6.71
    6.71
    6.71
    6.71
    6.71
    6.71
    6.68
    6.68
    6.68
    6.65
    6.63
    6.60
    3.82
    2.38
    2.38
    2.38
    2.38
    2.38
    2.38
    2.38
    2.38
    2.41
    2.44
   23.39
   36.42
   34.77
   34.72
   33.87
   32.85
   32.28
   32.00
   31.15
   30.02
   18.58
   11.21
   11.21
   11.21
    9.54
    5.95
    5.95
    7.53
    8.81
    9.00
   39.36
   54.59
   51.68
   27.38
   11.21
   11.21
   22.54
   11.21
   37.43
   54.93
   29.70
   16.91
   16.91
   41.91
   65.55
   63.43
   59.64
   56.44
   36.61
   30.44
   52.95
   67.68
   68.24
   65.98
   44.46
   17.81
   23.98
   23.98
   23.98
   23.98
   23.59
   15.77
   11.21
   11.21
   11.21
    8.35
    4.84
    2.38
    1.22
    1.16
    1.16
    1.16
    1.16
    4.28
    9.09
    9.09
   13.65
   24.75
   29.70
   29.79
   12.80
    1.22
    1.25
    1.30
   22.03
   40.78
   40.21
   39.50
   38.57
   37.66
   13.45
    1.33
    1.33
    1.33
    1.33
    1.33
    1.33
    1.33
    1.33
    1.33
    1.33
    1.33
    1.33
    1.36
    1.50
    1.39
    1.39
    1.39
    1.39
    1.39
    1.39
    1.39
    1.39
    1.42
    1.42
    1.42
    1.42
    1.42
    1.42
    1.42
    1.42
    1.44
    1.44
    1.44
    1.47
    1.47
    1.47
    1.47
    1.47
    1.53
    6.09
   11.86
   12.71
   23.02
   29.17
   20.84
   16.28
   16.28
   10.93
    7.65
    7.65
    7.65
    7.65
    5.86
    5.10
    5.10
    5.10
    5.10
    5.10
    5.10
    7.56
   10.48
   11.27
   10.82
   10.62
   10.62
   10.62
    4.64
    1.27
    2.21
    3.17
    3.40
    3.40
    3.40
    3.60
    3.48
    3.48
    3.48
    3.48
    3.48
    3.48
    3.48
    4.67
    4.08
    4.08
    4.08
    4.08
    4.08
    4.05
    4.05
    4.05
    4.05
    4.05
    4.05
    4.05
    4.05
    4.05
    3.85
    3.57
    3.57
    3.57
    3.65
    3.77
    3.77
    3.74
    3.91
    3.96
    3.96
    3.96
    3.96
    3.96
    3.96
    3.96
    3.96
    3.96
    3.77
    3.62
    3.62
    3.62
    3.77
    4.05
    4.05
    3.79
    3.85
    4.05
    4.05
    4.05
    4.05
    4.05
    4.05
    4.05
    4.05
    4.05
    4.05
    4.05
    4.05
    4.05
    4.05
    4.05
    4.02
    4.02
    4.02
    4.02
    4.02
    4.02
    4.02
    4.02
    4.02
    4.02
    4.02
    4.19
    4.28
    4.28
    4.28
    4.28
    4.28
    4.28
    4.22
    4.22
    4.22
    4.22
    4.36
    4.39
    4.39
    4.39
    4.39
    4.39
    4.36
    4.33
    4.33
    4.33
    4.33
    4.33
    4.33
    4.33
    4.33
    4.33
    4.33
    4.33
    4.33
    4.33
    4.33
    4.33
    4.33
    4.33
    4.33
    4.33
    4.33
    4.33
    4.33
    4.33
    4.33
    4.33
    4.30
    4.28
    4.28
    4.28
    4.28
    4.28
    4.28
    4.28
    4.28
    4.28
   11.27
   14.58
   14.33
   14.22
   14.22
   14.13
   14.02
   13.96
   13.96
    1.39
   13.90
   15.06
   16.74
   18.46
   18.41
   18.26
   18.04
   17.84
   17.53
   12.23
    3.99
    3.99
    3.99
    3.99
    3.99
    3.99
    3.99
    3.99
    3.99
    3.99
    3.99
    3.99
    3.99
    3.99
    3.99
    3.99
    3.99
    3.99
    3.99
    3.99
    3.99
    3.99
    3.99
    3.99
    3.99
    3.99
    3.99
    3.99
    3.99
    2.35
    1.56
    1.56
    4.98
    7.08
   11.33
   13.39
   15.55
   16.40
   16.40
   16.37
   16.14
   16.03
    8.47
    3.06
    3.06
    3.06
    3.06
    3.06
    9.83
   17.56
   24.89
   52.39
  409.74
  138.64
  100.33
   63.01
   62.01
   61.73
   61.45
   60.71
   60.51
   59.81
   58.79
   57.62
   56.35
   55.13
   48.05
   41.26
   41.43
   22.12
    7.25
   22.03
   33.41
   33.22
   16.82
    5.18
    5.18
    6.65
    8.55
    8.55
    8.55
    8.55
    8.55
    8.55
    8.55
    8.55
    8.55
    8.55
    5.69
    4.16
    4.16
    4.16
    4.16
    4.16
    4.16
    4.16
    7.42
   11.21
   13.73
   15.46
   15.46
   15.46
   15.18
   15.18
    6.88
    5.89
   11.53
   20.08
   20.11
   23.76
   90.90
  145.75
  129.58
  101.57
   64.31
   55.93
   55.08
   56.27
   57.96
   58.64
   60.06
   59.47
   59.18
   59.47
   58.90
   58.05
   57.48
   28.60
    8.07
    8.07
    8.07
    6.37
    6.23
    5.55
    4.56
    4.84
    4.84
    4.84
    5.21
    6.46
    3.43
    1.22
    6.71
   10.70
   19.82
   32.56
   40.18
   49.84
   27.24
   48.99
   54.93
   53.04
   51.20
   50.12
   49.19
   39.02
   30.58
   28.88
   11.55
    1.25
    1.25
    1.25
    1.25
    1.25
    1.25
   31.69
   50.43
   38.45
   12.18
    1.30
    1.25
    1.25
    1.25
    1.25
    1.25
    1.25
    1.25
    1.25
    1.27
    1.27
    1.27
    3.85
    5.07
    5.07
    5.07
    5.10
   22.06
   33.98
   34.15
   20.16
    5.69
    5.69
    5.69
   11.55
   22.09
   22.09
   12.06
   14.24
   21.69
   21.69
    8.92
    1.36
    1.36
    1.36
    1.36
    1.36
    1.36
    1.36
    6.26
    9.00
    9.00
    9.00
    9.00
    9.00
    5.01
    2.97
    3.00
    9.77
   12.52
    9.74
    9.74
    7.14
    2.72
    3.00
    3.00
    3.00
    3.00
    3.00
    3.00
    3.00
    3.00
    3.00
    3.00
    3.00
    3.00
    5.24
   12.83
   19.94
   19.94
   19.88
   19.77
   19.54
   19.54
   10.31
    3.45
    3.45
    3.45
    3.45
    3.45
    3.45
    3.45
    3.45
    3.45
    3.45
    3.45
    3.45
    3.45
    3.45
    3.45
    3.45
    3.45
    3.45
    3.45
    3.45
    3.45
    3.45
    3.45
    3.45
    3.45
    3.45
    3.45
    3.45
    3.45
    3.45
    3.60
    3.79
    3.79
    3.79
    3.79
    3.71
    3.71
    3.71
    3.71
    3.71
    3.71
    3.71
    3.71
    3.71
    3.71
    3.71
    3.71
    3.71
    3.71
    3.51
    3.40
    3.40
    3.40
    3.40
    3.40
    3.40
    3.40
    3.40
    3.40
    3.40
    3.40
    3.40
    3.40
    3.37
    3.37
    3.37
    3.37
    3.37
    3.37
    3.37
    3.54
    3.68
    3.68
    3.68
    3.68
    3.68
    3.68
    3.68
    3.68
    3.68
    3.68
    3.68
    3.68
    3.68
    3.68
    3.68
    3.68
    3.68
    3.68
    3.68
    3.68
    3.68
    3.68
    4.11
    4.36
    4.36
    4.36
    4.36
    4.36
    4.36
    4.36
    4.36
    4.36
    4.36
    4.36
    4.36
    4.36
    4.36
    4.36
    4.36
    4.30
    4.36
    4.47
    4.53
    4.53
    4.53
    4.53
    4.53
    4.53
    4.53
    4.53
    4.53
    4.53
    4.53
    7.31
   12.71
   12.66
   12.46
   12.32
   12.60
   12.32
   12.32
   12.12
   11.95
   11.95
   11.95
   11.89
   11.89
   11.61
   11.61
   11.61
   11.53
   11.53
   11.44
   11.50
   12.52
   13.88
   13.88
   13.85
   13.82
   13.82
   21.04
   55.05
   69.74
   68.22
   67.03
   66.09
   64.25
   63.49
   62.50
   62.98
   62.13
   61.14
   60.51
   62.30
   62.24
   61.25
   60.20
   58.93
   57.60
   56.46
   54.93
   53.41
   37.58
   25.00
   24.72
   24.72
   24.15
   24.38
   25.06
   38.91
   46.01
   45.14
   26.76
   18.38
    7.08
   46.21
   55.59
   59.69
   56.24
   36.90
    9.94
   10.02
   10.02
   28.54
   38.91
   38.71
   38.37
   22.00
    9.85
    9.88
    9.85
    9.85
    9.85
    9.85
    9.85
    9.85
    9.85
    9.85
    9.85
    9.85
    9.85
    9.85
    9.85
    9.85
    5.95
    3.48
    3.48
    3.48
    3.48
    3.48
    3.48
    3.48
    3.48
    3.48
    3.48
    3.48
    3.48
    3.48
    3.48
    3.48
    3.48
    3.48
    3.48
    3.48
    3.48
    3.51
    3.51
   15.80
   24.15
   24.01
   23.84
   23.53
   15.09
    4.19
    4.19
    4.19
    4.19
    4.19
    4.19
    4.19
    4.28
   14.13
   20.16
   20.11
   19.88
   19.74
   12.66
    4.28
    4.28
    4.30
    4.30
    4.30
    4.33
    4.33
    4.36
    4.36
    2.72
    1.70
    1.70
    1.76
    1.76
    1.76
    1.76
    1.76
    1.78
    1.78
    1.78
    1.78
    1.78
    1.78
    1.78
    1.78
    1.78
    1.78
    1.78
    1.78
    1.78
    1.78
    1.78
    1.78
    1.78
    1.78
    1.84
    1.90
    1.90
    1.93
    1.93
    1.93
    1.93
    1.93
    1.93
    1.73
    1.42
    1.42
    1.42
    1.90
    2.24
    2.46
    2.94
    2.94
    2.94
    2.94
    2.94
    2.94
    2.49
    2.15
    2.15
    2.18
    2.18
    2.18
    2.18
    2.35
    2.63
    2.63
    2.63
    2.63
    2.63
    2.63
    2.63
    2.63
    3.48
    4.05
    4.05
    4.05
    3.91
    3.79
    3.57
    3.43
    3.43
    3.43
    3.43
    3.26
    2.55
    2.38
    3.23
    2.86
    2.41
    2.41
    2.41
    2.41
    2.41
    2.29
    1.95
    3.11
    3.65
    3.09
    2.83
    2.83
    2.83
    2.83
    2.83
    3.03
    2.75
    2.89
    3.40
    3.40
    3.45
    3.40
    4.25
    5.27
    5.27
    5.27
    5.27
    5.27
    5.27
    5.27
    5.27
    5.27
    5.27
    5.27
    5.27
    5.27
    5.27
    5.27
    5.27
    4.53
    4.22
    4.36
    4.36
    4.36
    4.33
    4.11
    3.77
    3.77
    3.77
    3.77
    3.77
    3.96
    4.13
    4.08
    4.08
    4.08
    4.08
    4.08
    3.77
    3.62
    3.34
    3.09
    3.09
    3.09
    3.54
    3.99
    3.99
    3.99
    4.05
    4.16
    4.16
    4.05
    3.82
    3.60
    3.60
    3.60
    3.60
    3.60
    3.31
    2.83
    2.83
    2.83
    2.83
    2.83
    2.83
    2.83
    2.83
    2.83
    3.31
    4.22
    4.22
    4.22
    4.22
    4.22
    4.19
    4.19
    4.19
    4.19
    4.19
    4.19
    4.28
   12.91
   35.23
   39.42
   37.86
   37.69
   27.61
   19.06
    8.72
    4.30
    4.30
    4.30
    4.30
    4.30
    4.30
    4.30
    4.30
    4.30
    4.30
    4.30
    4.30
    4.30
    4.28
    4.25
    6.09
    6.77
    6.77
    6.77
    8.21
    9.57
    9.57
    9.51
    9.51
    9.49
    9.97
   10.48
   13.28
   16.17
   16.06
   16.00
   15.91
   15.91
   16.03
   16.11
   19.09
   20.84
   20.81
   20.59
   20.47
   22.14
   22.37
   22.14
   22.06
   21.95
   21.63
   21.63
   21.41
   21.18
   21.04
   20.93
   20.64
   20.53
   20.50
   20.25
   20.16
   20.08
   19.85
   19.74
   19.60
   16.99
   14.38
   10.90
    7.59
    7.59
    7.53
    7.53
    8.44
   10.25
   11.36
   11.36
   11.36
   11.36
   11.36
   11.30
   11.27
   11.24
   11.27
   11.27
   11.27
   11.38
   15.86
   21.35
   28.46
   51.37
   50.23
   48.14
   45.93
   44.40
   42.96
   41.09
   24.27
   14.05
   14.02
   13.96
   13.93
   13.96
   14.05
   14.05
   14.07
   14.13
   14.16
   14.16
   17.95
   21.92
   21.83
   21.80
   21.46
   21.24
   21.01
   12.49
    4.76
    4.87
    8.27
   11.30
   11.36
   11.41
   15.52
   19.17
   18.77
   19.00
   18.89
   18.63
   18.46
   11.13
    4.84
    4.84
    4.87
    4.87
    4.87
    4.87
    4.87
    4.87
    4.87
    4.87
    4.87
    4.87
    4.87
    4.90
    4.93
    4.93
    4.93
    4.93
    4.93
   12.88
   19.14
   19.03
   18.89
   11.44
    4.93
    4.96
    4.96
    4.96
    4.93
    4.98
    5.01
    5.01
    5.04
    5.04
    5.04
    5.04
    4.64
    3.14
    1.90
    1.93
    1.93
    1.95
    1.98
    1.98
    2.01
    2.04
    2.04
    2.04
    2.12
   13.37
   21.35
   21.46
   35.62
   53.32
   50.83
   51.28
   48.62
   49.10
   30.89
   15.77
   15.72
    8.44
    1.53
    1.13
    1.13
    1.13
    1.16
    1.16
    1.19
    1.19
    1.19
    1.22
    1.22
    1.22
    1.22
    1.22
    1.22
    1.44
    1.67
    1.22
    1.25
    1.25
    9.66
   10.42
    5.49
    5.52
    5.52
    5.52
    5.52
    6.03
   41.17
   63.51
   58.47
   49.53
   47.32
   45.70
   24.04
    3.03
    2.21
    2.21
    2.21
    2.21
    2.21
    2.24
    2.24
    2.83
    2.27
    2.24
    2.24
    2.27
    2.07
    2.07
    2.07
    3.28
    4.25
    4.25
    3.28
    3.26
   25.40
   36.39
   15.77
    3.94
    3.96
    3.96
    3.20
    2.61
    2.63
    2.63
    2.78
    2.89
    2.89
    2.89
    3.45
    3.96
    3.96
    3.96
    3.96
    3.96
    3.96
    3.96
    3.96
    3.96
    3.96
    3.96
    3.96
    3.96
    3.96
    3.94
    3.85
    3.77
    3.77
    3.77
    3.77
    3.74
    3.51
    3.91
    4.25
    4.25
    4.22
    4.22
    4.02
    3.91
    3.91
    3.91
    3.91
    3.91
    3.88
    3.88
    3.88
    3.88
    4.25
    4.42
    4.42
    4.05
    4.22
    4.42
    4.42
    4.39
    4.39
    4.39
    4.39
    4.39
    4.36
    4.36
    4.39
    4.39
    4.39
    3.74
    3.48
    3.99
    3.99
    3.99
    3.99
    3.99
    3.99
    3.96
    3.96
    4.16
    4.30
    4.30
    4.30
    4.30
    4.25
    4.25
    4.22
    4.22
    4.22
    4.22
    4.22
    4.22
    4.22
    4.22
    4.19
    4.19
    4.19
    4.19
    4.19
    4.19
    4.19
    4.05
    4.19
    4.19
    4.16
    4.28
    4.39
    4.39
    4.39
    4.39
    4.39
    4.39
    4.39
    4.36
    4.36
    4.36
    4.36
    4.36
    4.36
    4.36
    4.36
    4.33
    4.56
    4.76
    4.76
    4.64
    4.76
    4.70
    4.42
    4.39
    4.42
    4.42
    4.42
    4.39
    4.39
    4.39
    4.39
    4.39
    4.39
    4.39
    4.36
    4.36
    4.36
    4.36
    4.36
    4.36
    4.33
    4.33
    4.33
    4.33
    4.33
    4.33
    4.30
    4.30
    4.30
    4.30
    4.30
    4.30
    4.28
    4.28
    4.28
    4.28
    5.55
    6.23
    6.20
    6.20
    6.20
    6.20
    8.47
    9.66
    9.66
    9.60
    9.57
    9.57
    9.54
    9.51
    9.49
    9.46
    7.59
    6.51
    6.51
    5.49
    4.30
    3.62
    3.31
    3.31
    3.34
   19.17
   27.98
   24.61
   23.76
   17.53
   14.98
   15.09
   15.04
   14.89
   14.10
    9.63
    5.75
    6.12
    6.29
    6.26
    6.26
    6.54
    6.68
    6.68
    6.68
    6.65
    6.63
    6.65
    4.67
    3.17
    4.93
    5.97
    6.00
    6.00
    6.00
    9.29
   11.30
   11.27
    9.94
    9.29
    9.29
   13.20
   13.17
   18.09
   21.63
   14.72
   11.27
   11.24
   11.24
   11.27
   11.27
   11.27
   11.24
   11.24
   11.24
   11.24
   10.56
    9.80
   18.38
   27.55
   31.55
   30.98
   29.96
   28.83
   27.69
   26.48
   22.96
   21.29
   21.01
    9.49
    2.86
    2.21
    3.77
    4.02
   25.37
   59.15
   68.64
   78.61
   75.72
   72.18
   67.71
   63.23
   31.46
   14.05
   16.17
   38.09
   59.10
   63.94
   67.20
   63.71
   60.26
   35.68
   33.70
   54.62
   66.12
   65.13
   58.36
   41.82
   23.42
   14.98
   32.88
   55.30
   49.04
   46.92
   29.02
   21.63
    8.75
    1.59
    1.61
    1.61
    1.61
    1.61
    1.61
    1.61
    1.64
   16.85
   27.44
   38.85
  152.85
   76.57
   72.12
   68.70
   65.07
   61.39
   57.23
   54.45
   38.43
   30.24
   52.39
   42.53
   32.14
   31.86
  119.24
  153.90
   85.06
   59.58
   57.85
   56.27
   55.16
   23.11
    2.21
    1.61
    1.22
    1.22
    1.22
    1.25
    1.25
    1.25
    1.25
    7.90
   11.33
   11.55
   11.55
    5.10
    1.25
    3.91
    6.51
    6.54
    6.54
    6.54
    6.54
    6.54
    6.54
    4.59
    3.57
    3.57
    3.57
    3.57
    3.34
    2.94
    2.94
    2.94
    2.94
    2.94
    2.94
    2.94
    3.11
    3.23
    3.68
    3.94
    3.94
    3.91
    3.91
    3.91
    3.91
    3.03
    2.83
    3.03
    4.08
    4.56
    4.84
    4.84
    4.84
    4.84
    4.84
    4.36
    3.77
    3.77
    3.77
    3.77
    3.74
    3.74
    3.71
    3.74
    3.74
    3.74
    3.74
    3.74
    3.74
    3.77
    3.77
    3.77
    3.77
    3.77
    3.77
    3.77
    3.77
    3.77
    3.77
    4.11
    4.39
    4.39
    4.39
    4.39
    4.39
    4.42
    3.99
    3.77
    3.77
    3.77
    3.77
    3.77
    3.77
    4.13
    4.19
    4.39
    4.39
    4.39
    4.39
    4.39
    4.39
    4.39
    4.39
    4.39
    4.39
    4.39
    4.39
    4.39
    4.39
    4.39
    4.39
    4.39
    4.36
    4.36
    4.36
    4.36
    4.36
    4.33
    4.33
    4.33
    4.33
    4.33
    4.33
    4.33
    4.33
    3.65
    3.99
    4.33
    4.33
    4.33
    4.33
    4.33
    4.33
    4.33
    4.33
    4.30
    4.33
    4.33
    4.30
    4.30
    4.30
    0.00
    4.30
    4.30
    4.30
    4.30
    4.28
    4.30
    4.28
    4.28
    4.28
    4.28
    4.28
    4.28
    4.28
    4.28
    4.28
    4.28
    4.28
    4.28
    4.28
    4.28
    4.47
    4.28
    4.28
    4.25
    4.25
    4.25
    4.25
    4.33
    4.36
    4.36
    4.36
    4.36
    4.36
    4.36
    4.36
    4.36
    4.36
    4.36
    4.36
    4.36
    4.36
    4.36
    4.36
    4.36
    4.36
    4.36
    4.36
    4.36
    4.36
    4.36
    4.36
    4.36
    4.36
    4.36
    4.36
    4.33
    8.04
   10.11
   10.11
   10.08
   11.44
   12.20
   12.18
   12.18
   12.15
   12.12
   12.09
   12.06
   12.03
   16.40
   18.58
   18.43
   18.26
   18.12
   16.59
   15.38
   15.29
   15.18
   15.06
   14.98
   14.95
   25.60
   33.92
   32.65
   31.12
   23.25
   11.55
   11.58
   23.50
   30.16
   29.11
   27.92
   22.51
   19.94
   20.25
   20.27
   20.13
   19.14
   19.77
   12.12
    7.08
    7.08
    5.66
    4.59
    4.59
    4.59
    4.59
    4.59
    4.59
    4.59
    3.60
    3.00
    3.00
    3.03
    3.03
    3.03
    3.03
    3.00
    3.00
    3.00
    3.03
    3.03
    3.06
    5.89
    8.10
    8.10
   10.25
   11.41
   11.50
   11.53
   11.58
   18.63
   28.97
   27.81
   17.13
   11.44
   11.41
   11.41
   11.38
   11.36
   11.36
    6.91
    4.73
    4.73
    5.95
    6.71
    6.71
    6.71
    6.71
    6.71
    6.63
    6.63
    5.30
    4.42
    4.36
    4.39
    4.39
    4.59
    4.59
    4.11
    3.88
    3.91
    7.76
   10.53
   10.53
   10.53
   10.51
   10.51
    6.77
    5.01
    5.01
    5.01
    5.01
    5.01
    5.01
    3.23
    2.29
    2.29
    2.29
    2.32
    2.32
   13.39
   33.44
   38.91
   38.23
   37.43
   35.96
   34.21
   19.23
   10.76
    7.96
    2.83
    2.83
    2.86
    1.87
    1.33
    1.36
    1.36
    1.36
    1.36
    1.36
    1.36
    1.36
    1.36
    1.36
    1.36
    1.36
    1.36
    1.36
    1.36
    1.36
    1.56
    2.01
    2.01
    2.01
    2.01
    2.01
    1.67
    1.59
    2.01
    2.01
    2.01
    2.01
    2.01
    2.01
    2.04
    2.04
    2.04
    2.04
    2.07
    2.07
    2.07
    1.64
    1.39
    1.39
    1.39
    1.39
    1.39
    1.39
    1.39
    1.39
    1.42
    1.42
    1.42
   19.03
   33.39
   27.04
   23.76
   23.62
   14.33
    6.23
    6.23
    6.23
    6.23
    6.23
    6.26
    6.26
    6.23
    5.07
    4.36
    4.36
    4.36
    4.36
    4.36
    4.36
    4.33
    4.33
    4.36
    4.36
    5.24
    4.33
    4.33
    4.33
    4.33
    4.33
    4.33
    4.33
    2.66
    1.42
    1.42
    3.23
    3.99
    3.99
   25.29
   35.40
    3.96
    3.26
    2.83
    3.60
    3.96
    3.96
    3.94
    3.94
    3.94
    3.94
    3.94
    3.94
    3.94
    3.94
    3.94
    3.94
    3.94
    3.94
    3.94
    3.94
    3.94
    3.94
    3.94
    3.94
    4.08
    4.28
    4.28
    4.16
    3.91
    4.13
    4.28
    4.25
    4.25
    4.25
    4.25
    4.25
    4.25
    4.25
    4.25
    4.25
    4.25
    4.25
    4.25
    4.25
    4.25
    4.25
    4.25
    4.25
    2.46
    2.63
    3.31
    3.31
    3.31
    3.31
    3.31
    3.88
    4.25
    4.25
    4.25
    4.25
    4.25
    4.25
    4.25
    4.25
    4.25
    4.22
    4.22
    4.22
    4.22
    4.22
    4.22
    4.22
    4.22
    4.22
    4.22
    4.19
    4.19
    4.19
    4.19
    4.19
    4.33
    4.42
    4.42
    4.42
    4.39
    4.39
    4.42
    4.42
    4.42
    4.42
    4.42
    4.42
    4.42
    4.39
    4.39
    4.39
    4.39
    4.39
    4.39
    4.39
    4.39
    4.39
    4.39
    4.39
    4.39
    4.39
    4.39
    4.45
    8.21
   10.14
   10.14
   10.14
   10.11
   10.11
   10.11
   10.08
   10.08
   10.05
   10.05
    6.63
    4.22
    4.22
    4.22
    4.22
    4.22
    4.22
    4.22
    4.22
    4.22
    4.22
    4.22
    4.22
    4.22
    4.22
    4.22
    4.25
   20.81
   31.66
   31.23
   30.81
   37.10
   41.74
   41.40
   40.63
   40.07
   39.98
   39.42
   38.65
   37.83
   36.90
   36.27
   35.14
   33.39
   25.00
   21.52
   13.99
    9.60
    9.57
    9.57
    9.57
    9.54
    9.54
    9.54
    9.51
    9.51
    9.49
    9.49
    9.49
    9.46
    7.08
    3.43
    3.43
    3.45
    3.45
    4.90
    5.72
    5.72
    5.72
    5.72
    5.72
    5.72
    5.75
   12.63
   17.58
   17.58
   17.50
   17.39
   17.25
   17.10
   16.96
   12.09
    9.43
    5.92
    4.19
    4.19
    4.19
    7.28
   15.60
   21.04
   20.93
   20.90
   21.27
   25.40
   27.30
   26.45
   26.79
   27.13
   27.44
   27.35
   27.10
   26.79
   26.42
   26.08
   26.16
   26.25
   25.97
   25.63
   25.20
   25.29
   25.60
   25.54
   25.57
   25.57
   25.29
   24.72
   24.07
   23.36
   13.79
    9.49
    9.46
    9.46
    9.46
    5.32
    2.04
   11.21
   17.78
   17.90
   17.92
   17.87
   17.81
   17.73
   17.61
   17.47
   17.36
   17.22
   17.10
   12.18
    9.51
    4.76
    2.29
    2.29
    2.29
    2.29
    2.29
    1.67
    1.30
    1.30
    1.30
    1.30
    1.30
    6.43
   17.05
   22.40
   22.40
   22.29
   22.12
   21.92
   21.72
    8.92
    1.59
    1.59
    1.59
    6.77
   13.37
   19.54
   24.58
   24.58
   24.49
   24.35
   24.21
   24.10
   23.96
   24.01
   24.32
   24.35
   24.27
   24.35
   24.32
   24.18
    9.20
    1.50
    1.50
    1.50
    1.50
    1.50
    1.50
    1.50
    1.50
    1.50
    1.50
    1.50
    1.50
    1.50
    1.53
    1.53
    1.53
    1.53
    8.30
   16.08
   15.74
   11.86
   10.34
   10.36
   10.36
   10.36
   10.36
   10.36
   10.36
   10.36
   10.36
   10.36
   10.36
   10.36
   10.36
   10.36
   10.36
   10.36
   10.34
   10.34
    4.56
    1.42
    1.42
    1.42
    1.42
    1.42
    1.42
    1.42
    2.27
    2.75
    2.75
    2.75
    2.75
    2.75
    7.56
   10.39
    5.97
    3.37
    3.37
    4.45
    3.37
    2.94
    2.75
    2.75
    3.28
    3.37
    3.37
    2.55
    2.10
    2.10
    2.10
    5.72
    5.72
    5.72
    4.13
    3.37
    3.37
    3.37
    3.37
    3.37
    3.37
    3.37
    3.37
    3.37
    3.37
    3.60
    3.99
    3.99
    3.99
    3.99
    3.99
    3.99
    3.96
    3.96
    3.96
    3.96
    3.96
    3.96
    3.96
    3.96
    3.96
    3.96
    3.96
    3.96
    3.96
    3.96
    3.96
    3.96
    3.96
    3.26
    2.10
    2.10
    3.00
    3.99
    3.99
    3.96
    3.96
    3.96
    3.96
    3.99
    3.99
    3.99
    3.99
    3.99
    3.57
    3.37
    3.37
    3.37
    3.37
    3.37
    4.81
    5.72
    5.72
    5.72
    5.72
    5.69
    5.69
    5.32
    3.37
    3.37
    3.37
    3.37
    3.37
    5.24
    3.79
    3.37
    3.37
    3.37
    3.37
    3.37
    3.37
    3.37
    3.37
    3.37
    3.37
    3.37
    3.34
    3.34
    3.34
    3.34
    3.37
    3.37
    3.37
    3.34
    3.34
    3.34
    3.34
    3.77
    3.40
    3.40
    3.96
    3.96
    3.96
    3.96
    3.60
    3.34
    3.62
    3.96
    3.96
    2.86
    2.07
    2.18
    2.07
    2.07
    2.07
    2.10
    2.07
    2.10
    2.07
    2.92
    3.34
    3.37
    3.34
    3.34
    3.37
    3.34
    3.34
    3.34
    3.34
    3.34
    3.34
    3.34
    3.34
    3.34
    3.34
    3.34
    3.34
    3.34
    3.34
   10.45
   15.97
   15.89
   15.80
   15.74
   15.66
   15.57
   15.49
   14.22
   15.46
   15.46
   15.40
   15.35
   17.81
   19.34
   19.20
   19.03
   18.89
   18.72
    9.32
    6.74
   14.70
   14.64
   14.58
   14.53
   14.47
   19.34
   21.27
   20.16
   19.96
   19.74
   19.51
   11.67
   18.89
   18.89
   18.83
   18.77
   28.40
   37.86
   37.10
   38.06
   38.00
   36.70
   35.00
   34.24
   32.99
   31.46
   30.04
   29.08
   28.35
   27.27
   24.32
   22.91
   22.51
   11.86
    6.09
    6.09
    8.69
   10.36
   10.36
   13.03
   32.62
   43.38
   43.44
   42.22
   40.61
   38.37
   37.46
   37.21
   35.45
   33.56
   33.90
   34.15
   32.93
   31.38
   29.79
   28.20
   27.04
   27.30
   27.27
   26.36
   25.49
   24.58
   19.03
   14.47
   14.44
   19.91
   24.38
   24.04
   23.53
   31.80
   38.91
   38.31
   31.43
   25.51
   24.64
   23.90
   23.76
   24.83
   24.95
   23.42
   22.48
   22.40
   22.20
   17.39
   12.40
    8.10
    6.54
    6.54
    6.57
    6.57
    6.57
    6.57
    6.57
    6.57
    6.63
    6.63
    7.25
    7.62
    7.65
    7.65
    8.83
   11.72
   11.81
   31.35
   43.95
   43.78
   51.93
   54.76
   52.27
   49.72
   47.20
   44.85
   42.65
   32.88
   28.88
   39.30
   37.32
   26.70
   21.27
   34.12
   35.00
   34.72
   34.21
   33.47
   13.88
    3.34
    4.76
    2.24
    1.10
    1.22
    1.22
    1.22
    1.22
    1.22
    1.22
    1.22
    1.22
    1.22
    1.22
    1.22
    1.22
    1.22
    1.22
    1.22
    1.22
    1.22
    1.22
    1.36
    1.22
    1.22
    1.22
    1.25
    1.25
    1.25
    1.25
    1.25
    1.25
    1.25
    1.25
    1.25
    1.25
    1.25
    1.27
    1.27
   14.95
   34.97
   39.47
   27.55
   11.44
   11.44
    5.89
    2.58
    2.61
    2.18
    1.27
    3.17
    3.06
    2.29
    2.27
    2.27
    2.27
    3.88
    5.04
    5.04
    5.89
    6.51
    6.51
    6.51
    9.60
   11.81
    9.91
    6.91
   10.51
   29.34
   39.93
   42.19
   41.46
   40.86
   22.96
   10.34
   10.34
   29.76
   54.93
   59.95
   39.16
   31.23
   35.54
   35.20
   17.30
    7.22
    7.28
    7.28
    7.31
    7.25
    8.75
   10.42
   10.45
   10.42
   10.39
    8.33
    6.26
    6.26
    8.81
   10.42
   10.42
    7.14
    4.84
    4.84
    4.81
    3.68
    1.93
    1.27
    2.97
    4.59
    4.59
    4.59
    3.79
    2.78
    2.75
    2.75
    3.14
    3.37
    3.40
    3.37
    3.37
    3.43
    7.22
    6.71
    4.02
    3.99
    3.99
    3.99
    3.65
    3.37
    3.99
    4.36
    4.33
    4.02
    3.65
    3.37
    3.77
    4.36
    4.33
    4.30
    4.30
    3.94
    3.48
    3.34
    3.34
    3.34
    3.34
    2.97
    4.30
    3.71
    3.71
    3.71
    3.71
    3.71
    3.71
    3.71
    3.54
    3.45
    3.45
    3.45
    3.45
    3.68
    3.94
    3.94
    3.94
    3.94
    3.94
    3.94
    3.94
    3.94
    3.94
    3.94
    3.91
    3.91
    3.91
    3.91
    3.91
    3.91
    3.91
    3.91
    3.91
    3.91
    3.91
    3.91
    3.91
    9.34
    5.97
    2.27
    7.39
    7.39
    3.96
    3.96
    3.96
    3.96
    3.96
    3.96
    3.96
    3.96
    3.94
    3.94
    3.94
    3.94
    3.94
    3.94
    3.94
    3.94
    3.94
    3.94
    3.94
    3.94
    3.94
    8.07
   10.14
   10.11
   10.11
   10.11
   10.11
   10.11
   22.46
   40.41
   39.30
   21.97
    9.88
    9.88
    9.85
    9.94
    9.83
    9.83
    9.80
    9.80
    9.80
   11.36
   12.09
   12.03
   11.84
   11.72
   11.64
   11.50
   11.33
   11.04
   10.87
   10.70
   10.53
   10.56
   10.59
   14.70
   18.52
   18.35
   18.15
   17.98
   17.78
   17.58
   10.11
    6.00
    6.00
    6.03
    9.97
   13.96
   13.90
   11.02
    9.51
    9.51
    9.51
    9.51
    9.49
    9.49
    5.97
    3.65
    3.65
    3.65
    3.65
    3.65
    3.65
    3.65
    3.65
    3.65
    3.65
    3.65
    3.65
    3.68
   10.70
   14.24
   14.07
   13.85
    9.32
    6.71
    6.68
    4.70
    3.62
   12.77
   35.57
   52.10
   52.67
   50.12
   47.94
   45.93
   43.52
   41.63
   41.74
   41.46
   39.62
   37.63
   35.71
   33.84
   31.94
   30.50
   29.17
   28.09
   26.87
   17.27
   11.38
   11.36
   11.36
   11.33
   11.33
   11.24
   11.33
   22.43
   32.71
   32.31
   31.40
   30.41
   29.53
   27.27
   26.50
   25.57
   21.49
   17.67
   17.08
   16.62
   20.05
   24.15
   24.18
   13.96
    9.49
    9.49
    9.49
    9.51
   13.90
   16.59
   16.62
   16.65
   16.59
   16.51
   16.40
    7.05
    2.27
    3.88
    5.72
    5.83
   16.00
   22.40
   22.40
   23.39
   25.77
   30.19
   29.73
   29.25
   28.74
   12.12
    4.39
   27.89
   43.78
   43.04
   41.57
   27.84
   19.28
   19.17
   10.36
    3.23
    3.23
    3.23
    3.09
    1.47
    1.61
    1.64
   22.23
   41.40
   40.72
   39.93
   39.05
   39.16
   20.59
    2.92
    2.92
    1.93
    1.25
    3.91
    8.50
   29.14
   43.52
   43.72
   43.75
   43.01
   20.70
    5.10
    5.10
    5.13
    5.13
    5.13
   12.49
    7.65
    1.27
    6.88
   10.99
   13.79
    9.15
    3.82
    3.82
    3.88
   15.43
   23.70
   23.50
   12.54
    5.15
    3.60
    2.75
    2.75
    2.75
    2.75
    2.75
    2.75
    2.75
    2.75
    2.75
    2.75
    2.75
    2.75
    6.29
    8.58
    5.64
    2.83
    2.75
    2.75
    2.75
    2.75
    2.75
    2.75
   16.08
   25.60
   25.46
   13.56
    5.15
    7.56
   15.69
   18.66
   18.58
   18.52
    8.83
    3.62
    2.46
    1.67
    2.35
    3.37
    3.37
    4.13
    4.62
    4.05
    3.74
    3.74
    3.74
    3.74
    3.74
    3.74
    3.74
    3.74
    3.74
    3.74
    3.77
    7.08
   10.39
   11.92
   12.69
    7.45
    3.74
    3.74
    3.74
    3.74
    3.74
    3.74
    3.74
    3.74
    3.74
    3.74
    3.74
    3.74
    3.74
    3.74
    3.74
    3.74
    3.74
    3.74
    8.98
   15.89
   13.93
   12.80
   12.80
   12.80
   12.77
   12.74
   12.74
   10.31
    8.55
    8.55
    5.24
    3.37
    3.37
    3.37
    3.37
    3.37
   15.06
   58.70
   27.10
    3.43
   21.04
   33.10
   32.65
   32.22
   19.34
    6.09
    3.99
    3.99
    3.99
    3.96
    3.96
    3.82
    3.74
    3.74
    3.74
    3.74
    3.74
    3.74
    3.74
    3.74
    3.71
    3.71
    3.71
    3.71
    3.71
    3.71
    3.71
    3.71
    3.71
    3.71
    3.71
    3.71
    3.71
    3.71
    3.71
    4.08
    4.30
    4.30
    4.30
    4.28
    4.28
    4.28
    4.28
    4.28
    4.28
    4.28
    4.28
    4.28
    4.28
    4.28
    4.28
    4.28
    4.28
    4.28
    4.25
    4.25
    4.25
    4.25
    4.25
    4.25
    4.25
    4.33
    4.42
    4.39
    4.39
    4.36
    4.36
    4.33
    4.33
    4.33
    4.30
    4.30
    4.28
    4.28
    6.20
    7.11
    7.05
    7.02
    9.77
   11.10
   11.02
   10.93
   10.85
   10.79
   10.68
   10.59
   10.51
   10.39
   10.31
   10.22
   10.11
   10.02
    9.94
    9.85
    9.74
    9.66
    9.54
    9.46
    9.37
    9.26
    9.17
    9.06
    7.87
    7.11
    7.11
    7.14
    5.07
    3.99
    3.99
    4.81
    5.75
    8.81
   10.42
   10.42
   10.42
   10.59
   22.80
   29.70
   28.80
   26.96
   15.97
   10.45
   10.42
   10.42
   10.39
   10.34
   10.31
   10.34
   10.42
   10.42
   10.45
   16.48
   24.18
   25.68
   24.66
   23.96
   23.53
   18.38
   10.31
   10.31
   10.31
   10.31
   12.91
   27.67
   27.24
   26.50
   25.74
   25.63
   27.10
   27.35
   26.84
   27.84
   29.36
   28.94
   28.26
   25.09
   10.85
   42.39
   62.95
   61.33
   58.90
   55.67
   52.81
   50.52
   50.38
   50.77
   49.67
   47.83
   35.40
   24.04
   23.36
   18.21
   10.28
   10.31
   10.34
   10.36
   10.39
   10.45
   10.48
   10.48
   18.72
   24.04
   16.82
   10.42
   10.42
   10.42
   10.42
   10.39
   10.39
    8.69
    6.60
    6.60
    8.66
   18.43
   29.25
   29.22
   29.14
   28.85
   28.57
   28.29
   27.89
   17.39
   10.53
   10.59
   10.56
   15.89
   34.46
   37.07
   37.27
   36.53
   35.31
   19.79
   10.85
   10.79
   10.87
   10.87
   10.87
   10.87
    7.14
    2.27
    2.27
    2.27
    2.27
    2.27
    2.29
    2.29
    2.29
    2.29
    1.61
    1.19
    1.22
    1.22
    1.22
    1.22
    1.22
    1.22
    1.22
    1.22
    1.22
    1.22
    1.22
    1.22
    1.22
    1.22
    1.22
    1.22
    1.22
    1.25
    1.25
    1.25
    1.25
    1.25
    1.25
    1.25
    1.25
    1.25
    1.25
    1.25
    1.25
   23.30
   45.90
   45.34
   44.49
   20.81
    4.22
    4.22
    4.22
    4.22
    4.22
    4.22
    4.22
    4.22
    4.22
    4.22
    3.11
    2.61
    2.61
    2.61
    2.61
    2.61
    2.61
    2.61
    2.61
    2.61
    2.61
    2.61
    2.61
    2.61
    2.78
    2.86
    2.86
    2.86
    2.86
    2.86
    3.17
    3.37
    3.37
    3.20
    3.00
    4.25
    5.15
    3.94
    3.37
    3.37
    3.37
    3.37
    3.37
    3.60
    3.74
    7.93
   18.72
   18.69
   18.86
  119.13
   83.05
   56.29
   53.15
   28.77
   19.54
   19.45
   10.00
    4.08
    3.99
    3.99
    3.99
   10.79
   21.80
   23.98
   23.90
   23.76
   19.45
   10.39
   10.36
   10.36
   10.36
    7.05
    5.10
    4.70
    4.70
    4.67
    4.67
    4.39
    3.96
    4.30
    3.96
    3.96
    3.79
    3.60
    3.60
    3.68
    3.60
    3.77
    3.85
    3.85
    3.85
    3.88
    3.82
    3.82
    3.82
    3.82
    3.82
    3.82
    3.82
    3.82
    4.08
    4.30
    4.28
    4.28
    4.28
    4.13
    4.05
    4.05
    4.05
    4.05
    4.05
    4.02
    4.19
    4.28
    4.25
    4.25
    4.25
    4.25
    4.25
    4.25
    4.25
    4.25
    4.25
    4.25
    4.25
    4.22
    4.22
    4.22
    4.22
    4.22
    4.22
    4.22
    4.22
    4.22
    4.22
    4.22
    4.19
    4.19
    4.19
    4.19
    4.19
    4.19
    4.19
    4.19
    4.19
    4.19
    4.19
    4.16
    4.16
    4.16
    4.16
    4.16
    4.16
    4.16
    4.36
    4.50
    4.50
    4.47
    4.47
    4.47
    4.47
    4.47
    4.47
    4.47
    4.47
    4.45
    4.45
    4.45
    4.45
    4.45
    4.45
    4.45
    4.45
    4.45
    4.42
    4.45
    4.45
    4.45
    4.45
    4.45
    4.45
    4.45
    4.45
    4.42
    4.42
    4.42
    4.42
    4.42
    4.42
    5.13
    6.31
    6.31
    6.29
    6.29
    6.29
    4.76
    4.39
    4.39
    4.36
    4.36
    4.36
    4.36
    4.36
    4.36
    4.36
    4.36
    4.36
    4.33
    4.33
    3.91
    3.45
    3.45
    3.45
    5.66
    7.50
    7.50
    7.50
    7.50
    7.50
    7.48
    7.48
    7.48
    7.45
    5.32
    3.65
    3.65
    3.65
    3.65
    3.65
    3.65
    3.26
    2.75
    3.03
    3.20
    3.20
    3.17
    3.20
    2.97
    2.86
    4.28
    5.69
    3.88
    2.86
    2.86
    6.60
    8.55
    4.42
    3.03
    3.43
    3.43
    3.43
    3.43
    2.97
    2.75
    2.75
    2.75
    2.75
    2.75
    2.75
    2.75
    2.75
    2.75
    2.75
    2.75
    2.75
    2.61
    2.41
    2.41
    2.41
    2.41
    2.38
    2.38
    2.38
    2.38
    2.38
    2.38
    2.38
    2.38
    2.38
    1.73
    1.42
    1.42
    1.42
    2.32
    2.89
    2.89
    2.89
    4.36
    5.10
    5.10
    5.10
    5.10
    5.10
    4.45
    3.26
    2.80
    2.80
    2.80
    2.80
    2.80
    1.90
    1.44
    1.44
    1.44
    2.21
    2.58
    2.58
    1.90
    1.47
    1.47
    1.47
    1.47
    1.47
    8.52
   44.88
   55.90
   54.45
   52.47
   36.50
   27.21
   26.96
   26.70
   26.48
   12.52
    2.89
    2.04
    1.50
    4.96
   27.92
   50.35
   57.17
   55.59
   46.41
   41.20
   36.87
    1.13
    1.13
    1.10
    2.12
    7.19
   10.31
   10.34
   10.36
    5.38
    2.80
    6.54
    6.57
    6.60
    6.60
   16.65
   27.98
   37.21
   42.02
   31.63
   24.44
   24.32
   13.42
    5.72
    5.72
   17.22
   11.24
    4.22
    4.22
    3.43
    2.89
    2.94
    2.89
    3.00
    3.00
    3.00
    2.89
    2.92
    2.94
    2.89
    2.89
    2.89
    2.89
    2.92
    2.89
    2.89
    2.89
    2.89
    2.89
    2.89
    2.89
    3.40
    3.77
    3.77
    3.77
    3.77
    3.77
    3.77
    3.77
    3.77
    3.77
    3.74
    3.74
    3.79
    3.88
    3.88
    3.94
    3.99
    3.99
    3.99
    3.99
    3.43
    2.89
    2.86
    3.31
    7.62
   10.45
   10.45
   10.48
   10.48
   10.48
   10.48
   10.45
   10.45
   10.45
    6.37
    4.25
    4.25
    4.25
    4.25
    4.25
    6.48
    4.25
    4.25
    4.25
    4.25
    4.25
    4.25
    4.25
    4.25
    4.47
    4.59
    4.59
    4.59
    4.59
    4.59
    4.59
    4.56
    4.56
    4.56
    4.64
    4.67
    4.67
    4.67
    4.67
    4.36
    4.19
    4.19
    4.30
    4.56
    4.56
    4.62
    3.45
    3.74
    4.08
    4.25
    4.53
    4.70
    4.76
    4.76
    4.76
    4.90
    4.98
    4.98
    4.98
    4.96
    4.96
    4.96
    4.96
    4.96
    4.96
    4.96
    4.96
    4.93
    4.87
    4.96
    4.93
    4.93
    4.93
    4.67
    4.67
    4.39
    4.28
    4.28
    4.25
    4.25
    4.25
    4.25
    4.22
    4.22
    4.19
    4.19
    4.19
    5.07
    4.33
    4.84
    4.42
    4.39
    4.39
    4.42
    4.42
    4.42
    4.42
    4.42
    6.46
    4.39
    4.39
    4.36
    4.36
    4.33
    4.33
    4.33
    4.30
    4.30
    4.28
    4.28
    4.28
    4.25
    4.25
    4.22
    4.22
    4.22
    4.19
    4.19
    4.19
    4.16
    4.16
    4.16
    4.13
    4.13
    4.13
    4.11
    4.11
    4.08
    4.08
    4.08
    4.05
    4.05
    4.05
    4.02
    4.02
    4.02
    3.99
    3.99
    4.05
    4.02
    4.02
    4.02
    6.00
    7.16
    7.14
    7.11
    7.08
    7.02
    6.99
    6.94
    6.88
    6.85
    6.80
    6.77
    7.53
    8.50
    8.44
    8.38
    6.14
    4.79
    4.76
    4.76
    4.73
    4.73
    4.70
    4.67
    3.37
    2.75
    2.75
    2.75
    2.72
    2.72
    2.72
    3.99
    4.70
    6.94
   10.45
   23.08
   24.58
   24.18
   23.76
   23.30
   22.80
   22.29
   21.78
   20.90
   19.91
   18.97
   18.04
   17.27
   11.61
    8.64
    5.32
    3.34
    3.23
    3.34
    3.34
    3.34
    3.23
    3.11
    2.63
    2.38
    2.41
    2.41
    2.41
    2.41
    2.41
    2.41
    9.51
   18.07
   23.16
   23.62
   34.15
   43.32
   41.00
   26.93
   16.65
   16.03
   15.38
   14.81
   13.85
   14.13
    9.00
    5.18
    5.18
    5.21
    5.18
    5.07
    4.13
    3.54
    3.54
    8.55
    9.15
    9.17
    8.18
   14.64
   19.60
   20.16
    1.25
   33.95
   59.61
   57.14
   48.05
   56.27
   56.10
   55.36
   58.96
   64.65
   63.51
   62.07
   60.68
   59.10
   57.57
   55.39
   26.28
    5.18
    6.20
    6.20
    4.42
    2.58
    1.30
    1.30
    1.30
    1.30
    4.02
    2.69
    1.44
    1.44
    1.44
    6.17
   20.93
   22.71
   22.63
   22.48
   22.31
    8.86
    1.98
    1.33
    1.33
    1.33
    1.36
    1.36
    1.36
    1.36
    1.36
    1.36
    1.36
    1.36
    1.36
    1.36
    1.36
    1.36
    1.36
    1.36
    1.36
    1.36
    1.50
    1.50
    1.39
    1.39
    1.39
    1.39
    1.39
    1.39
    1.39
    1.39
    1.39
    1.39
    1.39
    1.39
    1.39
    1.39
    1.53
    1.61
    2.04
    2.32
    2.32
    2.41
    2.18
    1.42
    1.42
    2.01
    2.35
    2.35
    2.35
    2.35
    2.35
    2.46
    2.35
    2.35
    2.35
    2.35
    2.35
    2.35
    2.35
    2.35
    2.35
    2.35
    2.35
    2.35
    2.35
    2.35
    2.35
    2.35
    2.35
    3.62
    2.92
    2.35
    2.35
    2.35
    2.35
    2.35
    2.35
    2.35
    2.35
    2.35
    2.35
    2.35
    2.35
    2.35
    2.35
    2.63
    2.86
    2.86
    2.86
    2.86
    2.86
    3.11
    3.11
    2.72
    2.72
    2.72
    8.13
    2.78
    3.34
    3.34
    1.50
    1.42
    1.42
    2.10
    2.86
    2.18
    1.42
    1.42
    1.42
    2.18
    3.51
    3.34
    3.34
    3.34
    3.51
    3.96
    3.96
    3.96
    3.96
    3.94
    3.94
    3.68
    3.60
    3.60
    3.60
    3.57
    3.57
    3.57
    3.57
    3.57
    3.57
    3.31
    3.20
    3.28
    3.45
    3.45
    3.45
    2.92
    2.83
    1.78
    1.42
    1.42
    1.42
    2.29
    2.61
    2.61
    2.78
    3.03
    3.37
    3.45
    3.45
    3.45
    3.45
    3.62
    3.71
    3.71
    3.71
    3.71
    3.54
    3.45
    3.45
    3.45
    3.45
    3.54
    4.05
    4.05
    4.05
    4.05
    4.05
    4.05
    4.05
    4.05
    4.02
    4.02
    4.08
    4.39
    4.19
    3.68
    3.91
    4.02
    4.02
    4.02
    4.02
    4.02
    4.02
    4.02
    4.02
    4.02
    4.02
    4.02
    4.02
    4.02
    4.02
    4.02
    4.02
    4.02
    3.99
    3.96
    3.99
    4.19
    4.22
    4.25
    4.28
    4.28
    4.28
    4.28
    4.25
    4.25
    4.25
    4.25
    4.25
    4.25
    9.63
   10.14
   10.11
   10.11
   10.08
   10.08
   10.05
   10.05
   10.02
   10.02
   10.00
    9.97
    9.97
    9.94
    9.94
    9.91
    9.91
    9.88
    9.85
    9.85
    9.83
    9.83
    9.80
    9.77
    9.77
    9.74
    9.74
    9.71
    9.71
    9.68
    9.68
   10.93
   20.44
   19.14
   22.29
   24.27
   14.41
    9.54
    9.51
    9.51
    8.89
    3.65
    3.65
    3.65
    3.65
    6.31
   11.38
   14.81
   22.00
   24.24
   25.37
   26.02
   25.43
   24.98
   25.49
   16.71
   11.36
   11.36
   11.33
   11.33
   11.36
   11.36
   11.36
   11.36
   11.33
   11.30
    7.08
    4.36
    3.74
    3.91
    6.17
    5.10
    4.59
    4.62
    4.62
    4.62
    3.23
    2.15
    2.15
    2.15
    2.15
    2.61
    2.86
    2.86
    2.86
    2.86
    4.76
   18.01
   26.25
   25.51
   23.76
  137.17
  153.08
  145.01
  134.17
  124.23
  114.82
  105.48
   95.71
   54.85
   24.92
   24.18
   10.59
   10.34
   10.34
   10.34
   10.36
   10.36
   10.36
   10.36
   10.36
   10.36
   10.36
    6.00
    3.65
    3.71
    3.71
    3.71
    3.77
    3.74
    3.65
    2.83
    2.75
    2.75
    2.75
    1.67
    1.56
    1.56
    1.56
    1.56
    1.56
    1.56
    1.56
    1.56
    1.56
    1.56
    1.56
    1.56
    1.56
    1.33
    1.30
    1.33
    1.33
   23.76
   64.08
   95.29
  100.92
   78.10
   53.92
   50.89
   47.94
   45.25
   40.86
   29.14
   23.70
    9.20
   18.01
   41.63
   64.99
   62.98
   59.49
   28.03
   26.96
   26.73
   26.53
   26.31
    6.26
    1.39
    1.39
    1.39
    1.39
    1.39
    1.39
    1.39
    1.39
    1.39
    1.39
    1.39
    1.39
    1.42
    1.42
    1.42
    1.42
    1.42
    1.42
    1.42
    1.53
    1.67
    3.09
    1.78
    7.93
   41.17
   61.02
   62.30
   29.11
   12.91
   10.34
    7.42
    5.66
    5.69
    5.69
    5.69
    5.69
    5.69
    5.69
   12.88
    2.12
    1.42
    1.47
    4.33
    4.33
    2.35
    1.42
    1.42
    2.35
    2.89
    8.24
    4.22
    3.99
    3.99
    3.96
    3.96
    3.96
    3.99
    2.49
    1.42
    3.26
    3.99
    3.96
    3.99
    3.99
    3.99
    3.96
    3.99
    3.99
    3.99
    3.96
    3.96
    3.99
    4.11
    4.11
    7.19
    4.11
    4.08
    4.08
    4.08
    4.08
    4.13
    4.08
    4.08
    4.05
    4.05
    3.96
    3.96
    4.11
    4.19
    4.19
    4.19
    4.19
    4.19
    4.47
    4.19
    4.02
    3.94
    4.22
    3.96
    4.13
    4.25
    4.28
    4.28
    4.28
    4.28
    3.99
    4.11
    4.25
    4.16
    4.16
    4.19
    4.28
    4.42
    4.25
    4.30
    4.36
    4.36
    4.36
    4.45
    4.50
    4.30
    4.42
    4.45
    7.11
    4.45
    4.36
    4.45
    4.36
    4.16
    4.02
    3.94
    3.54
    3.40
    3.40
    3.65
    3.74
    3.74
    3.74
    3.74
    3.20
    3.37
    3.74
    3.74
    3.74
    3.74
    3.82
    3.96
    3.96
    4.13
    4.19
    4.16
    4.16
    4.16
    4.16
    4.16
    4.16
    4.16
    4.16
    4.16
    4.16
    4.16
    4.13
    3.99
    3.91
    3.91
    3.91
    3.60
    3.45
    3.45
    3.45
    6.12
    7.11
    7.11
    8.95
    5.75
    4.28
    4.28
    4.02
    3.94
    3.91
    3.94
    3.94
    3.94
    3.94
    3.94
    3.94
    3.94
    3.94
    3.94
    3.94
    3.94
    3.94
    3.91
    3.94
    3.94
    3.94
    3.94
    3.94
    3.91
    3.91
    4.08
    3.91
    3.91
    5.95
    7.08
    7.05
    7.05
    9.57
    9.85
   14.41
   35.48
   23.02
    9.83
    9.80
    9.80
   43.10
   34.15
   18.04
    9.97
    9.83
    9.83
   14.16
   14.61
   14.55
   14.47
   12.60
   14.33
   14.24
   14.16
   14.07
    7.11
    7.39
    9.60
    4.76
    4.76
    4.76
    4.76
    4.76
    4.76
    6.88
   18.32
   25.63
   25.20
   24.78
   24.58
   28.91
   43.61
   51.11
   49.61
   38.45
   36.67
   24.61
   20.22
   20.73
   17.75
   22.57
   12.63
    9.46
   19.14
   28.03
   27.89
   27.10
   26.19
   25.20
   24.18
   23.22
   11.10
    9.46
    9.46
    8.75
    5.75
    7.11
    7.11
    7.11
    7.11
    3.20
    3.20
    3.20
    3.57
    3.51
    3.96
    3.96
    3.96
    3.88
    3.85
    2.27
    1.42
    2.61
    3.09
    3.09
    3.09
    3.09
    3.09
    3.09
    4.22
   11.30
   20.42
   22.77
   23.42
   23.08
   12.77
   19.96
   24.44
   23.90
   23.39
   22.71
   22.03
   14.78
    4.11
    3.20
   14.19
   15.18
   40.46
   68.87
   76.34
   80.42
   81.61
   77.84
   79.26
   82.91
   79.97
   75.83
   71.39
   67.62
   65.70
   62.89
   59.78
   28.74
    9.57
    9.57
    4.22
    1.44
    1.44
    1.44
    1.44
    1.44
    1.44
    2.01
    2.32
    2.32
    2.32
    2.32
    2.32
    2.32
    6.29
    8.52
    8.52
    8.52
    8.52
    8.52
    4.50
    2.41
    1.47
    1.47
    1.47
    1.47
    1.47
    1.47
    1.47
    1.50
    1.50
    1.44
   10.56
   15.91
   15.94
   15.94
   12.01
   10.11
   10.11
   10.11
    6.54
    4.36
    1.67
    1.39
    1.44
    1.39
    1.39
    1.39
    1.39
    1.39
    1.39
    1.39
    1.39
    1.39
    1.39
    1.39
    1.39
    1.39
    1.39
    1.39
    1.39
  168.40
  444.60
  265.13
   58.25
   34.09
   22.17
   17.41
   17.41
   17.39
   17.33
   12.26
    3.88
    7.33
   10.36
   10.36
   10.39
   10.42
   21.72
   30.02
   10.36
   10.36
   10.34
    1.50
    1.59
    2.21
    2.24
    2.24
    7.25
   10.36
   10.36
    6.14
    3.48
    3.51
    3.51
    3.51
    3.51
    3.51
    9.09
    9.94
    7.11
    3.48
    3.48
    2.12
    1.42
    1.42
    2.35
    2.35
    2.35
    2.49
    2.86
    3.37
    3.62
    3.74
    3.17
    2.86
    3.23
   16.00
    5.97
    3.37
    3.37
    3.37
    3.37
    3.37
    3.37
    3.37
    3.37
    4.56
    5.15
    4.02
    3.37
    3.37
    3.37
    3.37
    3.37
    3.37
    3.37
    3.57
    3.62
    7.87
   10.39
   10.39
    3.65
    3.88
    4.36
    9.68
   10.36
    6.51
    3.94
    3.74
    6.77
    7.99
   10.36
    5.35
    3.74
    3.74
    3.74
    3.74
    3.91
    3.99
    3.99
    3.99
    3.96
    3.96
    3.96
    3.96
    3.99
    3.96
    4.13
    4.33
    4.08
    3.96
    4.19
    4.33
    4.33
    4.30
    4.30
    4.30
    4.30
    4.30
    4.30
    4.30
    4.30
    3.94
    3.71
    3.79
    4.19
    4.19
    3.94
    4.05
    4.30
    4.30
    4.30
    4.28
    4.28
    4.28
    4.28
    4.28
    4.28
    4.28
    4.28
    4.30
    4.30
    4.30
    4.33
    4.30
    4.30
    4.30
    4.30
    4.30
    4.30
    4.30
    4.30
    4.30
    4.30
    4.30
    4.28
    4.28
    4.28
    4.28
    4.28
    4.28
    4.28
    4.28
    4.28
    4.28
    4.28
    4.28
    4.28
    4.28
    4.28
    4.25
    4.25
    4.25
    4.42
    9.49
   10.14
   10.11
   10.11
   10.08
   10.05
   10.05
   11.89
   12.83
   12.77
   12.74
   12.69
   12.63
   12.60
   10.79
    9.88
    9.85
    9.83
    9.83
    9.80
    9.80
   16.20
   19.68
   22.96
   19.51
   19.34
   19.17
   18.94
   18.75
   12.69
   15.49
   18.32
   18.41
   18.63
   18.55
   18.41
   18.21
   16.37
   16.20
   10.93
    7.82
    7.82
    7.82
    7.82
    7.82
    8.83
    9.49
    9.49
    9.49
    9.49
    9.49
    9.49
    9.51
    9.51
    9.51
    9.51
    9.51
    9.49
    9.51
    9.51
    9.51
    9.49
    9.49
   14.24
   16.62
   16.71
   16.65
   11.67
    9.49
    9.49
    9.49
    9.51
   14.87
   17.87
   17.73
   17.58
    7.67
    3.77
    6.09
    8.75
    9.43
    9.43
    4.70
    4.28
    4.28
    5.55
    5.66
    5.66
    5.66
    5.66
   11.19
   18.21
   19.82
   14.10
    9.43
    9.43
    7.90
    7.08
    7.33
    8.21
    3.74
    9.37
   49.98
   74.28
   77.79
   79.94
   78.04
   78.69
   77.73
   61.84
   51.08
   49.81
   48.70
   36.61
   25.23
   25.06
   24.72
   24.21
   23.47
   22.71
   13.90
    9.43
    9.43
    9.43
    9.43
    3.51
    6.00
   15.49
   22.74
   22.74
   22.68
   53.52
   75.72
   74.02
   71.90
   46.18
   25.15
   12.32
    1.98
    1.19
    1.19
    1.19
    1.19
    1.19
    1.19
    1.19
    1.19
    1.19
    1.19
    1.19
    1.19
    1.22
    1.22
    1.22
    1.22
    1.22
    1.22
    1.22
    1.22
    1.22
    1.16
    1.22
    1.50
    1.61
    1.61
    1.44
    1.36
    1.36
    1.36
    6.71
   17.64
   14.47
   10.19
   10.19
   10.19
    5.52
    3.20
    3.20
    3.20
    3.20
    3.20
    3.20
    3.23
    1.64
    1.13
    1.16
    1.13
    6.12
    9.09
    9.09
    5.21
    3.37
    3.37
    3.37
    3.37
    3.37
    3.37
    3.37
    3.37
    9.71
   10.36
   10.34
   10.34
    2.29
    2.21
    2.21
    2.21
    2.21
    2.21
    2.21
    2.21
    2.21
    2.21
    2.21
    2.66
    2.86
    2.86
    9.66
    4.73
    2.86
    2.86
    2.89
    2.86
    2.86
    2.86
    2.86
    3.23
    3.37
    3.37
    3.51
    4.19
   12.83
   26.42
    6.80
    4.33
    4.33
    4.33
    4.33
    4.33
    4.33
    9.60
   21.44
   29.34
   51.34
   66.60
   64.42
   44.57
   22.37
   10.39
   10.39
   10.42
   13.82
   26.56
   27.30
   34.77
   39.05
   38.62
   38.06
    7.59
    4.84
   26.59
   37.35
   27.24
   27.07
   26.84
   15.60
    8.27
    5.44
    3.28
    2.61
    2.61
    3.06
    3.11
    3.11
    3.11
    3.11
    3.11
    3.74
    3.45
    3.37
    3.37
    3.54
    3.62
    3.62
    3.60
    3.60
    3.60
    3.82
    3.96
    3.96
    3.96
    3.96
    3.96
    3.96
    3.79
    3.71
    3.94
    3.96
    3.96
    3.96
    3.96
    4.96
    3.88
    3.37
    5.52
    4.93
    3.71
    4.98
    3.71
    3.71
    3.71
    3.71
    3.71
    3.71
   11.78
   32.51
   25.71
    5.69
    3.31
    3.31
    3.34
    3.57
    3.57
    3.54
   37.35
   41.43
    5.83
    3.17
    3.17
    3.17
    3.17
    3.17
    3.17
    3.17
    3.17
    3.17
    3.17
    3.17
    3.17
    3.17
    3.17
    3.17
    3.65
    3.65
    3.65
    3.65
    3.65
    3.65
    3.99
    4.11
    4.11
    4.11
    4.11
    4.11
    4.11
    4.11
    4.11
    4.11
   27.52
   56.46
   24.69
   10.02
   10.02
   10.02
    8.16
    6.77
    6.77
    6.77
    6.77
    6.77
    6.77
    9.09
    9.94
   13.96
   18.26
   18.12
   17.98
   17.84
   17.67
   17.50
   17.33
    8.86
    7.39
    9.71
    9.71
    9.71
    9.68
    9.68
    9.68
    9.66
    9.66
    9.63
    9.63
    9.63
    9.68
   29.96
   30.30
   29.08
   27.89
   26.73
   26.96
   54.71
   71.33
   68.16
   64.45
   60.80
   48.82
   11.47
   63.29
   72.75
   74.44
   82.06
   80.87
   79.03
   79.46
   77.59
   73.03
   42.45
   14.89
   14.50
   14.07
   13.71
   22.43
   22.71
   23.08
   22.60
   13.14
    9.43
    9.43
    9.43
    6.34
    4.28
    4.28
    8.75
    9.46
    9.43
    9.77
    9.43
    7.59
   15.77
   23.56
   24.66
   24.18
   23.73
   23.33
   23.98
   23.98
   23.45
   17.58
   10.28
    8.30
    6.51
    6.51
    6.54
    6.40
    6.31
    6.00
    5.01
    4.28
    4.28
    5.15
    6.54
    6.54
    6.48
    6.91
   10.34
   10.34
   10.34
   10.34
   10.34
    9.71
    9.46
    9.26
    5.21
    8.13
    9.43
    9.46
    9.49
   12.86
   15.09
   16.17
   16.88
   16.82
   22.09
   28.20
   30.33
   29.59
   28.63
   27.52
   26.42
   25.46
   15.21
    4.39
    1.30
    1.30
    1.30
    1.30
    1.30
    1.30
    1.30
    1.30
    1.30
    1.33
    1.33
    1.33
    1.33
    1.33
    1.33
    1.33
    1.33
    1.33
    1.33
    1.33
    1.33
    1.33
    1.33
    1.33
    1.33
    1.33
    1.33
    1.33
    1.33
    1.33
    1.36
    1.30
    1.36
    1.36
    1.36
   25.66
   41.03
   41.09
   24.92
   16.23
   19.96
   12.54
    4.70
    1.39
    1.39
    1.39
    1.39
    1.39
    1.39
    1.39
    1.39
    1.39
    1.39
    1.39
    1.39
    1.39
    1.39
    1.39
    1.39
    1.42
    1.42
    1.42
    1.42
    1.42
    2.75
    3.37
    3.37
    3.37
    3.37
    3.37
    3.37
    3.37
    3.37
    3.37
    3.37
    3.37
    3.37
    3.37
    3.37
    3.37
    3.37
    3.37
    3.37
    3.37
    3.37
    3.37
    3.37
    3.37
    3.37
    3.37
    3.37
    2.04
    1.42
    1.42
    2.18
    2.86
   26.25
   34.12
   19.40
   11.41
   11.41
    9.74
    3.79
    1.56
    2.83
    2.89
    3.40
    3.40
    3.37
    3.37
    3.48
    3.54
    3.62
    3.62
    3.62
    3.62
    3.62
    3.60
    3.60
    3.60
    3.60
    3.60
    3.60
    3.60
    3.60
    3.60
    3.60
    3.60
    3.60
    3.60
    4.16
    3.51
    3.60
    3.60
    3.60
    3.43
    3.17
    3.03
    2.97
    2.97
    2.97
    2.97
    2.97
    2.97
    3.34
    3.37
    3.48
    3.71
    3.71
    3.71
    3.94
    4.08
    4.08
    4.05
    4.05
    4.42
    4.42
    7.50
    4.30
    4.16
    4.16
    4.16
    4.16
    4.16
    4.16
    4.13
    4.13
    4.30
    4.22
    4.13
    4.13
    4.02
    4.02
    4.08
    3.91
    4.13
    4.13
    4.13
    4.13
    4.13
    4.13
    4.13
    4.13
    4.13
    4.13
    4.13
    4.13
    4.13
    4.13
    4.13
    4.11
    4.11
    4.11
    4.11
    4.11
    4.11
    4.11
    4.11
    4.11
    5.44
    4.11
    4.59
    4.62
    4.11
    4.30
    4.42
    4.42
    3.94
    4.19
    4.08
    4.16
    4.11
    4.08
    4.08
    4.08
    4.30
    4.42
    4.42
    4.39
    4.39
    4.39
    4.39
    4.39
    4.39
    4.50
    4.62
    4.56
    4.59
    4.50
    4.47
    4.47
    4.47
    4.47
    4.47
    4.47
    4.45
    4.45
    4.45
    4.45
    4.45
    4.45
    4.45
    4.45
    4.42
    4.42
    4.42
    4.42
    4.42
    4.42
    4.42
    4.42
    4.42
    4.39
    4.39
    4.39
    4.39
    4.39
    5.04
    8.27
    9.66
    9.71
    6.00
    5.78
    5.78
    5.78
    5.78
    5.78
    5.78
    5.75
    5.75
    8.24
    9.57
    9.54
    9.51
    9.51
    5.61
    3.77
    3.77
    3.79
    3.09
    3.77
    3.17
    2.86
    2.86
    2.78
    2.83
    3.09
   10.19
   11.84
   10.25
    4.30
    4.30
    4.30
    3.11
    3.09
    3.09
    8.47
   10.14
    9.43
    6.40
    2.83
    2.83
    2.83
    2.83
    2.83
    2.83
    2.21
    2.21
    3.96
    2.78
    2.72
    2.72
    2.72
    2.72
    4.16
    4.05
    3.28
    2.86
    8.69
   12.29
   18.38
   23.08
   23.53
   22.91
   16.42
   17.10
   40.07
   55.90
   55.02
   53.80
   31.46
   21.44
   21.32
   26.99
   20.02
    9.43
    9.43
    9.43
   14.16
   14.64
   14.64
   14.58
   14.53
   11.13
    9.43
    5.61
    5.18
    5.18
    7.93
    9.43
    9.43
    3.96
    3.96
    3.96
    3.96
    3.96
    3.96
    7.67
    9.54
    9.54
    9.54
    5.04
    5.04
    5.04
    2.58
    1.42
    1.42
    1.42
    1.42
    1.42
    1.44
    1.44
    1.44
    1.44
    1.44
    1.44
    1.44
    1.44
    1.44
    1.44
    1.44
    6.65
   11.38
    7.79
    6.48
    9.80
    4.62
    1.47
    1.47
    1.50
    2.38
    1.56
    1.47
    1.47
    1.47
    1.50
    1.50
    1.50
    1.50
    4.45
    6.54
   42.22
   51.17
   49.16
   10.65
    4.87
    1.50
    1.50
    1.53
    1.53
    1.53
    1.53
    1.53
    1.53
    1.53
   15.52
   27.01
   15.86
    9.54
    6.46
    4.22
    4.22
    4.22
    4.22
    4.22
    4.22
    4.22
    8.24
    5.64
    2.86
    6.65
    8.55
    4.93
    2.86
   10.34
    5.58
    2.75
    2.75
    2.24
    1.95
    1.95
    1.95
    1.95
    1.95
    7.22
   10.36
   10.36
    5.97
    3.37
    3.37
    3.37
    3.37
    3.37
    3.37
    3.37
    3.37
    3.37
    3.37
    3.37
    3.37
    3.37
    3.37
    3.37
    3.37
    3.37
    3.37
    3.37
    3.37
    3.37
    3.37
    3.37
    3.79
    3.74
    3.74
    3.82
    3.96
    3.96
    3.91
    3.85
    3.77
    3.71
    3.71
    3.71
    3.71
    4.16
    3.96
    4.05
    4.19
    4.13
    5.07
    3.94
    3.94
    3.94
    3.94
    3.96
    3.91
    3.79
    4.90
    4.84
    4.47
    4.22
    4.36
    4.28
    4.25
    4.25
    4.36
    4.47
    4.47
    4.47
    4.33
    4.25
    4.28
    4.25
    4.25
    4.22
    4.22
    4.22
    4.25
    4.45
    4.45
    4.45
    4.45
    4.36
    4.39
    4.42
    4.42
    4.42
    4.42
    7.59
    4.30
    4.30
    4.30
    4.30
    4.33
    4.28
    4.39
    4.33
    4.16
    4.16
    4.16
    4.16
    4.16
    4.22
    4.50
    4.50
    3.96
    4.25
    4.42
    4.28
    4.25
    4.25
    4.25
    4.25
    4.25
    4.33
    4.36
    4.36
    4.33
    4.33
    4.33
    4.33
    4.33
    4.33
    4.33
    4.33
    4.33
    4.30
    4.30
    4.30
    4.30
    4.30
    4.30
    4.30
    4.30
    4.30
    4.30
    4.30
    4.28
    4.28
    4.28
    4.28
    4.28
    4.28
    4.28
    4.28
    4.28
    4.25
    4.25
    4.25
    4.25
    4.25
    4.25
    4.25
    4.25
    4.25
    3.71
    3.45
    3.45
    3.79
    3.91
    3.91
    3.91
    3.88
    3.88
    3.88
    4.05
    3.88
    3.88
    3.88
    3.88
    3.74
    3.40
    3.45
    3.54
    3.54
    3.54
    3.54
    3.54
    3.45
    3.31
    3.31
    3.31
    3.31
    3.34
    7.36
    9.60
    9.60
    9.57
    6.88
    3.45
    3.45
    3.45
    3.45
    3.45
    3.45
    3.45
    7.28
    9.54
    5.44
    3.43
    3.43
    3.43
    3.43
    3.03
    2.86
    2.86
    2.86
    2.86
    2.86
    2.86
    2.86
    2.86
    2.86
    2.86
    2.86
    2.86
    2.86
    2.86
    2.86
    2.86
    4.11
    5.10
    8.21
   10.31
    6.71
    4.25
    3.71
    3.77
    6.17
   10.34
   10.34
   10.28
   10.31
   20.16
   26.96
   25.85
   25.71
   25.20
   24.38
   22.48
    9.15
    6.99
    6.99
    5.83
    5.18
    5.64
    5.18
    3.11
    3.06
    3.09
    7.36
    9.49
    9.49
    9.49
    9.46
    9.46
    9.46
    9.43
    4.79
    3.40
    3.40
    3.17
    2.75
    2.75
    1.78
    1.78
    1.78
    2.01
    1.78
    1.78
    1.78
    1.78
    1.78
    1.78
    1.78
    1.78
    1.78
    1.78
    1.78
    1.78
    1.78
    1.78
    1.78
    1.78
    6.43
    4.16
    1.30
    1.30
   14.44
   29.99
   30.53
   29.56
   22.40
    5.27
    1.76
    1.19
    1.19
    1.19
    1.19
    1.22
    1.22
    1.22
    1.22
    1.22
    1.22
    1.19
    1.19
    1.19
    1.22
    1.19
    1.19
    1.19
    1.19
    1.36
    1.84
    1.95
    1.78
    1.70
    1.70
    1.81
    1.95
    1.95
    1.56
    1.33
    1.33
    1.47
    1.59
    1.67
    1.87
    2.10
    1.47
    1.22
    1.22
    1.22
    1.22
    1.22
    1.22
    1.22
    1.22
    1.22
    1.22
    1.22
    1.22
    1.22
    1.22
    1.22
    1.22
    1.22
    1.22
    1.22
    1.22
    1.22
    1.22
    1.22
    1.22
    1.22
    1.22
    1.47
    1.84
    2.01
    2.01
    2.01
    1.95
    1.76
    1.76
    2.12
    2.12
    2.12
    2.52
    2.52
    2.52
    2.75
    2.89
    2.83
    2.83
    3.00
    3.00
    3.00
    3.00
    3.77
    3.82
    3.88
    3.88
    3.79
    3.94
    4.02
    4.02
    4.16
    3.96
    3.91
    4.05
    4.25
    4.22
    4.22
    4.22
    4.22
    4.22
    4.22
    4.13
    3.99
    3.85
    4.08
    4.11
    4.11
    4.08
    4.08
    4.08
    4.08
    4.08
    4.08
    4.08
    4.08
    4.08
    4.05
    4.19
    4.28
    4.28
    4.28
    4.25
    4.16
    4.13
    4.13
    4.13
    4.13
    4.13
    4.13
    4.08
    4.02
    4.47
    4.56
    4.53
    4.53
    4.53
    4.53
    4.53
    4.25
    4.19
    4.13
    3.82
    3.91
    4.08
    4.08
    4.11
    4.30
    4.25
    4.19
    4.19
    4.28
    4.47
    4.36
    4.36
    4.36
    7.28
    4.45
    4.45
    4.45
    4.45
    4.53
    4.53
    4.53
    4.53
    4.53
    4.50
    4.50
    4.50
    4.45
    4.02
    4.50
    4.45
    4.39
    4.39
    4.39
    4.36
    4.36
    4.28
    4.30
    4.36
    4.36
    4.33
    4.33
    4.33
    4.33
    4.33
    4.33
    4.33
    4.19
    4.11
    4.11
    4.25
    4.30
    4.30
    4.30
    4.28
    4.28
    4.28
    4.42
    4.47
    4.45
    4.45
    4.45
    4.45
    4.45
    4.47
    4.50
    4.47
    4.50
    4.50
    4.50
    4.47
    4.53
    4.59
    4.56
    4.64
    4.64
    4.64
    4.64
    4.64
    4.56
    4.25
    3.99
    3.82
    3.96
    3.94
    3.94
    3.57
    3.37
    3.23
    3.31
    3.65
    3.65
    3.65
    3.60
    3.34
    3.17
    3.20
    3.26
    3.26
    3.17
    3.14
    3.23
    3.26
    3.26
    3.26
    3.26
    3.26
    3.26
    3.26
    3.14
    2.83
    3.06
    3.06
    2.92
    2.89
    2.89
    2.94
    2.46
    2.78
    2.92
    2.44
    1.93
    1.30
    2.66
    3.17
    2.89
    2.89
    2.86
    2.78
    2.80
    2.86
    2.86
    2.86
    2.86
    2.86
    2.86
    2.86
    2.86
    2.27
    2.01
    2.01
    2.18
    2.04
    2.38
    2.44
    2.55
    2.52
    2.52
    2.55
    2.52
    2.52
    2.61
    2.52
    2.52
    2.52
    2.52
    2.52
    2.52
    2.52
    2.52
    2.52
    2.52
    2.52
    2.52
    2.52
    2.21
    2.10
    2.24
    2.21
    2.94
    1.93
    1.47
    1.47
    1.47
    1.47
    1.47
    1.47
    1.47
    1.61
    1.67
    1.67
    1.67
    1.67
    1.76
    1.84
    1.67
    1.36
    1.25
    1.25
    1.25
    1.19
    1.16
    1.16
    1.16
    1.19
    1.19
    1.19
    1.19
    1.19
    1.19
    1.19
    1.19
    1.19
    1.19
    1.19
    1.19
    1.25
    1.30
    1.22
    1.19
    1.19
    1.19
    1.19
    1.19
    1.19
    1.19
    1.19
    1.19
    1.19
    1.19
    1.19
    1.19
    1.19
    1.19
    1.13
    1.19
    1.19
    1.22
    1.19
    1.19
    1.19
    1.19
    1.19
    1.19
    1.19
    1.19
    1.19
    1.19
    1.19
    1.19
    1.16
    1.13
    1.13
    1.13
    1.13
    1.13
    1.13
    1.13
    1.16
    1.16
    1.16
    1.16
    1.16
    1.13
    1.13
    1.16
    1.13
    1.13
    1.13
    1.13
    1.13
    1.13
    1.13
    1.13
    1.13
    1.13
    1.13
    1.13
    1.13
    1.13
    1.13
    1.13
    1.13
    1.13
    1.13
    1.13
    1.13
    1.13
    1.13
    1.13
    1.13
    1.25
    1.42
    1.30
    1.19
    1.13
    1.13
    1.16
    1.16
    1.16
    1.16
    1.16
    1.16
    1.16
    1.16
    1.16
    1.16
    1.16
    1.44
    1.95
    2.07
    2.21
    2.21
    1.50
    1.16
    1.16
    1.16
    2.75
    2.78
    2.55
    2.61
    2.69
    3.03
    3.40
    3.74
    3.74
    3.88
    3.96
    3.96
    4.25
    4.33
    4.33
    4.25
    4.28
    4.33
    4.53
    4.62
    4.53
    4.47
    4.42
    4.36
    4.47
    4.50
    4.47
    4.53
    4.64
    4.73
    4.76
    4.76
    4.73
    4.73
    4.73
    4.73
    4.70
    4.47
    4.62
    4.67
    4.30
    4.11
    3.94
    3.71
    3.79
    4.02
    3.88
    3.82
    3.99
    4.08
    4.08
    4.28
    4.30
    4.30
    4.30
    4.39
    4.25
    4.16
    4.28
    4.11
    4.28
    4.11
    3.88
    3.82
    3.79
    4.16
    4.16
    4.25
    4.45
    4.56
    4.59
    4.70
    4.70
    4.70
    4.62
    4.50
    4.67
    4.56
    4.45
    4.53
    4.59
    4.59
    4.67
    4.73
    4.70
    4.79
    4.64
    2.89
    2.10
    3.71
    4.02
    3.79
    3.54
    3.09
    3.28
    4.53
    4.56
    4.56
    4.42
    4.42
    4.45
    4.33
    4.73
    4.33
    4.36
    4.39
    4.42
    4.45
    4.45
    4.42
    4.90
    5.21
    4.67
    4.64
    4.59
    4.70
    4.73
    4.73
    4.90
    4.73
    4.73
    4.73
    4.62
    4.62
    4.64
    4.64
    4.64
    4.64
    4.64
    4.62
    4.16
    4.28
    4.22
    4.47
    4.56
    4.50
    4.53
    4.62
    4.53
    4.42
    4.45
    4.42
    4.50
    4.45
    4.33
    4.22
    4.11
    4.19
    4.13
    4.11
    4.11
    4.11
    4.08
    4.16
    4.25
    4.42
    4.25
    4.25
    4.22
    4.13
    4.11
    4.02
    4.02
    4.11
    4.16
    4.16
    4.11
    4.08
    3.11
    2.52
    3.68
    3.91
    3.79
    3.88
    3.96
    4.02
    4.16
    3.96
    3.85
    3.94
    3.94
    3.94
    3.94
    2.94
    2.72
    2.78
    2.66
    2.58
    2.44
    1.93
    2.27
    2.04
    2.04
    1.44
    1.25
    1.27
    1.27
    1.27
    1.27
    1.27
    1.22
    1.16
    1.16
    2.24
    9.88
   11.10
    7.59
    7.59
    7.62
    7.62
    7.62
    6.77
    9.74
   11.44
    9.71
    8.86
    6.54
    5.55
    5.55
    5.55
    7.62
   22.31
   31.23
   30.36
   29.28
   29.08
   28.40
   27.33
   26.16
   14.10
    6.68
    7.14
    3.11
    2.27
    2.24
    2.27
    1.87
    1.70
    1.70
    1.70
    1.70
    1.70
    1.70
    7.53
   10.56
   10.53
   10.53
   10.51
    6.37
    4.96
    5.30
    4.22
    3.74
    3.74
    4.16
    5.69
    5.69
    6.17
    6.60
    4.70
    3.85
    4.36
    4.50
    4.19
    5.58
    7.05
    7.05
    7.05
    6.43
    3.37
    1.93
    2.27
    1.67
    1.30
    1.30
    1.30
    1.30
    1.33
    1.30
    1.30
    1.30
    1.30
    1.30
    1.30
    1.30
    1.30
    1.30
    1.30
    1.33
    2.32
    2.86
    2.89
    2.89
    2.89
    2.89
    2.89
    2.92
    2.92
    6.88
   32.71
   48.31
   47.15
   42.82
   12.35
    2.89
    2.89
   10.68
   49.41
   49.58
   31.55
   13.08
    3.96
    1.25
    1.25
    5.97
   11.33
   17.67
   13.45
   10.34
   10.36
    5.41
    1.25
    1.27
    1.27
    1.27
   11.36
   14.95
    8.61
    5.27
    3.96
    3.96
    2.32
    1.42
    1.42
    2.35
   31.77
  125.05
  245.73
  246.58
  161.52
   41.57
   49.36
   26.70
   30.67
   13.71
   12.66
   10.45
    8.75
    8.52
    8.52
    8.07
    5.69
    5.69
    3.68
    2.21
    1.27
    1.36
    1.42
    2.41
    2.86
    2.86
    2.86
    4.59
    4.22
    3.40
    3.40
    3.40
    3.40
    3.40
    3.40
    3.40
    3.40
    3.40
    3.40
    3.03
    3.20
    3.20
    3.11
    3.11
    3.11
    3.11
    3.11
    3.11
    3.60
    3.62
    3.62
    3.62
    3.62
    3.79
    3.82
    3.74
    3.74
    3.74
    3.40
    3.40
    3.48
    3.82
    3.88
    3.88
    3.85
    3.77
    3.57
    3.28
    3.31
    3.48
    3.60
    3.60
    3.60
    3.51
    3.26
    3.23
    3.20
    3.20
    3.20
    3.68
    3.74
    3.60
    3.28
    3.23
    3.03
    3.09
    3.23
    3.34
    3.28
    2.89
    2.72
    2.49
    2.52
    2.49
    2.35
    2.35
    2.35
    2.35
    2.32
    2.32
    5.10
    2.78
    3.14
    2.97
    2.80
    2.80
    2.97
    3.26
    3.34
    3.34
    3.34
    3.34
    3.51
    3.71
    3.71
    3.71
    3.68
    3.68
    3.88
    4.05
    4.05
    4.05
    4.05
    4.05
    4.05
    4.02
    4.02
    4.02
    4.02
    4.02
    4.02
    4.02
    4.02
    4.02
    4.02
    4.02
    4.02
    3.26
    4.05
    4.02
    4.02
    4.02
    4.02
    4.05
    4.05
    4.05
    4.05
    4.05
    4.05
    4.08
    7.73
   10.31
    6.80
    3.34
    3.34
    3.34
    3.34
    3.34
    3.34
    3.37
    6.03
    7.65
    7.65
    7.65
    7.65
    9.20
   10.28
   10.28
   11.27
   11.55
   11.53
   11.53
   11.50
   11.47
   15.12
   17.13
   16.99
   16.82
   16.65
   16.48
   16.31
   16.17
   16.62
   17.05
   17.08
   16.99
   16.85
   16.68
   16.48
   16.28
   16.06
   15.83
   15.60
   15.40
   15.12
   12.94
   11.92
   11.89
   11.86
   11.86
   11.84
   11.81
   11.78
   11.75
   11.72
   11.69
   13.82
   15.35
   14.78
   14.30
   12.43
   11.47
   11.44
   11.41
   11.41
   11.38
    7.96
    6.48
    6.63
    6.63
    8.64
   14.05
   19.57
   23.28
   26.62
   30.47
   29.31
   28.68
   27.69
   21.21
   16.96
   16.88
   22.74
   25.63
   25.46
   20.64
   13.82
   10.82
   10.70
   10.73
   10.73
   10.73
   10.73
   10.70
   10.70
   10.68
   10.68
   10.65
   10.59
    6.82
    3.48
    2.24
    1.33
    1.33
    1.33
    1.33
    1.33
    1.56
    1.70
    1.70
    3.26
    5.97
   10.79
   14.47
   14.92
   18.92
   34.72
   45.45
   52.41
   68.44
   67.96
   64.65
   61.05
   57.17
   55.36
   48.37
   43.81
   45.99
   49.16
   40.21
   31.26
   70.20
   88.04
   97.13
   65.89
   24.66
   22.63
   22.43
   20.84
   13.71
    8.92
    7.53
    7.53
    7.25
    7.56
    8.69
    8.69
    8.10
    7.25
    3.45
    1.42
    1.42
    1.44
    1.44
    1.44
    1.27
    1.19
    1.30
    1.39
    1.39
    1.42
    1.47
    1.16
    1.19
    1.22
    6.43
   10.70
   10.70
   10.70
    5.32
    1.27
    1.27
    1.27
    1.30
    1.30
    1.30
    1.33
    1.33
    2.15
    8.95
   12.09
   19.79
   19.91
    6.65
    1.39
    1.42
    1.42
    1.42
    1.25
    1.13
    1.16
    1.22
    1.27
    1.16
    1.16
    1.16
    1.19
    1.19
    1.19
    1.19
    1.19
    1.19
    1.19
    1.19
    1.19
    1.19
    1.36
    1.44
    1.27
    1.19
    1.19
    1.22
    1.22
    1.33
    1.84
    2.18
   65.70
  123.97
   94.41
   51.45
   23.36
    8.16
    6.43
    7.22
    7.22
    7.22
    3.57
    2.44
    9.29
    9.91
    8.55
    7.59
    1.93
    1.42
    3.48
    7.70
    8.86
    7.42
    5.69
    3.85
    2.35
    1.47
    1.50
    1.47
    2.21
    2.75
    2.75
    2.75
    2.75
    2.75
    2.75
    2.75
    2.75
    2.75
    3.09
    3.26
    3.26
    3.26
    3.26
    3.26
    3.26
    3.26
    3.51
    4.87
    4.96
    4.67
    4.59
    4.59
    4.56
    4.56
    3.99
    3.74
    3.68
    3.74
    3.74
    3.74
    3.74
    4.05
    3.96
    3.96
    3.96
    3.96
    3.65
    3.85
    4.08
    3.26
    2.83
    3.00
    2.72
    2.44
    2.86
    3.11
    3.14
    3.28
    3.74
    3.82
    3.82
    3.82
    3.54
    3.77
    3.51
    3.65
    3.34
    3.40
    3.85
    3.91
    4.05
    4.02
    3.54
    3.62
    3.79
    4.02
    4.16
    3.94
    8.30
    3.91
    3.91
    4.02
    3.85
    3.85
    3.91
    3.91
    3.60
    3.54
    3.11
    2.18
    2.72
    3.34
    3.28
    2.69
    3.40
    3.06
    3.28
    3.85
    3.85
    4.02
    3.68
    3.65
    3.77
    4.05
    4.02
    4.25
    3.96
    4.08
    3.54
    3.54
    3.48
    3.68
    3.74
    3.91
    3.96
    3.96
    3.96
    3.74
    3.94
    4.08
    4.08
    4.13
    4.19
    4.11
    4.11
    4.16
    3.88
    3.96
    4.11
    3.54
    3.65
    3.88
    4.16
    4.16
    4.16
    4.08
    4.02
    4.02
    4.02
    4.02
    4.02
    4.02
    4.02
    4.02
    4.02
    4.02
    4.02
    3.99
    3.99
    3.99
    3.99
    3.99
    3.99
    3.99
    3.99
    3.88
    3.88
    3.77
    3.88
    3.94
    3.74
    3.91
    3.82
    3.77
    3.68
    3.57
    3.54
    5.04
    6.65
    7.42
    5.72
    4.30
    3.57
    3.82
    3.94
    3.94
    3.94
    3.94
    3.94
    3.94
    3.94
    3.94
    3.94
    3.91
    3.91
    3.91
    7.48
    9.34
    9.34
    9.34
    9.46
    9.54
   16.37
   24.44
   24.13
   23.70
   14.89
    9.54
    9.51
    7.87
    7.05
    5.95
    2.83
    2.32
    5.30
    6.99
    6.94
    6.88
    6.85
    6.80
    6.77
    6.71
    6.68
    4.05
    2.80
    1.87
    1.42
    1.42
    1.42
    1.42
    1.42
    1.42
    1.42
    1.42
    7.90
   15.29
   15.32
   14.95
   14.53
   14.10
   13.59
   13.08
   12.54
   10.85
    2.80
    2.80
    2.80
    2.80
    2.80
    2.80
    2.80
    1.93
    1.44
    1.44
    1.44
    1.47
    1.47
    1.47
    1.47
    3.99
    5.72
    5.72
    5.72
    5.72
   11.24
   11.13
   11.04
   10.96
   10.85
   10.76
   10.68
    7.53
    5.61
    5.61
    5.58
    5.58
    5.55
    4.02
    1.70
    1.42
    1.42
    1.47
    1.47
    1.50
    1.47
    1.33
    1.25
    1.25
    1.25
    7.39
   14.98
   14.98
   15.26
   18.52
   19.34
   19.20
   19.20
   23.42
   32.85
   34.41
   33.58
   33.95
   35.85
   35.79
   35.00
   33.73
   32.28
   31.12
   23.81
    6.37
    2.89
    1.44
    1.27
    1.22
    1.19
    1.22
    1.22
    1.22
    1.22
    1.22
    1.22
    1.25
    1.59
    1.39
    3.77
    5.07
    5.07
    5.10
   10.36
   18.94
   17.98
   18.80
   18.66
   18.43
   18.24
   14.81
   12.69
   12.63
   12.69
   13.76
   14.19
   14.30
   14.30
   15.94
   30.02
   36.47
   10.36
    6.17
   30.61
   55.95
   55.90
   69.91
   69.06
   64.65
   60.26
   33.16
   17.25
   17.53
   17.81
   17.75
   17.75
   17.70
   12.91
    8.58
    4.11
    3.91
    3.79
    3.96
    3.96
    3.96
    3.96
    3.96
    2.89
    2.58
    3.99
    3.99
    4.98
    5.69
    5.69
    5.69
    5.69
    5.69
    5.69
    5.69
    4.90
    3.96
    3.96
    3.96
    3.96
    3.96
    3.31
    2.89
    3.11
    3.60
    3.28
    2.80
    3.37
    3.45
    3.68
    3.96
    4.02
    3.82
    3.71
    3.74
    3.71
    3.71
    3.74
    6.77
    7.73
    7.25
    8.50
    9.37
   16.59
   26.82
   26.65
   26.42
   17.47
    4.70
    4.70
    4.70
    4.70
    4.70
    4.70
    4.70
    4.70
    4.70
    4.70
    4.22
    3.99
    3.99
    3.99
    3.99
    4.47
    4.67
    4.45
    4.33
    4.59
    4.70
    4.47
    4.36
    4.33
    4.36
    4.33
    4.33
    4.33
    4.28
    3.99
    3.96
    3.96
    3.96
    3.96
    3.96
    3.96
    3.96
    3.96
    3.96
    3.96
    3.96
    3.96
    3.96
    3.96
    3.96
    3.96
    3.96
    3.96
    3.96
    3.96
    3.96
    3.96
    3.88
    4.05
    4.59
    4.56
    4.53
    4.56
    4.56
    4.62
    4.62
    4.67
    4.73
    4.73
    4.73
    4.22
    3.94
    3.94
    3.94
    3.94
    3.94
    3.94
    3.91
    3.91
    3.91
    3.91
    4.02
    3.88
    3.68
    3.68
    3.68
    3.68
    3.68
    3.68
    3.68
    3.68
    3.20
    3.06
    3.06
    3.06
    3.06
    3.82
    3.91
    3.91
    3.99
    4.02
    4.05
    4.22
    4.25
    4.25
    4.59
    4.36
    4.36
    4.36
    4.36
    4.33
    4.33
    4.33
    4.33
    4.33
    4.33
    4.33
    4.33
    4.33
    4.36
    4.33
    4.33
    4.33
    4.33
    4.30
    4.30
    4.30
    4.30
    4.30
    7.45
    9.49
    9.40
    9.34
    9.26
    9.17
    9.09
    9.00
    8.92
    8.86
   11.81
   13.71
   13.59
   14.89
   15.21
   15.01
   20.27
   24.24
   24.13
   20.84
   17.13
   16.93
   24.86
   25.68
   28.46
   30.27
   30.21
   29.82
   25.97
   20.87
   19.85
   19.26
   26.67
   26.45
   25.15
   29.85
   33.73
   32.25
   30.55
   29.42
   28.18
   26.96
   26.50
   27.04
   22.91
   19.17
   18.97
   18.83
   19.60
   25.60
   28.43
   28.97
   28.01
   29.39
   31.66
   31.35
   30.44
   29.39
   28.20
   27.04
   25.88
   22.80
   21.21
   20.87
   19.23
    9.71
    9.66
    9.63
   11.89
   17.27
   19.54
   19.51
   19.14
   18.63
   18.15
   18.15
   17.92
   17.50
   18.69
   21.55
   24.30
   33.02
   36.84
   35.45
   36.64
   36.39
   33.75
   31.77
   30.44
   29.25
   28.54
   27.69
   26.76
   26.42
   25.88
   25.09
   24.21
   17.73
   13.59
   13.25
   12.91
   13.34
    9.17
    5.78
    5.80
   11.69
   16.74
   14.30
    9.85
    7.19
    7.25
    7.31
    7.33
    7.33
    7.33
    7.31
    7.31
    7.31
    5.86
    2.97
    3.03
    3.11
   10.08
   13.62
   13.48
   13.37
   14.07
   14.55
   14.02
    7.19
    3.31
    3.34
    3.37
    3.37
    3.37
    3.37
    2.35
    1.93
    1.90
    1.64
    1.33
    1.33
    1.33
    1.33
    1.87
    2.18
    1.61
    1.33
    1.33
    1.33
    1.33
    1.33
    1.33
    1.33
    1.33
    1.33
    1.33
    1.33
    1.33
    1.33
    1.33
    1.33
    1.33
    1.33
    1.33
    1.33
    1.33
    1.36
    1.33
    1.39
    1.59
    1.59
    1.59
    1.84
    2.18
    2.15
    1.90
    1.98
    2.04
    1.95
    2.10
    2.10
    2.10
    2.10
    2.10
    2.12
    2.24
    2.24
    2.24
    2.24
    2.24
    1.93
    1.59
    1.73
    1.87
    2.29
    2.38
    2.46
    2.46
    2.49
    2.61
    2.61
    2.61
    2.61
    2.61
    2.61
    2.61
    2.61
    3.06
    3.57
    3.54
    3.60
    3.62
    3.65
    3.65
    3.74
    3.88
    3.88
    3.88
    3.85
    3.85
    3.88
    3.88
    3.85
    3.85
    3.91
    4.11
    4.08
    4.08
    4.08
    4.16
    4.16
    4.08
    4.02
    3.94
    3.99
    4.05
    4.13
    4.16
    4.16
    4.13
    4.22
    4.30
    4.36
    4.36
    4.36
    4.33
    4.33
    4.33
    4.33
    4.22
    3.88
    3.79
    3.85
    3.20
    4.22
    3.82
    4.16
    3.88
    1.78
    1.30
    1.30
    1.39
    2.55
    2.55
    3.23
    4.25
    4.25
    4.25
    4.25
    4.25
    4.13
    4.13
    4.13
    4.13
    4.13
    3.60
    3.82
    3.74
    3.68
    3.68
    3.31
    3.14
    3.14
    3.14
    3.14
    3.48
    3.31
    1.64
    3.14
    3.71
    3.71
    3.94
    4.13
    4.13
    4.13
    4.13
    4.30
    4.53
    4.50
    4.33
    4.11
    4.13
    4.36
    4.13
    3.71
    3.68
    3.68
    3.68
    3.65
    3.65
    3.65
    3.65
    3.65
    3.65
    3.85
    4.28
    4.30
    3.43
    1.30
    1.30
    1.33
    2.66
    2.38
    2.27
    2.55
    2.89
    3.40
    3.48
    3.62
    3.71
    3.71
    3.71
    2.72
    2.18
    2.41
    3.31
    3.71
    3.71
    3.71
    3.09
    3.48
    3.71
    3.71
    3.71
    3.71
    3.34
    3.26
    3.26
    2.72
    2.24
    2.66
    3.34
    2.92
    3.48
    3.71
    3.71
    3.71
    3.68
    3.68
    3.68
    3.68
    3.68
    3.68
    3.68
    3.68
    3.68
    3.68
    3.68
    3.68
    3.68
    3.62
    3.45
    3.45
    3.45
    3.45
    3.45
    3.45
    3.45
    3.45
    3.45
    3.45
    3.45
    3.45
    3.43
    3.43
    3.43
    3.43
    3.43
    3.43
    3.43
    3.43
    2.97
    1.98
    1.42
    1.42
    1.42
    1.42
    2.24
    2.63
    5.13
    6.60
    6.63
    6.65
    6.65
    6.65
    6.65
    6.65
    8.38
    9.46
    9.54
   11.47
   12.60
   13.03
   13.08
   13.03
    8.35
    1.47
    1.56
   18.94
   25.51
   26.59
   26.48
   25.88
   25.54
   26.59
   26.62
   26.19
   25.29
   24.27
   23.25
   22.23
   27.58
   30.78
   32.45
   26.36
   20.08
   17.39
   19.34
   25.54
   28.01
   28.03
   27.75
   27.35
   26.87
   26.31
   25.29
   24.15
   23.16
   22.46
   21.69
   20.84
   20.02
   20.30
   23.47
   23.76
   23.28
   22.60
   21.86
   21.04
   20.22
   19.43
   18.63
   17.90
   17.25
   16.93
   16.59
   16.17
   15.72
   15.21
   14.67
   14.16
   13.65
   13.17
   12.71
   10.53
    9.46
    7.93
    7.96
    8.78
    5.35
    2.35
    2.07
    2.07
    2.10
    2.10
    1.93
    1.53
    1.33
    1.33
    1.33
    1.33
    1.30
    1.36
    1.42
    1.42
    1.44
    1.44
    1.47
    1.47
    1.47
    1.53
    1.53
    1.56
    1.56
    1.56
    1.59
    1.59
    1.61
    1.61
    1.61
    1.64
    1.64
    1.64
    1.67
    1.67
    1.67
    1.70
    1.76
    1.78
    2.38
    2.69
    3.14
    3.20
    4.81
    7.87
   10.11
   10.11
   10.11
   10.11
    6.82
    5.18
    5.21
    5.24
    8.64
   10.34
    6.20
    7.11
   10.34
   10.34
   13.05
   30.89
   38.65
   47.12
   48.34
   47.32
   50.91
   45.79
   40.83
   50.69
   52.30
   50.60
   48.37
   33.50
   17.36
    8.81
    7.76
    7.70
    7.70
    7.70
    7.70
    7.70
    7.70
    8.75
    9.54
    9.57
    6.77
    5.04
    5.04
    4.90
    4.59
    4.59
    4.59
    4.59
    5.35
    5.35
    5.27
    5.18
    8.18
   12.52
   34.69
   27.38
   23.56
   20.11
   21.35
   13.45
    5.95
    5.95
    7.42
    9.94
    9.91
   10.05
   42.96
   41.46
   14.27
    5.72
    5.72
    5.72
    5.72
    5.86
    6.48
    6.06
    5.83
    5.15
    4.84
    4.81
    7.79
   10.19
   22.20
   33.67
   94.41
  180.86
   62.95
    5.86
   15.57
   31.77
   33.70
   27.95
   19.37
    9.77
    9.74
   11.24
   11.21
    7.25
    5.55
    5.55
    9.74
    5.75
    5.75
    5.72
    5.72
    5.69
    4.81
    4.62
    4.76
    4.98
    5.10
    5.13
    4.98
    4.90
    4.87
   14.22
   19.43
   19.20
   12.32
    6.26
    5.04
    5.04
    5.07
    5.07
    5.04
    4.56
    3.48
    2.52
    3.57
    4.42
    4.39
    4.39
    3.79
    2.94
    3.20
    3.34
    4.25
    4.08
    3.74
    3.74
    3.71
    3.43
    3.28
    3.28
    3.26
    3.26
    3.26
    3.26
    3.23
    3.23
    3.26
    3.65
    3.79
    3.11
    3.51
    3.74
    3.85
    3.71
    3.71
    3.68
    3.68
    3.71
    3.74
    4.11
    4.30
    4.28
    4.28
    4.25
    4.25
    4.22
    4.19
    4.19
    4.16
    4.13
    4.11
    4.11
    4.11
    4.11
    4.08
    4.08
    4.05
    4.02
    4.02
    3.99
    3.96
    3.96
    3.94
    3.94
    3.91
    3.91
    3.88
    3.85
    3.82
    3.82
    3.79
    3.77
    3.74
    3.71
    3.71
    3.68
    5.80
    9.12
    9.51
    9.17
    8.83
    8.52
    8.24
    8.35
    9.12
    8.78
    8.47
    9.49
   10.05
    9.97
    9.88
    9.80
    9.71
    9.63
    9.57
    9.51
    9.43
    9.34
    9.23
    9.17
    9.12
    9.03
    8.95
    8.95
    8.95
    8.89
    8.83
    8.78
    7.14
    8.64
   10.99
   14.13
   13.90
   13.76
   12.29
   15.74
   16.11
   16.37
   16.37
   16.20
   16.03
   15.83
   15.69
   15.52
   15.32
   15.09
   14.87
   14.58
   14.38
   15.66
   16.96
   18.89
   19.68
   19.40
   18.92
   18.24
   17.81
   17.64
