19850101
   50.49
   90.22
   99.82
  109.64
  101.12
  100.81
  103.47
  149.09
  149.26
  147.84
  150.33
  152.77
  117.18
  154.53
  156.90
  148.47
  152.57
  149.65
  138.84
  159.65
  217.47
  217.25
  160.95
  142.46
  145.32
  126.04
  124.51
  145.04
  151.10
  127.43
  152.26
   31.29
    4.25
    4.28
   28.12
    4.25
    4.02
    4.02
  119.27
   59.10
   57.71
   96.11
   95.34
   94.95
   95.77
   94.75
   92.37
   55.42
   92.26
   92.34
   92.68
   97.66
   54.51
   44.74
   44.40
   66.49
   62.33
   62.52
   64.85
   87.92
   45.17
   47.91
   62.89
   64.56
   78.75
   79.88
   64.56
   45.96
   44.83
   66.83
   83.00
  108.82
  109.93
   62.21
   19.43
   18.77
   61.39
   62.30
   61.67
   72.07
   63.15
   17.87
   17.64
   40.97
   40.21
  103.47
  104.35
  101.94
   17.87
   17.22
   28.46
   18.77
   19.99
   17.78
   17.87
   20.81
   17.87
   26.16
   41.65
   32.71
   25.40
   17.87
   17.61
   17.64
   16.40
   17.78
   18.12
   26.31
   19.65
   18.94
   23.45
   49.33
   17.95
   18.29
   18.43
   17.95
   18.77
   18.29
   17.53
   19.57
   18.43
   19.00
   18.26
   18.49
   18.01
   99.39
   17.92
   17.53
   18.18
   18.49
   18.43
   19.09
   83.08
   17.92
    4.70
    4.67
    4.67
    4.67
    4.73
    4.67
   53.43
   71.19
   16.48
    4.42
    4.19
    4.28
    4.53
  112.93
    4.67
   72.92
   55.87
    4.59
   51.71
  116.35
   96.02
  100.81
   98.83
   27.52
    4.36
    4.50
   96.45
   43.04
   57.14
    4.76
   21.80
   22.71
   44.29
   42.08
   20.84
   20.02
   21.92
   60.20
   21.07
   21.15
  110.95
  115.70
  142.04
   68.07
   71.27
   24.86
   20.42
   92.91
   48.22
   92.82
   38.62
   64.87
   24.83
   21.15
   92.57
   90.19
  102.76
   93.33
  124.74
   20.98
   20.84
  138.92
   32.39
   45.76
   47.40
  147.93
  104.55
  107.09
  141.95
  145.15
  113.89
   95.71
   95.29
   45.42
   43.47
  135.72
  142.43
  144.25
  143.51
  136.94
   62.58
   64.45
  105.96
  124.14
  151.55
  151.30
  153.34
  123.91
  123.91
  155.63
  153.76
  155.97
  156.22
   71.50
    5.83
   23.62
  137.03
  138.10
  140.31
  142.04
  141.30
   75.04
   72.97
  171.71
  105.45
  164.01
  166.62
  169.42
  153.99
  168.88
   89.54
  166.02
  172.85
  172.79
  164.89
   72.24
  116.27
  115.14
  112.42
  113.81
  112.45
  112.11
   55.44
   40.66
  119.89
  146.96
  156.25
  161.38
  161.29
    5.66
    5.24
   92.51
  117.18
  126.43
  149.17
  149.74
  106.27
   39.36
  158.09
  121.54
  119.89
  129.24
  119.38
   39.93
   41.48
  133.34
  127.26
  132.61
  129.97
  137.37
   41.99
   72.01
  127.34
   60.68
   56.49
   60.34
   59.86
   42.73
   20.76
   63.71
   42.56
   40.01
   43.04
   22.40
    5.41
    5.32
   40.92
   43.04
   24.10
   24.44
   25.60
   25.51
   25.00
   24.78
   26.73
   21.41
   22.31
   22.68
   26.08
   26.25
   24.18
   50.83
   51.34
   48.70
   51.90
   23.13
   22.71
   20.59
   23.22
   54.85
   55.76
   22.88
   22.54
   23.13
   24.35
   22.80
   21.80
   22.14
   22.34
   21.97
   22.06
   42.65
   71.92
   95.03
   66.52
  109.73
  108.09
   92.17
   10.82
   50.83
   53.63
   52.98
   51.73
   65.10
   53.89
   54.45
   53.46
   53.38
   59.78
   73.31
   98.00
   83.48
   56.41
   75.95
  101.69
   83.73
   75.69
  100.86
   85.12
   57.65
   67.48
  102.68
   85.69
   74.22
  102.51
   85.43
   58.87
   61.82
   61.25
   99.48
   94.38
   52.16
   50.18
  153.42
  173.27
  150.28
  105.62
  102.82
   51.08
   57.09
  100.69
  105.06
  101.60
  102.76
   98.40
   24.69
   10.34
  123.49
  128.42
   94.72
   54.45
   48.14
   43.47
   42.82
   42.48
   43.04
   42.73
   97.18
   51.90
   42.42
   44.03
   52.98
  140.71
  146.62
  149.91
  115.87
   39.53
   40.27
   29.19
   17.13
   21.24
   19.77
   28.46
   17.78
   17.22
   47.97
   38.37
   19.51
   19.51
   19.85
   73.62
   37.63
   45.51
  143.51
  144.16
  143.99
  149.17
   18.04
   17.64
   76.00
   77.42
   75.69
   36.59
   19.68
   20.16
   18.38
   18.77
   62.58
   41.91
  134.39
  133.26
  128.59
   18.21
   64.36
   17.39
   18.46
   18.69
   18.29
   17.95
   17.78
   54.03
   46.58
   57.48
   57.74
   57.09
   28.85
   29.53
   44.37
   24.69
   31.15
   30.19
   26.99
   16.48
   17.87
   17.64
   17.95
   22.31
   21.49
   17.39
   17.73
   18.38
   17.78
   18.77
   19.51
   17.56
   20.11
   17.95
   17.95
   18.69
   18.52
   18.38
   17.73
   25.17
   25.00
   25.82
   26.25
   27.16
   36.73
   46.58
   61.42
   59.78
   58.64
   58.64
   59.69
   59.47
   61.84
   61.84
   61.67
   60.51
   59.95
   58.30
   58.13
   62.16
   59.95
   55.84
   53.72
   68.39
   66.35
   52.33
   89.71
  147.62
  111.20
   85.69
   85.94
   87.02
   59.04
   57.14
   57.74
   56.58
   58.19
   57.14
   57.74
   58.05
   57.82
   72.49
   44.20
   41.34
   90.44
   72.01
   49.44
   38.79
   98.40
   52.39
   46.58
  105.54
  113.30
   70.93
   47.23
   99.56
   46.16
   42.48
   55.84
   82.66
   73.57
   38.28
   37.89
   38.88
   38.23
  128.33
  113.07
  114.06
   52.24
  114.48
   41.26
   76.51
   94.80
   47.32
  129.32
  124.88
  126.52
   45.51
   46.01
   91.92
  101.52
   95.65
  113.32
  120.12
   46.01
   48.14
   94.30
   76.68
   72.97
   59.52
   75.44
   46.41
   31.15
   66.18
   69.77
   49.21
   66.83
   35.08
   32.54
   32.65
   62.24
   36.78
   61.67
   60.94
   60.51
   33.95
   33.39
   69.04
   66.57
   66.91
   67.08
   66.52
   39.79
   39.62
   94.63
   97.10
  100.04
  100.86
   99.65
   45.34
   32.39
   94.95
   95.85
   97.83
   95.46
   92.82
   43.21
   17.87
   91.92
   96.02
  112.19
  107.43
  106.10
   34.43
   35.91
   84.55
  110.63
  106.19
  108.40
   45.51
   36.64
   35.68
   69.38
  123.01
  126.60
  120.94
  125.70
   87.41
   38.20
  124.31
  118.65
  146.28
  152.43
  156.05
   51.08
  107.18
  105.79
   81.44
   43.86
   44.46
   44.68
   32.65
   30.41
   31.15
   29.59
   28.77
   30.92
   31.32
   31.91
   50.69
  176.78
  176.78
  178.59
  180.72
  178.03
   52.47
   13.54
   87.07
   81.67
   85.21
   81.18
   84.55
   40.27
   41.09
  118.25
  133.17
  131.28
  143.82
  147.45
   40.58
   42.22
   43.04
  107.49
   42.39
  169.25
  143.34
  122.58
  105.28
   20.84
   59.13
   39.79
   37.41
   22.48
   64.96
   61.08
   61.50
   61.90
    7.22
    5.66
    5.58
    5.41
    5.66
    5.83
    6.65
   49.78
   59.21
   71.67
   97.75
   77.25
   46.16
   56.83
    5.55
    5.83
    5.58
    5.24
    4.93
    5.15
    4.76
   59.21
  125.56
  179.25
  124.14
  125.95
  174.66
  181.40
  175.00
  151.95
  183.83
  140.06
  181.88
  186.98
  186.21
  188.28
  184.51
  191.22
  191.05
  195.33
  212.38
  212.89
  206.80
  212.06
  214.53
  145.63
  116.61
  206.97
  210.42
  210.08
  151.55
  182.13
  118.00
  120.71
   45.93
   94.72
   43.47
    5.58
    8.21
    5.18
    5.15
  124.23
  147.11
   64.62
   64.45
    4.76
   63.46
   61.16
  148.58
  147.76
  146.62
  149.23
  149.00
  108.65
   92.51
  187.63
  156.14
  185.33
  188.11
  142.18
   80.93
   76.26
  124.00
  126.12
  132.44
  122.19
  125.78
   92.00
   35.76
  120.80
  138.24
  136.46
  138.07
  123.49
  175.96
  203.85
  217.30
  233.39
  231.41
  233.53
  235.17
  236.98
  150.87
  147.62
  165.80
  160.90
  167.30
  161.21
  158.26
   52.16
  106.19
  100.86
  111.20
  106.92
  106.10
   72.32
   44.77
   70.68
   68.39
  102.68
  114.63
  183.18
  135.30
  130.37
    1.95
    2.78
    3.82
    4.11
    4.53
    4.16
    4.33
    4.11
    4.53
    4.16
    4.53
    4.16
    4.53
    4.53
    4.16
    4.53
    4.16
    4.53
    4.16
    4.53
    4.53
  235.51
  242.56
  204.02
  243.21
  142.86
  137.28
  145.29
  148.10
  192.04
  191.39
  233.22
  229.93
  165.14
  143.17
  144.47
  124.79
  172.19
  152.68
  168.26
   57.74
   57.09
  157.78
  158.60
  127.94
  137.85
  132.83
   83.96
    3.94
  118.42
  158.43
  170.24
  202.72
  139.57
   44.29
   29.02
   69.38
  137.76
  138.75
  138.10
  109.73
   41.17
   20.84
  136.94
  126.94
  127.26
   62.16
   51.34
   20.33
   20.33
  172.02
  155.80
   98.40
  109.22
  110.86
   22.14
   20.98
  102.34
   96.59
   83.00
   81.67
   58.87
   22.80
    4.59
   67.25
   70.68
   75.95
    4.42
   79.88
    4.28
    4.11
  103.50
  120.37
   40.35
   90.36
   51.99
   23.28
   21.80
  163.02
  109.05
  123.83
  165.65
  164.66
   58.56
   63.46
  192.38
  190.74
  153.17
  193.86
  194.17
   93.98
   89.06
  182.05
  202.86
  200.40
  208.13
  198.93
  164.15
  133.17
  199.44
  211.07
  205.16
  212.38
  191.71
  198.78
  197.14
  194.54
  201.56
  161.86
  165.80
  184.99
  146.45
  111.20
  198.78
  199.10
  185.33
  223.87
  222.71
  147.45
  122.02
  157.92
  160.73
  164.49
  163.84
  160.39
  123.66
  101.03
  157.27
  160.90
  174.66
  147.11
  114.97
   65.61
  109.39
  100.38
   76.91
   88.24
   59.52
   59.04
   64.62
   66.09
   74.95
   78.89
   73.48
   81.01
  105.28
   23.13
   22.63
   74.61
  114.97
   79.71
  127.11
  130.06
   50.35
   49.19
  127.26
  143.82
  149.74
  119.07
   72.97
   63.63
   31.15
  133.00
  124.00
  140.39
  118.90
  110.55
   79.54
   73.48
  129.07
  138.92
  158.91
  190.74
  174.35
   31.83
   45.59
  138.92
  144.64
  179.10
  157.44
   67.82
   42.48
   31.32
   83.82
   83.48
  110.55
  173.36
  128.08
   28.85
   38.54
   37.55
  113.66
   59.69
   67.90
   24.92
   32.79
   32.14
   32.31
   29.36
   34.60
   31.32
   68.39
   34.60
   38.20
   35.25
   56.10
   46.58
   54.62
   26.56
   35.59
   37.24
   35.59
   36.73
   80.19
   80.19
   62.50
   63.15
   36.73
   33.95
   44.29
   41.99
   27.55
   25.91
   26.08
   26.39
   60.20
   20.84
   31.01
   19.85
   26.56
   25.09
   26.39
   44.29
   59.86
   25.74
   14.75
   17.87
   16.23
   15.91
   27.07
   24.27
   81.01
  110.04
  127.26
   16.23
   15.57
   24.78
   25.74
   24.27
   19.20
   16.40
    6.57
    5.41
    6.40
   64.62
   63.97
    5.41
    5.92
   12.97
    5.58
    6.57
  139.06
  140.22
  138.55
  105.93
   71.50
   71.50
  108.40
  151.81
  140.39
  161.04
  143.51
   36.42
   35.25
   60.03
   56.41
   11.64
    5.58
    6.57
    5.41
    5.24
   46.58
  142.69
   88.41
   62.98
   34.94
    7.22
    6.23
   80.02
   75.27
   49.04
  121.68
  142.18
   44.29
   32.31
   67.25
  128.90
  134.17
  117.43
   79.54
   38.88
   31.83
   31.49
   60.85
   39.53
   86.93
   38.37
   30.84
   23.28
  117.74
   59.38
  121.37
  122.36
   79.54
   17.87
   29.53
   37.24
   38.37
   17.22
   31.49
   31.97
   13.79
   13.11
   15.26
   11.47
   10.82
   15.21
   14.92
   10.65
   10.82
   79.06
   78.72
   79.71
   31.15
   10.82
   10.34
   11.33
    9.03
   10.17
    9.03
    9.85
    9.51
    9.85
   10.25
    9.85
    9.85
   10.08
   10.00
   10.42
   10.59
   10.42
   11.47
   11.16
   10.00
   10.68
   10.59
   14.19
    9.91
   10.00
   10.59
   12.80
    9.85
   10.59
    9.68
    9.51
    9.60
   10.51
   10.00
   10.90
    9.85
    9.77
    9.77
    9.77
   10.17
    9.43
    9.68
    9.60
    9.51
    9.85
   10.17
    9.85
   10.25
    9.77
   10.68
   10.68
    9.68
   13.45
   13.11
   13.37
   13.85
   13.45
   13.37
   13.28
   13.20
   20.67
   22.14
   21.80
   22.14
   21.83
   21.97
   64.70
   25.26
   23.53
   23.79
   23.53
   30.92
   30.92
   30.92
   31.40
   29.68
   36.73
   37.07
   36.59
   37.32
   43.38
   58.30
   89.62
   69.04
   66.26
   67.42
   70.68
   70.68
   69.80
  109.22
  105.06
  107.66
  108.34
  107.75
  113.10
  106.44
  102.59
  109.47
  133.66
  224.44
  235.85
  243.04
  242.25
  241.60
  210.08
   80.36
   39.28
   12.15
   56.35
   76.26
   73.96
   72.83
   71.42
   57.09
   58.13
   57.23
   54.79
   30.58
   68.47
   66.26
   29.36
   29.53
   69.12
   28.94
   29.59
   31.66
   29.93
    5.10
    5.32
   26.82
   28.71
   59.86
   72.66
   72.83
    4.42
    5.15
   52.64
   73.71
   49.13
   59.78
   77.50
    5.75
   22.54
   65.04
   72.01
   78.89
   79.46
   85.12
   40.44
   16.31
   94.89
   86.20
  106.92
   76.17
   84.64
   14.67
    5.24
   19.94
   15.74
   49.21
   28.03
   24.78
   90.53
   59.78
   65.70
   57.57
   60.34
   78.24
   62.07
   43.13
   28.06
   27.89
   27.72
   28.12
   24.52
   33.87
   38.79
   37.97
   36.50
   60.77
   68.22
   67.25
   71.19
   44.03
   31.01
   37.32
   39.36
   39.53
   37.80
   33.47
   32.79
   32.96
   38.62
   40.52
   40.92
   43.47
   42.56
   40.92
   39.28
   38.88
   37.55
   36.33
   57.40
   58.05
   37.41
   35.25
   34.94
   37.24
   60.20
   60.34
   61.16
   36.73
   28.03
   36.59
   36.67
   51.68
   73.23
   77.33
   35.68
   36.33
   87.10
   85.86
  102.08
   33.61
   35.08
   34.43
   34.94
   50.35
   56.75
   33.61
   26.16
   25.43
   27.30
   28.37
   57.17
    5.32
    6.65
    5.24
    5.41
    5.58
    5.32
   34.69
   52.64
   49.70
   58.22
   56.35
    5.32
    5.49
    4.59
   20.59
    5.32
    6.65
    5.15
    5.01
    5.58
   27.38
   26.16
   25.43
   26.16
   26.82
   26.73
   26.56
   50.52
   34.69
   34.77
   34.43
   79.54
  102.51
   76.51
   52.33
   47.97
   51.25
   52.64
   77.73
   98.91
   75.29
   51.51
   53.24
   52.90
   51.17
   27.30
    5.49
    5.97
    6.06
   46.75
   49.78
   52.16
   74.39
   94.89
   94.97
   71.10
   50.69
   55.10
   53.97
   79.32
  102.34
   76.43
   54.37
   54.28
   54.85
   54.06
   53.07
   54.71
  130.14
  199.61
  204.67
  219.94
  234.12
  233.30
  200.65
  199.10
  197.62
  197.88
  199.83
  200.43
  194.34
   57.65
   42.48
  202.21
  159.82
  168.43
   83.39
   83.73
   37.15
   72.66
  163.44
  164.83
  164.75
  164.32
  166.13
  130.88
  130.31
  161.94
  163.27
  156.88
  160.64
  178.45
  157.30
  158.12
  224.69
  225.35
  226.00
  223.96
  224.64
  224.35
  224.86
  224.86
  228.21
  228.80
  111.20
   80.84
   30.10
   28.46
   40.44
   54.37
  154.89
    4.42
    4.50
    4.76
    4.59
  106.61
  106.27
   29.85
  115.45
  119.24
    5.32
    4.42
    4.36
    5.58
  130.40
   19.34
    4.42
    4.84
    4.84
    4.59
    4.02
    4.42
    5.15
   10.42
    5.10
    4.36
   14.44
   10.25
   11.55
   30.10
   10.59
    9.60
   10.51
   35.11
  149.82
   82.57
   10.51
   10.25
   10.65
   10.25
   10.90
    9.91
   16.40
    9.60
   10.25
    9.85
    9.85
   87.67
   83.65
   83.17
   35.42
   25.34
   25.00
   25.51
   15.83
   14.92
   15.26
   15.83
   16.08
   34.21
  133.66
  224.35
  239.45
  237.80
  241.17
  241.17
  191.25
  187.54
  187.63
  188.84
  157.70
  155.71
  137.68
   93.59
   77.42
  143.82
  174.83
  175.56
  175.34
  159.00
   59.95
   31.74
   29.45
  129.32
  124.91
  128.33
  113.41
   76.34
   78.47
   60.34
   27.64
   49.44
   18.38
    4.11
    4.28
    3.85
  161.94
  229.93
  247.97
  245.93
  241.00
  140.06
  228.06
  295.40
  340.88
  349.06
  451.60
  440.47
  429.62
  418.30
  332.01
  242.08
  244.94
  246.84
  247.01
  247.66
  247.72
  247.80
  247.89
  248.06
  248.23
  225.09
  223.05
  189.75
  212.55
  212.29
  212.55
  106.84
  159.08
   65.84
   67.00
  140.88
  141.30
  141.47
  140.14
  143.25
   39.84
   97.66
  145.46
  141.92
  141.95
  132.44
  145.97
   64.45
  108.91
  134.48
  161.94
  161.21
  161.86
  164.49
   60.51
  106.70
  133.51
    4.19
   78.98
   19.37
  134.34
  139.06
  137.11
  202.30
  204.45
  206.91
  201.56
  204.93
   74.22
  138.02
  199.35
  207.56
  204.28
  204.50
  207.62
  168.68
  137.11
  214.19
  214.36
  223.05
  212.97
  207.79
  136.69
  138.24
  140.39
  207.51
  207.14
  203.94
  206.66
  147.19
  153.51
  224.78
  225.43
  225.77
  159.25
  124.96
   88.07
   90.53
   96.59
  181.88
  181.65
  197.31
  104.15
   46.41
  123.35
  223.05
  224.86
  225.09
  224.69
  224.44
  180.15
   11.07
  116.95
  219.03
  219.12
  219.12
  219.37
  219.51
  219.20
  219.60
  219.60
  219.99
  220.16
  220.33
  220.67
  220.50
  221.58
  221.98
  178.11
  214.78
  215.01
  215.92
  216.31
  218.38
  218.78
  217.90
  215.75
  221.15
  221.15
  230.44
  221.92
  222.06
  222.15
  222.80
  222.80
  223.22
  223.96
  220.42
  226.65
   58.22
  226.42
  231.83
  231.75
  231.75
  231.66
  229.79
  229.45
  223.05
  231.32
  231.83
  231.91
  231.75
  232.06
  231.75
  231.32
  231.41
  231.18
  231.41
  228.89
  205.44
  196.72
  226.42
  230.75
  232.14
  232.57
  232.40
  231.09
  235.03
  236.59
  234.86
  228.72
  232.82
  230.36
  228.29
  229.93
  232.65
  234.38
  234.38
  234.04
  233.64
  195.84
  223.05
  200.99
  218.38
  218.72
  217.98
  142.26
  145.32
  142.21
  146.45
  144.59
   77.67
   61.90
   90.78
   85.21
   85.69
  168.77
  184.26
  208.44
  208.36
  208.36
  214.02
  217.39
  217.56
  217.47
  217.73
  217.39
  217.13
  217.13
  216.99
  172.36
  161.80
  100.86
   55.84
  164.18
  162.37
  183.35
  185.65
  186.89
   57.09
   59.04
  136.03
  140.48
  173.19
  206.23
  207.48
  207.48
   63.54
  173.61
  225.52
  231.09
  192.64
  192.47
  231.97
  259.58
  378.96
  406.63
  408.50
  408.41
  408.27
  453.38
  507.04
  506.96
  506.31
  505.54
  504.72
  436.48
  368.46
  367.55
  293.96
  241.66
  241.51
  241.26
  170.24
  134.00
  108.00
  107.60
  105.54
  108.34
  144.90
  117.43
   56.27
   29.02
   78.41
   30.10
   42.25
   28.29
   31.40
    4.76
   82.06
  115.62
   89.71
  116.04
  116.04
   91.52
   56.66
   51.08
   80.70
   78.81
   80.79
   81.75
   84.30
   28.63
   27.89
   81.33
   81.75
   82.74
   81.10
   79.15
   25.60
   25.51
   57.23
   60.12
   57.31
   58.96
   16.14
   16.40
   15.09
   60.94
   58.05
   58.73
   51.00
   49.53
   16.99
   16.48
   57.40
   15.26
   25.51
   28.20
   27.89
    4.36
    4.59
   41.40
   30.67
   34.04
   44.46
   32.14
   33.13
   32.14
   75.38
  101.52
   81.01
   98.32
   95.37
   95.77
   94.21
   45.51
   43.13
   47.23
   47.66
   40.83
   97.27
   97.49
   48.48
   97.35
   95.03
  111.40
  126.46
  126.21
  126.12
  126.21
  125.87
  125.08
  124.17
  123.66
  123.83
  123.91
  123.74
  123.91
  123.66
  124.82
  124.74
  121.05
  124.25
  124.00
   99.39
  123.91
  120.35
  121.37
  125.47
  125.39
  125.22
  125.30
  125.22
  125.47
  125.39
  125.39
  126.29
  126.46
  124.88
  127.03
  126.94
  127.68
   83.22
   81.75
  124.96
  124.23
   84.04
  126.21
  125.78
   84.13
   85.04
  125.22
  125.47
  126.60
  126.29
  126.21
  119.33
  127.51
  127.60
   94.38
  123.26
  124.48
  124.40
  124.34
  124.25
  124.57
  120.37
  123.18
  123.18
  123.26
  123.26
  123.09
  123.83
  124.48
  124.57
  124.40
  124.17
  124.34
  125.13
  125.56
  125.95
   62.58
  125.22
  128.59
  120.37
  128.50
  128.42
  128.25
  128.42
  128.28
  128.19
  115.14
  123.26
  124.91
  126.52
  126.43
  126.26
  126.35
  126.43
  126.26
  127.17
  127.00
  126.77
  126.77
  126.60
   80.93
   80.36
   79.97
  123.09
  126.04
  126.04
  125.95
  125.78
  125.78
  125.70
  125.05
  124.31
  125.22
  125.22
   87.02
  122.58
  123.26
  123.91
  123.91
  119.50
  116.38
   82.01
  116.52
  116.86
  102.11
   81.18
   81.10
   77.33
   52.33
   53.97
   57.57
   60.60
   57.74
   57.09
   57.17
   50.26
   50.43
   60.20
   57.23
   71.19
   72.09
   80.87
   71.10
   60.37
  101.52
  100.61
   98.57
   99.31
   99.56
   56.58
   59.21
  101.20
  106.78
  113.15
  114.71
  116.61
   52.90
   52.64
  114.71
  114.65
  114.74
  113.66
  115.48
   80.02
  113.89
  114.48
  116.04
  116.04
  115.96
  116.52
   80.84
  114.57
  114.32
  114.06
  116.44
  119.89
  119.81
   83.08
  117.77
  118.59
  118.42
   66.91
   66.35
   66.83
   65.86
   71.50
   99.31
   18.29
   18.21
   94.63
   48.05
   46.98
   46.58
   93.64
  133.51
  133.83
   19.77
   29.02
   26.65
   30.02
   40.75
   28.46
   28.80
   30.75
   35.59
   31.83
   29.76
   78.41
   79.97
   79.46
   80.11
   79.15
   29.19
    5.75
    4.93
  132.69
  197.06
  298.69
  315.65
  363.98
  323.58
  356.93
  360.39
  409.01
  460.80
  459.78
  458.90
  457.83
  456.58
  455.84
  455.36
  400.32
  344.76
  344.50
  344.42
  281.30
  246.10
  247.66
  247.97
  247.97
  241.17
  243.38
  243.07
  244.29
  244.77
  243.72
  112.76
  110.38
   56.27
  157.44
  137.20
  129.72
  148.92
  108.65
  110.63
  109.56
   49.95
   75.10
   97.41
   57.82
  107.60
   57.48
   58.30
   85.46
   93.08
   87.67
   87.84
   97.58
   97.41
   85.69
   42.48
   35.42
   80.36
  339.83
  421.07
  415.32
  415.10
  422.12
  432.00
  431.01
  430.05
  387.74
  343.45
  343.20
  341.81
  342.72
  342.80
  342.80
  297.69
  254.06
  254.37
  254.29
  235.77
  215.43
  215.60
  246.10
  200.43
  206.97
  209.03
  207.39
  208.21
  208.44
  207.79
  155.23
  182.87
  246.50
  218.69
  257.99
  244.37
  250.52
  259.38
  260.03
  258.22
  257.40
  257.32
  257.34
  257.40
  258.22
  221.98
  182.79
  208.70
  213.14
  206.32
  104.97
   36.98
   27.81
   85.77
   24.92
   42.65
   86.85
   47.80
   43.95
   21.72
   25.74
   24.52
   25.82
   24.78
   30.10
   35.34
   24.27
   45.28
   41.43
   40.44
   42.65
   42.73
   28.20
   28.29
   29.02
   23.79
   20.33
   24.52
   23.45
   24.52
   25.60
   25.66
   22.88
   23.62
   10.02
    7.67
   21.24
   23.05
   23.96
   47.80
   51.51
   57.82
   45.02
   50.35
   46.98
   46.50
   48.62
  118.42
  118.25
  123.57
   68.72
   70.11
  122.84
  122.75
   20.25
   24.10
   52.16
   33.39
   38.23
   62.07
   51.00
   43.78
   41.82
   48.62
   49.70
   53.55
   59.95
   61.11
   65.27
   62.41
   62.41
   56.58
   77.08
   99.17
  192.10
  191.54
  110.95
   83.73
   70.28
   89.71
  121.85
  107.75
  106.61
  145.15
   95.94
  146.85
  147.05
  192.78
  203.37
  200.09
  200.57
  197.45
  104.89
  106.19
  180.24
  179.93
  166.70
  167.52
  163.53
  129.80
  135.21
  207.31
  226.59
  226.51
  226.59
  226.00
  132.52
  135.72
  233.13
  157.70
  145.32
  226.17
  228.21
  135.72
  145.80
   91.18
   72.09
  113.75
   74.78
  109.64
  101.94
  114.23
  174.66
  171.15
  165.23
  173.53
  111.03
  113.83
  111.85
  160.08
  156.62
  159.91
  160.47
  161.94
  114.32
  115.31
  125.39
  126.94
  129.72
  157.13
  162.62
  119.64
  119.47
  119.64
  165.00
   35.68
   38.37
  160.47
  207.22
  117.83
  160.47
  160.16
  164.32
  165.31
  164.49
  126.12
  127.94
  172.87
  166.30
  107.60
   92.09
   89.96
   69.55
   68.72
   95.20
   56.41
   76.17
   81.10
   87.19
   86.37
   87.33
  103.50
  117.18
  155.06
  148.52
  165.09
   85.29
   91.18
  176.73
  173.53
  173.53
  173.27
  172.48
   47.40
   52.73
  186.07
  188.93
  188.02
  185.50
  108.26
   83.65
   85.12
   56.44
   36.59
   56.92
   57.23
   57.09
   98.97
  100.89
   60.29
   58.13
   60.29
   60.29
   61.50
  100.38
   99.00
   82.49
   82.40
   82.66
   82.26
   86.45
   96.02
   96.19
   94.97
   94.72
   90.61
   36.59
   97.18
  101.69
  108.34
   99.82
   99.87
   99.96
   97.66
   75.21
   73.79
   79.80
   99.73
   97.01
   98.15
   35.68
   39.53
   39.93
   39.70
   35.51
  182.05
  290.59
  389.61
  455.56
  477.88
  479.21
  479.12
  479.06
  479.80
  479.18
  479.97
  480.14
  480.14
  480.31
  481.22
  480.82
  479.91
  408.16
  337.68
  336.77
  335.64
  335.95
  335.13
  288.92
  242.99
  242.65
  227.47
  161.38
  206.88
  207.05
  206.88
  270.91
  346.23
  346.17
  280.39
  183.46
  231.49
  231.41
  232.14
  231.66
  233.13
  232.88
  232.79
  233.87
  234.04
  233.13
  233.78
  234.69
  235.60
  188.39
  221.75
  135.55
  129.07
   38.45
   36.73
  102.99
  107.66
  108.74
  138.36
  133.83
   64.62
   65.10
  122.36
  116.89
  116.61
  114.88
  117.51
   66.18
   66.35
  138.07
   73.71
  139.01
   93.16
   40.92
   37.41
   39.53
   39.28
   39.45
   29.85
   38.37
   29.85
   29.45
   30.58
   29.28
   30.50
   29.93
   31.09
   22.40
   27.07
   24.10
   22.71
   23.22
   22.54
   23.45
   23.36
   21.32
   21.24
   22.23
   19.34
   20.33
   19.94
   40.92
   59.04
   60.60
   22.96
   26.56
   20.16
   92.26
  120.97
   20.59
   20.42
   21.24
   20.93
   19.77
   18.77
   18.29
   21.24
   19.51
   78.81
   84.87
   81.01
   78.55
   78.89
   21.07
   21.07
   50.43
   49.21
   50.43
   50.86
   54.79
   21.15
   21.07
   29.36
   62.33
   59.38
   50.52
   52.07
   49.44
   50.35
   51.42
   51.99
   52.47
   38.06
   36.33
   37.49
   37.63
   37.72
   35.91
   22.06
   19.85
   36.50
   21.32
   21.07
   36.42
   38.14
   40.61
   36.98
   40.75
   21.15
   21.89
   31.18
   21.49
   21.75
   35.17
   24.04
   22.48
   34.04
   82.35
   81.84
   29.68
   24.78
   24.27
   35.51
   23.96
   23.90
   34.04
   35.03
   33.39
   33.39
   29.59
   19.11
   30.75
   45.59
   28.46
   30.50
   31.15
   28.80
   28.71
   31.01
   33.95
   27.16
   29.45
   29.53
   15.26
    5.66
    5.49
   28.20
   38.54
   36.59
   36.73
   59.21
   33.61
   53.29
   35.34
   47.32
  106.19
   71.42
   55.27
   52.41
   84.87
   84.78
  120.80
  120.29
   53.15
   55.70
   57.09
  113.24
  103.89
  106.10
  109.22
  107.01
  106.36
  108.17
  108.40
  108.26
   73.79
  108.34
  108.82
   54.93
   54.85
  107.35
  104.32
  102.25
   65.27
  102.34
   76.34
   77.73
  106.19
  104.46
  106.27
  106.27
  102.76
   78.98
   77.08
  167.78
  160.16
  149.74
  158.77
  154.41
   81.18
   92.09
  178.93
  175.39
  146.96
  133.43
   64.36
   52.98
   46.01
  142.43
  202.55
  160.39
  142.04
  143.34
   80.11
   76.43
  174.01
  182.87
  170.72
  174.66
  183.69
   50.91
   50.91
  154.41
  185.90
  181.62
  189.10
  188.19
  106.19
  104.80
  104.55
  106.61
  151.72
  201.47
  141.13
  123.49
  123.40
  150.56
  121.71
  140.06
  125.70
  130.71
   45.68
   42.93
  144.50
  153.34
  156.39
  147.62
   64.05
    5.41
    5.66
    5.83
    7.19
    5.55
    6.06
    7.05
    5.66
    5.97
   51.42
   51.51
   58.39
   55.02
   57.40
   44.88
   65.61
  100.95
  100.13
  100.30
  102.93
   99.56
   66.18
   98.97
   98.97
  100.69
  102.42
  102.85
   93.25
   69.06
  109.30
  103.84
  103.89
  101.46
  102.90
  103.24
   57.62
  109.81
  105.31
   87.41
  104.63
  104.49
  103.72
   89.40
  143.85
  142.69
  149.74
  149.91
  146.45
  142.69
   79.15
   85.04
  172.45
  173.61
  178.85
  180.24
  189.67
  107.18
   24.27
    5.66
    5.92
    6.14
    5.66
    9.26
    6.48
    5.92
   93.64
  137.37
  121.11
  175.08
  169.42
   98.40
  175.65
  170.81
  170.16
   85.60
   88.49
   90.87
   86.28
   87.10
   87.75
  140.14
  142.86
  141.78
  139.15
   14.84
   13.85
  168.20
  175.34
  173.44
  173.10
  233.05
  233.73
  233.73
  232.31
  232.48
  232.74
  233.13
  232.88
  232.40
  232.79
  233.56
  233.47
  233.05
  213.14
  219.37
  223.79
  223.96
   66.83
    6.40
    5.58
   89.06
  216.09
  235.34
  207.14
  207.65
  207.87
  206.57
  204.02
  198.05
   48.39
   48.96
   81.35
   82.40
   84.47
   84.38
   80.79
   49.53
   47.66
   80.36
   78.98
   93.90
   95.77
  141.05
   69.80
   68.16
  138.75
  134.48
  135.81
   38.28
   29.45
   85.94
   84.87
  104.40
   90.44
   87.67
  126.12
   86.93
   28.94
   29.68
  100.78
   83.22
   83.90
   75.78
   81.35
   43.13
   43.04
  195.75
  188.68
  165.00
  163.76
  163.27
  202.64
  201.56
  200.91
  200.57
  198.95
  199.18
  200.74
  200.57
  200.74
  200.74
  200.99
  200.65
  200.82
  199.83
   52.41
   33.05
   47.15
   29.19
  132.04
  204.67
  228.12
  245.37
  248.79
  248.40
  247.15
  248.79
  247.40
  245.85
  244.37
  234.27
  244.12
  245.28
  244.37
  244.69
  244.94
  244.37
  244.37
  244.37
  244.77
  244.86
  245.11
  226.65
   91.52
  123.18
  147.11
  143.51
  141.95
  144.42
  137.45
   27.30
   20.42
   60.85
   31.18
   32.22
  108.57
   34.21
   28.20
   30.58
   31.97
   30.36
   25.51
   30.67
   30.67
   28.20
   39.62
   61.99
   35.51
   43.21
   36.90
   33.70
   30.30
   28.71
   28.85
   28.12
   28.46
   28.29
   26.16
   30.02
   27.98
   28.37
   30.41
   34.38
   29.36
   30.02
   30.58
    8.78
    8.61
   28.46
   52.41
   48.31
   50.35
   36.25
   36.50
  135.81
  152.37
  155.97
  153.93
  155.97
   34.21
   37.15
  135.07
  135.98
  110.86
  113.66
  113.89
  111.03
  115.22
  106.92
   91.04
   98.66
   94.89
   92.51
   43.86
   42.22
   77.90
   82.49
   83.82
   81.10
   80.70
   45.51
   43.13
   72.97
   73.48
   72.92
   82.66
   74.70
   39.62
   45.19
   92.09
  105.79
  102.34
   93.81
   95.94
   39.87
   47.06
  104.97
  109.22
  102.59
  104.97
  101.52
  104.97
  100.52
  129.72
  121.79
  163.76
  166.47
  164.10
  120.80
  166.90
  167.86
  172.70
  171.46
  171.63
  127.60
   87.67
   88.07
  124.74
  114.23
  126.52
  125.47
  179.76
  117.09
  118.73
  147.84
  151.55
  150.31
  149.09
  148.83
   92.09
   90.44
  152.12
  150.90
  158.77
  167.78
  153.19
  132.52
   78.72
  170.41
  163.10
  131.19
  153.85
  156.22
  104.46
  103.24
  106.44
  153.68
  149.26
  149.26
   98.74
   97.66
   97.66
  149.57
  154.07
  152.60
  149.99
  150.31
  113.41
    6.71
  153.02
  155.32
  144.08
  153.68
  153.59
   57.82
   55.53
  153.11
  155.15
  134.48
  129.24
  151.69
   53.46
   57.74
   73.06
   73.88
   77.59
   83.08
   75.04
   58.39
   53.15
   73.96
   78.24
   72.97
   69.46
   70.03
   50.26
   58.73
   57.17
   58.73
  108.48
   58.05
   60.34
   57.48
   52.90
   56.49
   55.36
   60.12
  121.03
   68.24
   98.97
   41.65
   67.90
   87.50
   86.11
   59.13
   60.34
  111.34
   73.71
    6.14
   35.91
   64.70
  118.73
  119.72
   92.99
   85.94
   50.43
   64.14
   73.40
   71.02
   54.65
   53.80
   48.39
   80.11
   81.35
   78.72
   14.10
   10.82
   10.90
   24.27
   66.66
   67.34
   65.16
   27.78
   29.62
  101.23
   51.79
  184.65
  224.78
  233.98
  221.10
  224.64
  223.70
  223.82
  215.80
  224.07
  214.98
  223.59
  228.66
  224.30
  224.07
  224.07
  223.93
  219.34
  219.23
  220.39
  221.81
  221.81
  223.59
  223.82
  199.15
  198.22
  198.10
  198.22
  198.22
  198.22
  198.22
  198.10
  198.33
  198.22
  198.10
  197.88
  193.49
  191.62
  191.96
  189.95
  190.43
  191.25
  191.85
  209.20
  222.17
  222.77
  222.88
  223.36
  221.81
  221.95
  222.88
  195.39
  196.32
  195.61
  193.63
  191.37
  190.32
  203.99
  214.87
  223.70
  223.70
  223.82
  223.70
  223.70
  223.82
  224.18
  224.41
  220.76
   11.92
   56.86
  290.42
  429.37
  512.00
  511.66
  511.23
  511.03
  510.78
  410.62
  338.41
  292.99
   99.93
  261.65
  463.49
  596.44
  596.58
  596.49
  432.94
  280.62
  411.02
  554.10
  641.72
  647.01
  585.37
  382.08
  238.57
  380.13
  503.73
  503.76
  501.15
  501.29
  372.34
  235.40
  238.46
  238.94
  238.57
  239.39
  239.76
  240.10
  239.99
  125.19
  123.89
   39.76
   42.70
    0.00
   10.02
  227.21
  485.92
  626.93
  609.18
  486.37
  507.98
  442.96
  340.76
  414.62
  519.13
  518.31
  499.71
  271.98
  235.62
  212.91
  440.98
  431.44
  282.94
  418.86
  545.50
  547.08
  546.74
  546.60
  381.68
  242.22
  243.19
  241.77
  229.25
  182.42
  138.53
  108.79
   48.14
   48.85
   74.81
   94.75
   93.56
  105.37
   98.29
   46.24
   50.86
   89.42
   90.73
   95.46
   92.96
   88.97
   66.91
   67.48
   55.33
   39.59
   57.62
   58.16
   61.82
   58.98
   58.16
   69.97
   31.97
   64.05
   56.15
   58.53
   56.04
   55.33
   57.34
   59.58
   62.89
   62.30
   61.48
   60.17
   61.11
   87.78
   90.61
   85.89
   86.37
   87.78
   53.69
   48.85
  100.19
   89.42
   97.10
   90.73
   90.39
   41.77
   41.43
  101.01
   94.27
   90.73
   78.58
   80.48
   80.00
   87.56
   88.60
   83.05
   75.75
   83.19
   74.44
   77.39
   79.40
   77.98
   83.90
   83.90
   77.16
   79.77
   80.22
   78.35
   80.48
   82.12
   79.88
   43.41
   43.41
   89.08
   84.24
   85.77
   85.43
   84.84
   84.02
   84.47
   85.55
   85.18
   89.91
   80.59
   85.77
   88.01
   86.73
   95.31
   85.89
   86.59
   81.78
   84.02
   84.13
   83.19
   94.27
   78.24
   93.45
   63.83
   62.41
   84.02
   80.36
   76.94
  107.83
  115.16
   97.21
  111.85
  113.27
   82.94
  113.64
  112.45
  130.74
  127.65
  122.36
  123.18
  124.48
  128.02
  130.48
  166.47
  167.55
  180.18
  177.69
  175.22
   99.59
  100.75
  103.02
  140.28
  136.40
  137.11
  141.24
  101.35
  161.89
  168.37
  168.85
  171.09
  183.58
  159.88
  110.55
  177.91
  161.89
  178.99
  178.28
  183.35
  183.95
  108.79
  181.94
  183.12
  180.89
  179.70
  179.81
  187.37
  112.08
  187.00
  189.50
  191.14
  190.66
  187.97
  185.25
  108.54
  188.87
  188.79
  191.14
  190.43
  189.95
  189.38
  109.25
  186.89
  185.84
  185.84
  185.84
  185.59
  184.06
  110.32
  185.96
  121.54
  102.17
  102.05
  176.50
  178.88
  105.96
  185.70
  178.40
  178.40
  178.40
  169.08
  180.18
  127.91
  185.25
  186.89
  185.59
  184.06
  186.41
  190.80
  134.62
  192.33
  189.01
  188.19
  192.07
  191.85
  190.43
  132.75
  191.51
  191.14
  187.97
  188.19
  113.75
  120.71
  116.10
  117.88
   26.08
    6.03
   41.65
   44.00
  133.20
  105.14
  186.89
  186.66
  100.30
   96.99
   59.47
   91.44
   96.50
  184.17
   79.77
   76.34
   80.82
   77.98
  167.18
   82.94
   77.64
  150.90
   79.06
   93.81
   83.42
   83.19
   29.62
   30.10
   89.20
   85.43
   30.67
   25.37
   27.27
   25.85
   30.33
   25.85
   52.61
   57.57
  106.30
   22.31
   20.30
   21.46
   23.47
   26.56
   28.43
   27.13
   19.23
   22.43
   17.92
  178.88
  174.86
  170.98
  180.41
  181.23
  181.34
  181.23
  177.46
  187.60
  186.41
  195.75
  195.39
  195.39
  195.39
  195.39
  195.98
  187.49
  189.38
  189.72
  189.72
  188.79
  184.29
  182.76
  184.06
  160.36
  125.19
   33.50
   28.80
  105.37
  112.08
   55.93
   47.54
   49.78
   31.15
   32.08
  112.33
  177.57
  179.10
   98.88
  115.50
   92.51
   90.50
  132.49
   93.22
   98.29
   47.09
   24.44
   44.60
   43.78
   96.76
   96.87
   96.99
   98.63
   98.40
  101.60
  109.13
  108.54
   88.26
  105.25
  107.72
  106.41
  102.31
  102.65
  102.54
  102.05
  102.17
  104.43
  107.60
  107.60
  107.60
  107.60
  107.38
   69.49
   71.50
   69.15
   78.24
   51.20
   57.12
   25.00
   27.38
   25.26
   26.19
   33.87
   36.33
   29.14
   31.63
   25.71
   24.44
   25.00
   24.07
   32.79
   25.37
   23.47
   24.55
   25.60
   26.08
   23.73
   23.59
   23.96
   25.37
   24.78
   24.89
   26.56
   25.26
   25.85
   25.37
   25.85
   25.60
   24.55
   25.37
   24.44
   25.60
   25.85
   26.08
   25.49
   25.26
   25.85
   27.72
   28.54
   28.43
   28.32
   66.77
   65.61
   66.43
   73.28
   81.89
   68.67
   85.43
   99.70
   99.34
   98.77
   48.73
   49.21
   96.28
   96.76
  100.19
   52.05
  101.94
  101.94
  101.83
   52.75
   44.00
   42.56
   91.69
   92.51
   52.05
   53.01
   71.53
   91.55
  111.74
   86.96
   88.38
   69.49
   67.85
   85.55
   87.30
   79.17
   81.07
   78.10
   69.15
   69.26
   88.60
   88.97
   83.76
   84.02
   82.94
   69.15
   67.48
   88.72
   88.38
   88.38
   89.91
   88.26
   65.24
   68.67
   88.97
   90.73
   89.31
   93.67
   97.10
   68.78
   69.86
   92.40
  123.55
  117.40
  118.11
  116.69
  112.45
   82.35
  115.76
  112.22
  118.11
  120.83
  118.82
   76.12
   72.43
   71.87
   71.50
   70.68
   86.03
   90.02
   59.58
   60.40
  115.87
  115.99
  115.76
  116.10
  115.62
   70.08
   69.15
  115.76
  118.70
  120.57
  121.05
  124.48
   58.42
   56.52
  114.91
   79.17
   70.57
   72.92
  113.38
  112.22
   58.87
  107.49
  107.49
  106.41
  106.41
  108.09
  108.79
  107.49
   63.83
  110.32
  110.32
  110.55
   68.56
   59.47
   59.13
  109.95
  107.97
  110.92
  113.64
  121.99
  128.25
  123.89
  111.51
  111.03
  102.54
   72.80
  114.80
  183.83
  228.32
  225.01
  218.75
  215.09
  218.15
  226.42
  227.02
  226.53
  224.07
  223.00
  220.87
  224.30
  224.18
  223.70
  223.11
  214.73
   97.69
   78.81
  110.55
  118.00
   92.74
   97.21
  111.96
  113.27
  116.47
  120.71
  120.71
  120.94
  120.46
  116.33
  118.11
  101.83
   97.35
  115.16
  111.51
  116.44
  113.15
  114.57
  114.34
  113.75
   27.61
  108.20
  117.63
  118.11
   99.22
   91.44
  110.32
  114.46
  114.80
  116.10
  116.21
  105.59
  106.56
   95.23
  103.02
  107.38
  108.09
  108.09
  107.26
  104.89
  108.79
  107.01
  108.43
  108.91
  150.48
  192.92
  193.09
  192.24
  153.00
  106.19
  107.60
  107.49
  104.77
  105.96
  104.89
  107.49
  104.66
  107.38
  104.66
  103.84
   98.17
  103.58
  104.77
  103.72
  103.24
  103.13
  103.84
   78.35
  102.88
  104.18
  105.25
  105.25
  102.17
  103.36
  105.85
  102.31
  107.49
  106.30
  107.01
  106.78
  107.26
   89.08
  104.55
  106.90
  105.96
  105.71
  106.67
  107.12
  106.90
  106.78
  107.01
  103.72
  106.19
  105.59
  106.19
  105.00
   97.58
  108.68
  174.15
  225.49
  213.08
  214.27
  206.60
  230.19
  169.31
  268.10
  407.71
  459.58
  456.04
  462.07
  461.20
  461.54
  462.78
  463.43
  462.07
  399.92
  280.45
  219.34
  217.33
  221.69
  217.45
  218.52
  217.11
  217.81
  214.02
  218.75
  219.82
  219.68
  218.41
  220.05
  221.24
  220.76
  202.69
  146.31
  163.05
  218.27
  219.34
  208.50
  186.66
  187.60
  187.26
  186.66
  184.77
  143.11
  137.70
  155.86
  186.78
  184.65
   93.56
  105.96
   90.73
   90.50
   93.56
   91.32
   45.68
   44.37
  125.19
  127.79
  133.09
  185.96
  188.08
   61.82
   24.89
   93.33
  168.60
  167.89
  122.13
  122.13
   46.38
   43.66
  160.36
  162.00
  153.02
  112.22
   34.57
  114.20
  112.56
  156.22
  155.03
  117.29
  117.74
  113.15
   33.16
   30.21
   30.67
  119.75
  131.08
  132.86
  131.67
   44.49
   40.83
   16.51
   32.79
    9.68
   12.40
   11.44
   10.85
   10.62
   20.42
   10.51
   33.75
   43.55
   44.00
   40.35
   41.65
    7.45
   56.63
   70.68
   58.16
   44.49
   30.21
   30.67
   27.72
   27.01
   39.76
   39.64
   30.44
   30.92
   30.33
   46.24
   29.73
   86.96
  127.65
  102.76
   74.33
   61.82
  216.28
  240.92
  233.61
  236.81
  236.56
  240.10
  240.69
  240.35
  243.75
  247.66
  246.13
  246.72
  248.37
  247.89
  248.59
  170.13
  158.94
  156.45
  164.35
   82.83
   82.12
  141.36
  132.98
  168.60
  127.91
  126.83
   86.37
   88.49
  125.42
  124.11
  122.36
   66.20
  122.95
  105.59
  103.58
  123.06
  131.79
  118.45
  102.76
  101.23
  102.65
  103.24
  126.49
  133.80
   65.50
  130.74
  133.20
  101.71
  101.60
  113.64
  115.99
  130.37
  130.48
  140.39
  111.14
  111.62
  103.24
   97.92
   98.63
   96.87
   99.59
  115.28
  112.45
  128.36
   94.52
  102.76
  100.04
  128.02
   70.57
   70.91
  139.35
  139.94
  156.56
  152.68
  156.34
   99.48
   99.34
   88.60
   98.17
  104.06
  111.37
  107.97
  107.60
  117.29
  190.43
  176.75
  121.65
  155.40
  134.73
  162.00
   96.76
  187.12
  191.25
  190.32
  190.91
  189.50
  105.37
  112.45
  112.45
  191.03
  190.20
  147.36
  191.37
  191.25
  189.72
  191.03
  191.37
  185.84
  192.33
  191.51
  191.73
  191.73
  118.93
   96.59
  156.93
  194.68
  181.34
  189.24
  184.17
  111.51
  116.47
  153.62
  113.49
  169.67
  160.10
  193.15
  197.88
  203.77
  205.52
  203.99
  206.49
  205.52
  209.06
  209.91
  218.04
  192.55
  209.91
  205.52
  209.54
  210.25
  196.09
  211.78
  211.33
  210.85
  211.78
  208.36
  187.83
  207.42
  206.94
  207.53
  210.96
  209.66
  194.90
  201.64
  205.52
  203.88
  203.54
  160.36
  203.54
  204.11
  199.15
  211.44
  208.24
  184.54
  189.13
  203.99
  198.93
  202.95
  208.95
  208.61
  186.66
  202.47
  207.79
  198.59
  186.55
  195.75
  198.33
  174.38
  196.58
  198.93
  183.01
  135.44
  139.57
  185.14
  188.42
  139.69
  138.41
  136.63
   28.91
  199.86
  231.60
  226.76
  231.97
  238.09
  229.59
  231.86
  231.86
  240.81
  231.60
  231.38
  296.42
  354.89
  357.75
  356.68
  356.20
  357.92
  354.36
  346.26
  344.53
  346.06
  347.53
  346.48
  344.11
  343.82
  289.77
  229.85
  187.12
  173.10
  196.32
  201.42
  219.57
  228.77
  228.66
  227.72
  228.43
  229.03
  229.37
  229.85
  230.56
  228.89
  228.32
  227.24
  225.60
  215.80
  200.82
  230.41
  226.42
  224.52
  226.19
  173.44
  222.77
  223.36
  222.88
  223.59
  223.70
  210.25
  229.14
  223.11
  222.66
  223.70
  224.64
  228.06
  228.06
  227.47
  228.06
  229.37
  219.82
  229.37
  229.37
  229.85
  230.67
  230.44
  231.60
  231.86
  232.08
  231.49
  230.19
  209.43
  166.47
  163.53
  163.53
   98.17
  109.61
  163.42
  169.42
  166.96
  168.49
  167.18
  193.63
  194.34
  120.83
  206.83
  237.63
  235.51
  297.16
  354.89
  357.25
  357.59
  356.65
  354.67
  354.02
  354.27
  357.50
  360.02
  360.28
  299.54
  238.94
  242.34
  110.21
   57.00
   57.82
  144.42
  184.88
  183.58
  184.40
  185.25
  183.58
  184.54
  183.95
  138.75
  138.53
   89.08
   84.95
   29.96
   30.67
   84.13
   81.30
   47.54
   81.89
   39.05
   30.81
   11.69
   84.24
   84.13
   30.44
   29.02
   41.99
   31.26
   30.67
   30.10
   32.56
   67.03
   31.38
   30.92
   31.38
   33.64
   29.96
   31.26
   33.87
   31.26
   37.89
   29.51
   29.39
   29.73
   30.81
   30.44
   29.25
   26.42
   27.38
   25.85
   27.84
   23.84
   28.68
   29.02
   29.14
   29.39
   26.79
   27.61
   28.09
   27.98
   26.79
   27.38
   26.19
   26.90
   26.31
   31.52
   87.19
   29.96
   32.08
   31.15
   31.15
   30.55
   29.62
   86.59
   29.51
   28.32
   30.33
   33.87
   30.81
   29.73
   78.24
  108.79
  108.31
   30.33
  105.96
  110.10
  164.12
  163.76
  168.49
  172.51
  170.84
  168.49
  189.38
  168.37
  176.39
  169.79
  169.56
  169.31
  170.72
  173.33
  186.07
  188.90
  182.64
  180.52
  166.02
  150.67
  181.34
  138.16
  144.08
  144.08
  133.09
   89.31
   85.18
  146.65
  176.75
  172.73
  173.33
  170.61
   55.44
   60.54
  147.02
  140.65
  143.37
   84.84
  172.14
   95.68
   94.75
  185.25
  150.08
  124.25
   84.13
  110.18
   83.76
   84.24
  142.07
  141.47
  140.65
  141.95
  165.17
   98.77
   83.65
  175.08
  179.59
  169.08
  173.44
  160.10
   99.00
  131.33
  170.50
  171.20
  167.44
  163.05
  170.27
   99.48
  101.12
  170.47
  183.01
  182.05
  197.62
  186.30
  135.21
  103.36
  104.55
  135.10
  171.43
  168.85
  163.19
   75.97
   89.79
  163.30
  167.30
  167.78
  168.37
  167.66
  101.23
   93.33
  174.26
  165.65
  169.67
  174.38
  164.35
   95.94
   97.35
  171.43
  176.87
  177.69
  157.16
  165.54
   99.00
   98.17
  166.47
  167.55
  166.84
  167.89
  167.66
  103.13
   97.10
  167.07
  178.40
  187.26
  156.22
  156.34
   88.01
   83.31
  139.35
  149.26
  152.57
  153.51
  147.73
   39.42
   47.80
   98.77
   97.69
  100.41
  103.67
  133.80
   45.79
   44.97
   48.25
  105.71
  102.42
   98.63
   99.22
   30.10
   26.79
  167.07
  177.21
  172.02
  190.32
  193.97
  190.32
  189.24
  189.24
  192.92
  192.67
  187.97
  187.60
  144.19
  187.83
  190.09
  190.20
  189.72
   86.03
   77.28
    6.26
    6.60
   71.98
   78.24
   95.23
   57.45
   57.00
   33.98
   33.16
   68.19
   71.87
   69.86
   74.44
   70.68
   58.98
   56.75
  110.32
  129.07
   28.43
   26.31
   31.26
   15.69
   15.57
   70.79
   53.32
   61.96
   62.41
   61.25
   14.87
   15.46
   27.27
   27.01
   27.13
   26.19
   26.67
   30.44
   30.55
  128.36
  129.07
   26.79
   23.36
   20.42
   26.56
   27.27
   23.73
   27.38
   27.01
   75.63
   81.64
   26.19
   26.79
   78.47
   74.81
   77.16
   78.95
   80.36
   25.85
   26.67
   56.63
   57.12
   58.05
   57.94
   52.87
   27.27
   26.56
   57.94
   58.64
   59.13
   50.86
   54.99
   53.69
  112.56
  140.54
  141.58
  169.42
  186.89
  186.41
  183.58
  180.75
  180.52
  185.25
  187.26
  172.25
  184.65
  184.43
  184.29
  183.83
  184.77
  121.99
  126.24
  128.95
   82.23
   82.60
  170.72
  135.92
  113.04
  113.15
  113.49
   30.33
   27.01
   27.13
   35.06
   29.14
   29.39
   28.91
   28.54
   32.34
   74.44
   67.85
   75.27
   80.70
   78.47
   29.39
   29.14
   31.38
   31.38
   27.38
   31.26
   28.91
   30.92
   84.72
   49.44
   53.21
   52.75
   52.50
   48.73
   29.73
   27.98
   28.80
  131.56
   37.18
   29.51
   23.02
   10.73
   10.34
   52.87
   42.48
   42.48
   62.89
  107.12
  190.09
  187.71
  103.58
   26.56
   79.77
   94.75
  204.70
  256.86
  120.94
  179.33
  432.71
  661.00
  725.45
  712.14
  733.29
  753.31
  701.46
  596.92
  534.62
  469.58
  417.79
  414.36
  385.59
  362.77
  316.78
  260.18
  261.00
  260.88
  260.51
  260.51
  260.74
  314.71
  452.70
  469.78
  428.35
  394.48
  364.27
  305.68
  266.29
  263.46
  260.88
  262.87
  153.73
   72.69
   95.57
  218.63
  265.36
  108.43
   93.33
  103.58
   90.39
  130.14
  125.53
  188.31
  141.95
   94.38
   93.81
  115.28
  115.50
  149.85
  145.94
  140.99
  142.66
  178.51
  189.84
  250.12
  262.04
  262.30
  262.30
  260.29
   95.23
  107.97
  123.55
  149.60
  146.91
  157.38
  149.60
   27.72
   41.99
  159.51
  153.36
  148.78
   83.90
   60.40
   27.98
   27.27
  111.85
  142.89
  151.01
  149.26
   54.74
   31.04
   27.27
   87.30
   79.51
   92.51
  117.40
   84.95
   44.37
   54.62
  149.37
  140.54
  141.58
  155.52
  156.93
  110.80
   96.87
  149.00
  157.38
  160.22
  154.89
  159.28
   98.63
   96.87
  159.99
  156.79
  157.16
  163.19
  163.42
  113.64
   93.56
  161.41
  161.29
  158.46
  177.46
  178.40
  106.90
  105.85
  183.24
  183.46
  177.21
  186.41
  182.76
  164.95
  144.53
  142.66
  155.86
  151.98
  164.35
  163.53
  166.47
  167.18
  167.30
  164.12
  163.64
  159.40
  160.10
  109.50
  108.68
  109.73
  129.78
  135.10
  136.63
  145.01
  149.74
  149.48
  164.80
  160.33
  156.82
  154.81
  153.14
  153.02
  158.57
  158.57
  162.34
  141.58
  143.48
  134.17
  142.29
  140.17
  147.13
  140.76
  144.53
  197.28
  200.12
   98.06
   91.10
  203.29
  197.62
  115.62
   82.23
   82.12
   81.89
   54.17
  120.35
  105.25
  106.41
  107.49
  109.02
   70.20
  129.55
  113.86
  113.86
  124.25
  144.42
  150.56
   59.58
   58.16
  141.70
  118.00
  140.28
  139.69
  140.76
   54.17
   58.53
  135.69
  142.52
  145.61
   52.39
  145.12
   70.57
   43.55
  112.22
  116.47
  110.21
  115.16
  116.47
   59.13
   59.95
   98.88
  102.42
   89.57
   89.31
   87.30
   58.87
   55.22
   84.24
   43.41
   43.89
   39.53
   43.41
   42.96
   43.78
   44.37
   43.30
   43.30
   42.25
   40.58
   42.36
   49.33
   54.51
   40.35
   87.56
  100.52
   99.48
   95.46
   95.34
  220.53
  215.80
  215.58
  217.56
  210.73
   66.91
   12.15
   80.22
   83.42
  133.80
  135.21
   52.75
   80.00
   86.25
  176.39
  177.35
  173.10
   14.87
   41.65
   26.90
   34.35
  214.87
  218.15
  193.63
   31.38
   26.08
   36.93
   56.41
  137.56
   53.46
   48.85
  116.10
  116.21
   55.93
   52.16
  168.00
  218.15
  213.08
  216.28
  220.76
  220.87
  218.75
  223.36
  222.51
  221.21
  220.98
  219.82
  223.22
  223.59
  220.76
   75.52
   30.81
  110.10
  100.04
   82.12
   83.53
  125.67
  124.48
  116.10
   85.18
   96.87
  114.20
  114.46
  114.40
   31.52
   31.97
   27.84
   26.90
   29.51
   29.62
   28.80
   29.85
   15.57
   15.35
   14.75
   25.26
   14.16
   32.93
   26.42
   25.85
   53.58
   50.04
   25.97
   27.01
  111.26
  112.67
   27.50
   68.89
  124.11
  164.72
  167.66
  159.17
   57.94
    7.45
    7.90
    5.78
    6.14
    5.66
   28.80
   27.13
    7.67
    7.67
    6.60
   11.92
   12.40
   12.40
   13.22
   13.56
   11.92
   12.03
   12.97
   11.69
   12.40
   12.52
   12.03
   10.14
   12.40
    9.91
    5.66
    6.14
    7.08
    6.85
    6.26
    7.19
    5.89
    6.48
    5.78
    5.89
    7.31
    6.00
    5.89
    6.03
    6.37
    5.89
    5.66
    6.37
    6.60
    6.26
    6.26
    6.03
    5.89
    5.78
    5.78
    5.89
    5.78
    6.03
    6.26
    5.44
    6.85
    6.74
    6.48
    6.26
    8.72
    5.66
    6.48
    6.48
   26.56
   27.27
   87.67
   29.85
   14.38
   13.56
   14.75
   25.71
   32.08
   27.61
   27.50
   47.09
   34.80
   77.76
   54.99
   59.47
   56.04
   26.67
   27.50
   79.17
   82.12
   78.69
   55.10
   56.41
   44.49
   44.26
   43.78
   45.08
   40.35
   45.90
   42.73
   42.70
   43.78
   43.32
   35.71
   37.66
   34.69
   29.17
   34.46
   34.66
   34.46
   26.16
   30.81
   27.84
   71.84
   43.49
   44.97
   84.47
   85.04
   88.32
   99.02
   85.01
   44.46
   42.19
    6.00
    5.92
    5.69
    5.69
    6.48
   57.17
   60.88
   52.73
   92.99
   90.47
   94.52
   87.30
   48.31
   61.42
  108.68
  118.48
  115.93
  164.10
  147.67
   77.31
   86.99
  149.91
  143.17
  157.70
  164.97
  158.69
   94.04
   98.40
  147.45
  138.72
  140.06
  169.67
  174.15
   51.96
   54.76
  159.11
  171.09
  171.80
  174.43
  173.07
   86.42
   85.83
   57.48
   70.54
   56.95
   59.38
  119.33
   66.12
   83.28
  149.34
  170.98
  208.07
  196.58
  198.90
  100.33
   98.37
  100.58
  134.19
  136.40
  122.39
   82.57
   55.95
   84.53
  140.25
  141.10
   82.26
  137.34
   54.76
   52.05
   47.52
  108.68
  109.61
   56.01
  114.65
  115.62
   52.16
   56.32
  132.13
  142.58
  131.36
   75.49
   61.96
   72.89
   68.84
   92.65
   97.30
   97.35
   89.85
   65.02
   73.77
   77.25
  110.32
  113.38
   99.62
   69.63
   80.99
   69.29
   72.89
  104.63
  106.84
  104.52
  102.68
   91.72
   78.64
   70.54
   98.83
  122.07
  154.53
   87.98
  115.56
   30.47
   25.40
  121.08
  122.05
  129.55
  128.42
  129.10
   27.01
   29.42
  125.95
  132.72
  132.01
   32.65
   34.04
   29.70
   30.55
  127.65
  181.51
  162.48
  112.70
   57.09
   26.48
   26.84
  112.11
  111.82
  110.63
   17.73
   26.79
   25.82
   23.70
  154.30
  169.93
  169.05
  162.99
  168.74
   86.73
   87.07
  112.90
   81.58
   61.50
   31.69
   34.91
   36.33
    6.54
   72.83
   89.68
   85.97
   71.67
   91.10
   43.69
   43.95
  102.22
  115.70
  120.37
   43.86
   32.20
   25.49
   24.38
   12.52
    9.63
    8.58
    8.30
    7.93
   31.97
   12.49
    8.86
   24.15
   25.34
   20.67
   24.35
   20.27
   19.74
   19.51
   19.51
   24.24
   19.65
   21.92
   19.51
   21.49
   23.81
   25.80
   19.40
   28.18
   72.89
   28.20
   23.67
   25.82
   24.95
   35.20
   82.52
   87.64
   23.62
   19.79
   26.05
   20.30
   19.82
   22.20
   25.20
   24.81
   20.61
   20.13
   19.82
   19.40
   19.57
   20.36
   19.91
   18.66
   19.85
   20.08
   15.01
    9.09
    8.16
    8.18
    7.82
   19.43
   33.24
   16.93
   20.05
   14.58
   20.16
   16.45
   21.95
   17.67
   18.83
   17.81
   20.13
   15.86
   19.99
   15.83
   16.65
    7.87
    7.59
   16.45
   26.56
   12.37
   20.47
   16.40
   16.65
   16.57
   18.46
   20.08
   16.76
   15.69
   15.80
   14.27
   16.37
   19.65
   12.06
   15.91
   16.74
   20.11
   26.56
   24.98
   24.04
   23.79
   19.85
   13.62
    8.07
    8.13
    8.13
    8.44
    9.32
   20.30
   20.19
   22.34
   20.76
   19.77
   19.62
   19.77
   19.74
   15.89
   19.37
   19.60
   19.79
   19.71
   19.94
   19.88
    8.58
    7.28
    6.97
    6.60
   19.48
   20.22
   19.79
   19.06
   19.96
   19.99
   19.77
   20.67
   19.96
   20.13
   20.81
   39.05
   32.31
   77.53
   36.08
   31.66
   31.83
   23.53
   24.64
   26.39
   30.16
   82.29
   23.76
   23.33
   24.04
   59.35
   23.73
   23.96
   24.15
   23.87
   23.79
   23.93
   24.13
   25.06
   33.19
   33.50
   31.94
   31.66
   32.17
   31.77
   31.60
   31.49
   27.35
   27.72
   27.86
   28.12
   29.59
   28.15
   29.19
   31.74
   43.49
   44.17
   27.61
   27.92
   27.69
   27.81
   35.68
   27.64
   27.55
   36.50
   44.43
   36.73
   36.53
   35.91
   27.95
   27.55
   36.30
   36.22
   40.01
   62.55
   43.89
   43.64
   44.06
   44.20
   87.78
  110.95
   71.84
   75.52
   50.52
   63.40
  110.83
  121.34
   78.35
   63.37
   59.27
   43.18
   43.21
   55.10
   55.30
  106.78
  108.65
  134.70
  111.88
   71.67
  127.23
  146.74
  167.07
  156.96
   76.94
   46.98
   79.26
  217.59
  240.69
  150.93
  147.16
   64.14
   67.22
   59.52
  157.64
  183.12
  178.34
  159.93
  165.34
   77.25
   52.02
  112.39
  137.17
  113.30
  152.12
  176.64
   68.64
   94.69
  175.68
  165.29
  134.62
  170.98
  158.55
   60.63
  104.49
   57.17
   60.80
   39.70
   43.75
   40.55
   40.32
   85.38
  134.65
  171.88
  138.78
  110.61
   72.49
   43.32
   43.13
   89.08
  105.51
  160.36
   97.16
   43.86
   44.71
   46.67
   42.73
   40.24
   42.79
   43.78
   57.94
  101.01
   46.35
   85.35
  182.22
  155.37
   93.19
   61.25
    6.60
   88.32
  154.95
  138.55
    7.08
   55.22
    8.21
    6.77
   22.82
  126.26
  181.62
  154.07
  161.24
  170.04
  164.66
  218.18
  218.10
  191.28
  231.04
  213.79
  142.46
  100.92
   56.86
  153.90
  124.96
  103.07
  136.60
   57.43
    7.42
   11.95
   57.00
   58.16
  105.28
   29.31
   26.02
    8.21
    7.90
   58.28
   67.28
   57.62
   41.40
   46.52
   28.12
   17.30
   66.83
   54.93
   39.30
   32.88
   32.82
   28.80
   28.71
   28.85
   29.59
   31.80
   28.20
   31.06
   24.69
   26.45
   89.65
   25.99
   26.25
   22.54
   85.77
   20.61
   24.21
   20.33
   17.27
  137.90
    9.77
    7.90
    6.46
    7.67
   26.02
  177.18
  216.31
  219.46
  172.39
   16.65
    7.96
   15.97
   44.77
  138.92
   48.96
    7.82
   10.65
    7.53
    7.36
   65.07
  110.69
   33.24
   84.04
    7.96
    8.13
    8.50
   16.23
   12.52
   16.99
   16.88
    8.81
    8.95
    8.47
   12.52
    8.64
    8.72
   20.16
    7.48
    8.61
    6.88
    6.85
  101.18
   97.61
  134.99
    7.93
   22.60
    7.93
   54.57
    7.22
    7.39
    7.96
    8.33
   11.61
    7.93
    7.90
   21.38
    8.95
    9.00
    6.29
    8.61
   13.51
   28.83
    8.35
    8.47
    7.87
   65.58
  210.82
  175.68
  212.09
  157.36
  224.41
  220.33
   84.95
   84.33
  214.08
   79.20
   95.65
  101.54
   95.46
    6.37
    6.37
    6.29
   28.46
   49.16
   10.31
   47.37
    7.02
    6.94
    6.71
    6.85
    6.65
   52.05
    7.73
    6.48
    6.57
    6.37
    6.17
    6.54
    6.82
    7.14
    7.48
    5.55
    6.65
    9.40
    8.83
   27.18
    7.50
    7.73
    7.82
   52.44
   52.07
   47.94
   48.99
   51.06
    6.97
   10.87
    6.60
    6.63
    6.63
   18.92
   54.74
   25.23
    5.66
   27.67
   23.93
    7.28
    9.68
   36.36
    7.56
    6.51
   29.05
    6.65
   28.40
   26.65
   12.32
    6.88
    6.97
    7.28
    8.98
    7.45
   30.89
   28.77
    8.07
    8.10
   52.81
  112.08
    6.94
   32.68
   24.18
    5.52
    5.95
   39.90
   27.98
   28.18
   27.95
   39.70
   28.15
   28.60
   39.93
   27.89
   23.70
   23.98
   40.12
   27.98
   28.18
   43.95
   28.40
   28.40
   28.52
   28.94
    7.87
    7.56
   52.05
   55.78
   89.37
   27.98
   42.50
   39.76
   43.30
  107.12
  105.31
   51.82
   76.71
   79.40
   43.04
   41.00
   81.72
   83.22
   80.19
   81.95
   83.79
    6.54
   14.13
   44.57
   50.63
   67.96
   58.62
   53.97
   22.85
   21.63
   92.37
  108.34
   22.91
   58.28
   37.52
   36.76
   38.40
   68.61
   67.22
   63.66
   57.17
   54.96
   38.91
   39.28
  129.29
  115.22
  133.15
  136.29
  135.84
   39.73
   39.81
  124.34
  143.25
  143.09
  121.14
  121.82
   34.49
   34.66
   27.47
  151.04
  172.17
  128.47
  123.91
   38.99
   38.85
  146.48
  160.53
  159.11
  149.34
  162.34
   89.54
   93.22
  161.26
  156.08
  176.67
  177.55
  179.33
  105.14
   93.13
   94.32
  122.58
  103.53
  170.84
  159.00
   93.67
   90.95
  166.05
  243.61
  228.09
  159.62
  148.61
   27.35
    6.97
   11.36
   67.45
  163.47
  140.22
  150.79
   76.46
   55.59
  144.64
   52.95
  156.03
  124.88
  143.59
   71.92
    7.67
   56.21
   93.11
   17.47
   50.83
  107.38
   57.28
   56.27
  144.50
  144.98
    8.78
    7.96
   98.17
    6.40
    6.26
  149.54
  146.71
  158.09
  150.87
  148.15
   30.41
   21.44
  155.12
  189.84
  144.50
  110.61
  111.91
   52.22
   48.25
  143.88
  143.37
  143.85
  143.82
   91.92
  111.60
  117.15
  139.94
  137.93
  151.01
  177.83
  156.08
  172.73
   69.43
  198.56
  187.17
  209.35
   89.57
    6.34
    5.58
   11.44
  111.40
  149.40
  143.51
   58.16
  143.11
   56.89
    5.61
  155.60
  159.34
  188.19
  191.76
   54.96
    5.97
    5.97
    6.37
  140.22
  125.87
  138.04
  101.83
   10.45
    7.25
   79.49
    5.83
    6.20
    7.28
    6.17
    7.84
    6.23
   11.24
  147.16
  111.20
  136.06
  141.58
  135.72
  144.27
  184.43
  180.41
    6.20
  178.88
    6.26
    6.17
    6.17
  193.04
  178.93
  214.64
  200.09
  191.25
   84.07
    6.65
    6.20
    6.23
   57.88
   57.03
   49.13
  119.44
  150.90
   86.11
    5.89
  168.51
   57.82
  204.65
  127.43
   34.63
  210.28
   48.70
  195.92
  101.83
   12.29
   11.07
   16.34
  116.10
   71.02
   84.13
  120.91
   26.42
    5.75
    5.80
    5.86
    5.66
   80.00
    8.01
    6.85
  231.94
  228.80
  229.59
  228.26
  229.68
  229.54
  223.42
  228.60
  228.26
  226.39
  178.45
   61.16
  172.62
   94.30
   38.31
    7.65
   57.37
  128.05
  185.50
  185.16
  137.37
    5.92
    6.03
   49.21
   18.72
    5.78
    5.83
   15.40
    5.97
    5.95
   10.99
   20.95
    5.97
   47.86
    6.20
    5.97
   20.27
   28.46
   22.88
   31.35
    6.94
    6.00
    5.41
    5.78
   19.43
    5.95
    9.77
    5.72
   12.15
    5.75
   18.15
   16.11
   61.45
  245.11
  245.03
  241.57
  224.92
  238.00
  243.61
  244.01
  244.20
  243.78
  240.89
  169.70
  177.74
  164.61
  173.07
  129.55
  167.15
  174.63
   71.30
   78.89
  160.84
  164.78
  148.18
   27.01
   23.90
   27.92
   29.62
   76.12
  148.61
  147.42
  154.67
   67.11
   50.38
   99.96
  141.53
   71.33
   83.70
  137.34
   30.89
   18.94
   25.77
   31.77
   33.39
   27.98
   47.94
   26.11
   26.39
   28.18
   58.47
   81.16
  103.33
   98.91
   66.97
   25.03
   27.41
   27.86
   37.15
   27.98
   56.10
   27.86
   30.67
   32.45
   32.25
   31.88
   31.71
   31.01
   31.97
   31.49
   21.63
   27.69
   26.99
   36.70
   41.68
   49.70
   49.07
   61.59
  107.92
  171.01
  170.01
   55.95
   56.10
   60.94
   60.99
   97.13
   69.12
   96.08
   94.75
   94.27
  107.72
   29.48
   70.08
   81.07
   64.17
   65.38
   70.00
   82.23
   67.48
   59.66
   94.15
   97.27
   68.10
   45.93
   48.73
   64.76
   72.92
   66.94
   95.94
   69.09
   66.83
   67.42
   68.89
   80.79
  143.28
  155.26
   39.02
  106.61
  122.92
   48.03
  108.00
  107.15
  131.50
  125.33
  146.09
   99.87
  109.56
  168.09
  159.06
  148.72
  143.42
  149.43
   55.47
   91.41
  197.26
  241.12
  126.12
  151.98
  147.45
  113.35
  129.46
  144.93
   98.80
  110.49
   57.77
  122.39
   99.39
   99.87
  116.98
  147.76
  137.68
  108.31
   59.49
   48.59
   99.62
  145.35
  165.09
  142.15
  157.87
  160.22
  113.32
   93.22
  102.90
   94.32
  105.48
   61.33
   61.50
   49.78
   35.34
   44.23
  109.50
  156.39
  121.08
   52.81
  153.36
   93.25
  161.60
  227.47
  173.78
  102.76
   31.35
   55.30
  116.78
  176.44
   67.51
  109.56
  169.56
  159.74
  106.22
   60.40
  144.36
   93.30
   28.20
   36.13
   48.45
   56.78
   72.94
   82.52
  115.08
  201.67
  231.01
  171.74
  102.71
   50.60
   52.64
   29.39
   28.57
  106.56
   97.13
   48.62
   30.58
   81.81
   89.57
   88.01
   29.39
   31.86
   42.50
   31.77
  136.69
  118.02
   65.58
   69.49
   98.80
  177.69
  169.05
  133.88
  133.23
  134.31
  132.75
    7.05
   24.10
  140.28
   60.06
  173.27
  136.35
  130.91
  136.49
    5.95
    6.12
  154.21
  180.01
  182.84
  166.13
  159.25
  157.33
  114.20
  166.84
  154.81
  173.44
  183.15
  175.71
  175.51
  167.72
  170.55
  166.59
  167.95
  132.64
  141.92
  133.46
  121.71
  129.75
  141.84
  160.81
  161.92
  184.63
  193.04
  180.55
  192.89
  188.68
  191.03
  190.88
  150.19
  184.77
  185.19
  186.78
  226.65
  226.48
  225.35
  225.49
  225.88
  226.36
  226.51
  226.87
  226.93
  226.99
  227.19
  227.24
  227.13
  227.02
  225.40
  145.94
  169.90
  222.43
  222.03
  221.69
  221.75
  224.84
  189.21
  202.61
  220.56
  220.62
  221.49
  220.67
  219.63
  219.14
  218.86
  217.98
  217.39
  217.05
  214.67
  215.52
  150.53
  214.78
  214.53
  213.82
  131.11
  159.42
  152.15
   67.85
  135.44
    6.46
    6.34
    6.29
    6.68
    5.69
   49.02
  216.09
  141.67
   69.63
   19.00
  140.25
  107.07
  138.70
   59.13
   72.21
  221.64
   29.48
  224.52
  355.86
  474.17
  473.49
  351.70
  126.04
  235.96
  358.80
  482.83
  482.43
  480.08
  491.67
  491.21
  490.33
  468.93
  481.90
  496.39
  494.87
  491.21
  462.87
  495.29
  321.25
  116.44
  112.42
  112.42
  112.42
  112.42
  112.33
  100.98
   88.35
   56.15
   22.09
   24.95
    6.82
   23.13
   72.15
    7.28
   10.08
  118.68
   76.00
    6.26
   11.02
    5.95
  101.12
   10.93
   23.47
   30.67
   23.84
   26.90
   22.88
   23.50
   24.32
   63.49
  132.83
  133.85
  134.50
  134.76
  139.60
  124.71
  134.45
  127.20
  128.30
  118.76
  173.72
  204.25
  195.58
  201.13
  197.82
  194.00
  188.51
  181.60
  177.01
  147.30
  135.04
  134.82
  134.53
  134.70
  133.32
   48.48
    5.97
   20.22
   19.37
   19.11
   19.20
  163.50
  265.50
  246.92
  195.56
  131.19
  134.08
  134.17
  200.65
  212.06
  203.82
  201.13
  197.23
  188.82
  180.26
  172.05
  162.68
  190.09
  261.31
  169.73
   72.86
   52.44
   98.88
  116.92
  121.42
  119.10
  104.89
   54.06
  133.74
  133.26
  130.88
  129.72
  132.04
  132.07
  132.07
  131.93
  131.84
  131.05
  185.50
  346.82
  368.15
  368.57
  150.79
  351.47
  364.86
  293.70
  231.01
  225.15
  227.92
  228.32
  228.23
  176.95
  130.63
  130.46
  130.48
  130.51
  130.46
  131.65
  133.83
  133.80
  133.80
  133.83
  174.15
  185.45
  146.85
  246.47
  189.47
  187.00
  211.07
  149.60
  200.96
  186.18
  182.05
  128.19
  131.08
  155.94
  150.53
  150.11
  192.19
  192.55
  190.23
  174.04
  166.79
  165.03
  164.52
  192.75
  195.41
  187.57
  187.46
  188.51
  132.41
  104.46
  186.27
  173.53
  177.07
  156.93
  189.84
  122.10
   85.15
  177.91
  231.89
  233.64
  234.10
  231.75
  119.21
  153.87
  217.81
  234.61
  220.84
  228.63
  230.56
  109.90
   84.41
  125.08
  201.90
  247.69
  185.50
  147.11
   82.37
   87.84
  182.76
  180.83
   93.45
  104.63
   79.32
   36.25
   36.25
  114.32
  117.20
  116.18
  123.63
  173.75
   45.14
   43.81
  108.03
  128.95
   55.78
   95.80
  150.90
   36.95
   42.25
   96.76
  124.54
   72.83
   38.71
  110.04
    6.91
    6.99
  183.66
   49.53
   61.48
   42.56
   32.22
    5.55
    6.31
  179.30
  154.89
  148.49
  143.37
  166.64
  141.05
   90.50
  180.49
  155.06
  150.84
  128.42
  149.46
  111.09
   36.19
  196.86
  164.66
  176.10
  253.29
  252.84
  247.23
  194.96
  237.86
  250.12
  222.43
  195.70
    3.60
  197.57
  162.85
  191.14
  217.33
  225.63
  228.23
  221.41
  198.67
  199.97
  179.93
  186.66
  135.61
  208.13
  137.42
  164.07
  246.16
  251.03
  250.80
  250.60
  250.52
  250.24
  250.07
  249.87
  249.87
  249.75
  176.10
  196.86
  246.47
  244.03
  233.76
  242.08
  241.37
  240.58
  240.78
  241.06
  240.64
  235.91
  239.14
  238.03
  238.82
  238.40
  239.36
  239.45
  238.82
  238.77
  234.63
  237.35
  237.35
  237.24
  236.59
  236.53
  236.13
  233.08
  235.54
  219.71
  235.11
  218.12
  233.90
  235.23
  236.87
  237.97
  239.70
  239.25
  238.80
  238.88
  237.95
  202.49
  237.61
  237.15
  236.93
  236.47
  201.47
  237.01
  236.08
  235.79
  235.40
  235.11
  234.92
  233.87
  232.51
  233.44
  233.73
  194.08
  210.65
  202.83
   51.00
  136.80
  143.11
  229.54
  232.68
   82.66
  238.43
  236.93
  239.42
  235.99
  232.23
  232.28
  232.31
  232.17
  231.69
  139.32
  118.96
  121.73
  122.10
  122.73
  122.07
  121.31
  122.50
  122.64
  122.27
  122.27
  122.16
   91.07
   11.72
    8.38
    8.24
    7.25
    8.24
    6.17
    6.09
    7.11
  188.45
  239.93
  247.26
  209.86
  168.12
   59.01
   52.13
  108.82
  100.19
  236.45
  151.07
   87.61
    8.13
    8.52
   96.48
  150.84
   81.86
   10.25
    7.65
   25.97
    6.68
    5.38
    5.41
   13.85
   31.15
    5.41
    5.41
    5.35
   26.50
    5.38
    5.47
    5.41
    5.38
    5.35
    5.44
    5.44
    5.38
   28.09
    5.44
    5.41
    5.44
    5.44
   66.37
   61.45
   65.21
   82.09
   82.20
   25.32
   29.14
   70.11
   68.56
   42.62
   82.37
   23.53
   21.46
   20.53
   24.44
   23.05
   35.59
   34.66
   26.67
   22.96
   51.08
   53.21
   36.08
   30.92
   95.68
   31.01
   30.58
   30.30
   44.03
   31.57
    6.54
    8.64
   27.69
    5.86
    5.86
   60.00
   71.56
   82.18
   72.12
   47.49
   95.06
   48.62
   78.21
  121.14
  181.74
  261.36
  258.76
  197.11
  204.28
  269.12
  268.95
  266.94
  267.51
  229.54
  166.62
  265.75
  254.48
  220.22
  241.63
  263.83
  263.88
   97.95
  103.07
  216.71
  145.10
  202.24
  230.33
  234.55
   50.23
   51.34
  117.32
  132.75
   65.27
  133.94
  137.82
   71.92
   73.51
   72.04
  111.09
  140.96
  150.02
  101.77
   86.76
   53.83
  114.23
  135.27
  118.42
   73.14
   67.76
   55.13
   51.59
   33.92
   55.56
   31.60
   35.59
   31.46
   51.56
   51.68
  143.14
  150.11
   89.68
   61.99
   35.65
   51.76
   63.57
   91.35
  193.32
  165.48
   89.25
   42.16
   51.79
   51.88
  203.20
  169.62
  162.68
  166.02
  182.56
   52.33
   61.73
  182.22
  174.91
  170.50
  166.02
  114.12
   48.70
  129.29
  229.08
  159.06
  221.18
  144.36
  139.63
   51.34
   48.62
  213.96
  164.78
  161.86
  114.29
  199.78
   89.40
  114.43
  102.76
  116.35
   50.23
   56.46
  147.33
  117.40
  116.41
  178.91
  174.38
  181.71
  189.89
  236.08
   53.35
   51.85
   88.97
   89.54
  109.30
  129.01
   90.13
   51.51
   51.96
  178.00
  178.14
  173.16
  162.14
  168.66
   53.15
   52.44
  112.56
   64.17
  133.40
  134.28
  134.08
   93.79
   35.65
  102.71
  130.43
  130.31
  129.95
   52.50
   75.46
   48.73
   57.77
   48.96
   73.45
   76.97
   76.48
   90.02
   65.21
   94.69
  108.23
  110.86
  106.75
   53.12
   52.58
   54.85
  119.75
  128.42
  165.97
  167.13
  133.80
  251.68
  252.33
  251.68
  253.86
  253.78
   53.94
   48.39
   51.42
  247.15
  247.32
  247.04
  246.67
  183.24
  224.18
  102.28
  101.09
  207.31
  245.76
  143.79
  122.87
  243.69
  194.06
  186.04
  147.22
  122.24
  125.50
  155.97
  258.11
  258.31
  257.80
  256.55
  255.73
  380.66
  320.29
  258.05
  381.40
  452.64
  452.64
  452.87
  454.23
  452.14
  452.67
  451.40
  451.65
  449.16
  448.71
  447.18
  446.47
  444.60
  443.87
  442.71
  350.17
  254.20
  253.86
  254.43
  254.40
  252.93
  252.47
  252.02
  251.65
  251.14
  250.80
  240.18
  173.72
   94.24
  231.58
  238.97
  239.16
  239.87
  239.93
  239.48
  238.88
  238.82
  239.50
  239.62
  243.19
  247.63
  247.06
  247.63
  245.45
  244.88
  203.26
  247.60
  246.13
  243.58
  244.88
  244.12
  244.91
  225.46
  244.35
  244.03
  144.84
  122.16
  244.20
  243.30
  184.17
  183.41
  180.69
   74.47
    8.13
  134.65
   75.69
   45.19
  103.55
  121.93
  180.58
  161.66
  174.06
   98.97
  134.25
  185.11
  139.57
  176.50
  110.66
  144.93
  238.00
  211.64
  199.15
  195.90
   59.98
   43.95
  177.55
  215.52
  222.68
  230.41
  187.20
   38.96
   37.12
   56.24
  147.11
  211.16
  246.33
  119.44
    5.41
    5.41
   39.19
    5.41
    5.44
    5.41
    5.44
    5.41
   14.64
    5.44
   47.26
   37.38
   26.82
   31.04
   30.95
   31.09
   55.61
  137.93
  138.81
  139.49
  138.44
   76.14
   27.33
   89.08
  111.48
  103.61
  134.76
   68.81
   28.26
   26.70
   25.37
   31.40
   30.47
   31.77
   26.73
   38.91
   32.39
   28.77
   28.83
   27.18
   38.40
   31.09
   31.74
  130.99
  263.86
  266.18
  266.12
  265.27
  264.88
  143.14
  113.44
   95.57
   91.89
  221.15
   80.39
  158.74
   39.11
   66.09
   34.18
  122.78
  100.30
  159.25
   34.04
   40.18
   52.64
   89.65
  175.76
   53.07
  125.25
  101.37
   51.20
   49.19
   51.25
   91.58
   36.27
   34.86
   43.58
   77.98
   48.45
   35.28
   35.28
   37.77
   53.04
   35.34
   71.44
   56.44
   34.94
   35.25
   37.01
   35.93
   35.93
   51.14
   51.25
   35.03
   47.01
   35.03
   34.41
   35.71
   59.38
   51.06
   44.88
   31.23
   30.81
   31.15
   38.34
   51.25
   51.14
   42.50
   37.52
   43.30
   43.52
   43.24
   51.03
   51.03
   42.65
   60.60
   57.48
   56.89
   43.01
   61.11
   50.91
   43.32
   39.90
   40.95
   36.10
   43.27
   54.51
   87.67
   59.52
   51.42
   31.32
   26.96
   58.56
   52.13
   52.24
  196.12
  200.17
  183.95
  168.23
  122.36
   65.72
   58.96
  184.63
  113.49
  139.94
  143.23
   65.58
   41.60
   51.28
  156.51
  137.08
  132.41
   81.07
   29.36
   51.06
   50.97
  130.51
  130.26
  111.91
   93.98
   92.31
   66.35
   66.09
   62.10
   67.45
  125.02
   92.43
  101.74
   48.68
   54.00
   48.65
  121.37
  175.79
  169.84
  173.53
  134.50
  150.84
  150.79
  165.51
  171.66
  183.38
   65.33
  121.45
  141.27
  220.05
  188.84
  171.88
   71.36
  219.34
  127.00
  122.13
  160.27
  158.01
  201.39
  222.46
   80.67
  126.77
  136.40
  149.20
  124.99
   93.42
  114.68
  123.74
   76.43
   45.36
  164.04
  213.45
  156.31
  195.30
   96.02
   75.38
   59.30
  145.01
  143.25
  160.67
  161.32
   56.75
   69.29
   59.95
  203.51
  148.10
   77.62
  105.96
   59.86
   53.29
   64.31
   57.34
   36.05
  192.98
   32.62
   41.09
   29.68
   15.49
   63.29
   52.81
  140.65
  111.06
   48.93
   32.22
   35.45
   35.31
   35.45
   37.75
  187.46
  178.62
   35.06
   32.62
  148.52
  147.59
  108.62
   16.34
   30.89
   15.94
   19.11
   18.92
   23.25
   27.41
  149.03
  135.50
   16.54
   16.42
   24.52
   90.64
   89.88
  154.16
  191.88
   16.37
   16.28
   18.29
   30.81
  151.18
  142.18
  144.13
   28.46
   19.03
   97.21
  204.36
  197.00
   93.90
   20.42
   16.42
   20.50
   20.39
   63.43
   20.16
   19.71
   19.91
   16.42
   16.03
   16.40
   16.31
   16.34
   20.76
  116.27
   20.30
   21.78
   19.68
   20.05
   20.33
   16.31
   50.74
  119.50
   20.25
  178.76
  151.92
  106.98
   56.35
   16.28
   16.28
   20.30
  107.52
  133.57
   63.51
  131.93
  108.45
   12.23
   18.38
  166.79
  146.65
  137.37
   23.76
   23.79
   23.50
   50.52
   83.03
   86.45
   92.88
   59.78
  153.70
   36.61
   41.03
  225.63
  223.82
   24.10
   23.96
   24.18
  134.00
   52.73
   97.61
   24.72
   26.62
   59.69
   23.96
   24.04
   23.84
   87.39
   59.83
   22.68
  116.50
   74.90
   23.59
   24.15
   40.04
  131.33
   72.49
  200.57
   27.44
    7.67
    7.36
    7.36
   23.02
   39.76
   52.44
    7.73
    7.79
    7.70
    7.73
    7.70
    7.70
    7.73
    7.70
    7.67
    7.79
    7.73
    7.82
  115.82
   83.45
    7.67
    7.79
    7.76
    7.82
    7.84
   10.70
    8.16
    8.16
    8.38
    8.13
    8.18
    8.27
    8.24
    8.33
    8.21
    8.18
    8.21
    8.21
    8.21
    8.13
    8.18
    8.18
    8.16
    7.96
   84.04
  124.54
  135.64
   16.20
   16.14
   20.36
   16.31
  125.30
   76.77
   75.72
   80.50
   81.61
   40.35
   43.52
   96.50
  128.87
  114.17
  203.65
  128.42
   42.62
   36.16
   68.53
   60.48
   68.92
   64.93
   72.58
   32.34
   32.62
   69.09
   76.46
   63.57
   64.68
   86.59
   57.20
   55.39
   52.98
   43.38
   40.55
   44.03
   44.57
   51.96
   51.85
   63.88
   56.18
   43.92
   43.55
   39.62
   39.79
   39.93
   52.39
   28.23
   51.51
   35.68
   38.68
   51.45
   50.77
   60.94
   56.92
   31.71
   35.93
   40.01
   51.40
   51.51
   71.05
   36.13
   36.08
   34.12
   53.04
   51.28
   51.34
   43.55
   55.47
   31.55
   43.69
   43.75
   51.42
   50.94
   76.77
   69.97
  112.59
  109.76
   81.24
   66.37
   51.37
  201.13
   86.31
  100.92
  116.95
   79.03
   50.21
   49.78
   68.02
   58.62
   42.96
   47.20
   47.12
   51.34
   86.71
  248.37
  259.13
  245.51
  255.36
  185.05
   97.66
  101.80
  222.77
  228.32
  229.62
  214.61
  224.38
   51.79
   51.51
  160.84
  116.69
  111.17
  117.09
  116.92
   78.55
  134.42
  242.36
  195.13
  180.46
  180.01
  180.12
   74.64
   78.35
  189.72
  196.12
  137.08
  162.31
  125.70
   63.03
   51.37
   55.47
   60.00
   53.75
  131.19
   65.58
   41.71
   40.83
  107.07
   44.12
   46.44
   80.42
   42.08
   66.01
   57.03
   53.43
   46.64
   42.76
   42.48
   33.27
   57.23
   41.51
   41.43
   42.36
   42.67
   42.45
   41.68
   42.28
   40.69
   98.40
  100.58
  101.12
   97.44
   96.93
   54.54
   51.20
   81.89
  116.64
  129.18
   96.84
   93.11
   56.01
   53.97
   82.20
   81.89
   83.17
   81.78
   88.63
   54.28
   53.41
  146.96
  128.45
  151.47
  152.49
   27.21
   38.62
   55.84
  139.46
  127.48
  128.33
   92.96
   99.00
  128.70
   83.00
  160.30
  100.24
  103.81
  111.99
  116.13
  113.64
  116.16
  214.92
  107.89
  150.53
  101.57
  220.14
  210.31
  174.57
  232.74
  231.69
  230.92
  143.45
  145.46
  147.81
  141.13
  244.20
  216.14
  175.82
  148.35
  145.10
  139.40
  142.49
  230.67
  224.55
  221.52
  222.66
  227.36
  239.79
  105.91
   83.76
  102.39
   77.36
  100.78
  102.39
   57.62
   55.81
   57.94
   54.62
   66.83
   57.31
   58.22
   58.62
   53.18
   54.59
  151.01
  113.61
   55.90
   55.67
   56.44
   55.27
   57.57
  103.24
  141.84
  187.91
  191.42
  182.93
  183.49
  198.78
  201.64
  203.91
  249.22
  195.95
   78.49
   71.22
  197.26
  227.70
  184.23
  173.16
  122.13
    7.62
   19.03
  138.07
  135.86
  140.22
  170.61
  162.77
  165.23
  131.11
  182.56
  145.97
  161.92
  175.22
   47.86
   59.78
  107.92
   95.65
   98.83
   55.39
  101.91
  100.16
   94.38
   31.46
   27.41
   34.80
   68.30
   70.08
   70.74
   22.96
   22.54
   23.02
   22.94
   46.38
   22.71
   22.74
   19.82
   22.71
   25.06
   23.45
   22.88
   23.02
   22.46
   23.25
   23.50
   22.88
   21.97
   25.17
   28.15
   27.01
   25.54
   23.36
   22.46
   23.30
   23.50
   23.39
   23.33
   23.28
   23.39
   23.16
   23.56
   23.25
   23.25
   23.19
   23.25
   27.21
   24.55
   23.28
   24.55
   23.22
   23.19
   23.45
   38.51
   39.02
   42.53
   39.05
   27.47
   26.99
   29.25
   26.84
   34.21
   31.04
   31.01
   30.64
   33.73
   33.78
   31.60
   30.78
   28.83
   28.15
   28.20
   28.88
   27.61
   27.81
   28.18
   32.31
   36.98
   32.11
   29.39
   30.81
   30.61
   27.95
   32.25
   31.57
   31.77
   31.09
   32.59
   28.54
   28.32
   28.32
   28.32
   32.25
   32.14
   32.25
   32.14
   31.74
   32.39
   32.79
   32.90
   31.83
   33.30
   32.34
   32.42
   32.34
   35.74
   35.51
  112.42
   48.28
   52.39
  116.18
  117.71
   51.08
   80.73
  146.71
  108.51
  108.74
  118.11
   86.88
   90.08
  147.45
  147.84
   91.72
   89.65
  106.90
  107.04
  128.78
   89.65
   92.40
   61.53
   61.73
  109.22
  110.55
   95.37
   96.99
   95.34
   63.15
   55.73
  115.08
  109.27
  155.66
  166.42
  162.03
   59.78
   59.30
  171.57
  187.15
  114.99
  177.89
  180.07
   90.78
   85.15
  162.74
  180.49
  176.87
  121.00
   86.85
   86.79
   86.79
  176.44
  178.08
  173.16
  174.35
  169.48
  101.37
  101.69
  160.39
  165.65
  165.57
  166.90
  170.04
   97.83
   98.40
  161.12
  153.90
  160.47
  158.40
  162.74
  108.96
  106.47
  168.09
  149.06
  174.23
  176.30
  178.11
  121.48
  122.70
  234.15
  209.77
  213.59
  207.56
  206.12
  119.41
  117.01
  212.72
  202.01
  202.69
  201.25
  193.86
  118.48
  118.73
  201.28
  201.59
  198.61
   69.06
   70.45
   62.81
   63.66
   64.28
   38.60
   43.18
   43.92
   42.48
   44.23
   44.17
   44.57
   44.15
   43.47
   44.09
   44.43
   44.23
   44.32
   51.68
   42.50
   44.32
   48.37
   57.91
   44.71
   44.91
   60.17
   59.66
   59.72
   62.30
   60.09
   43.72
   42.14
   63.34
   68.92
  108.20
   95.51
  103.70
   44.17
   64.82
   87.90
   93.39
   91.72
   92.23
   87.84
   63.74
   62.10
   91.32
   87.27
   90.59
   87.64
   59.81
   60.26
   64.14
   58.19
   59.66
   59.21
   63.57
   59.92
   59.47
   59.49
   59.86
   63.54
   63.60
   20.13
   19.99
   19.99
   20.02
   20.11
   23.62
   20.19
   20.56
   20.08
   20.30
   20.16
   20.30
   20.02
   19.82
   20.78
   19.26
   20.22
   20.16
   19.62
   19.71
   19.74
   20.13
   20.19
   20.84
   20.16
   19.82
   19.82
   19.68
   24.44
   21.97
   20.13
   20.25
   23.02
   20.08
   20.30
   20.22
   20.13
   19.99
   20.25
   20.39
   19.68
   20.08
   20.19
   19.68
   19.45
   19.37
   19.54
   19.34
   21.10
   19.65
   19.60
   19.88
   19.68
   19.68
   15.72
   19.62
   19.60
   19.57
   19.68
   19.26
   20.08
   20.33
   22.51
   19.68
   19.31
   19.43
   19.40
   19.68
   18.97
   19.68
   17.64
   19.74
   19.79
   18.26
   19.91
   18.86
   19.88
   19.94
   19.94
   19.77
   22.46
   22.00
   19.99
   19.82
   19.65
   19.62
   19.96
   19.94
   21.95
   20.33
   19.57
   20.02
   23.81
   23.16
   23.45
   23.96
    7.87
    8.30
    8.33
    8.01
    8.01
   23.93
   23.84
   24.15
   23.93
   22.94
   23.64
   23.79
   23.79
   23.47
   24.55
   25.63
   23.81
   23.90
   27.95
   23.93
   23.81
   23.81
   23.62
   23.28
   23.39
   23.93
   23.87
   24.13
   23.81
   24.24
   23.96
   24.30
   23.81
    7.96
    7.87
   10.34
    8.86
   10.42
    9.63
    7.99
   10.45
    7.82
    7.73
    7.99
    7.90
   23.84
   23.73
   22.48
   23.81
   47.91
   24.69
   23.87
   23.90
   23.90
   23.96
   32.99
   27.81
   31.52
   29.39
   27.69
   27.75
   27.72
   27.78
   35.88
   38.26
   31.69
   31.91
   32.08
   28.32
   27.86
   28.15
   27.98
   32.03
   34.07
   31.94
   31.91
   30.19
   32.20
   32.20
   28.09
   36.95
   36.13
   28.15
   32.25
   24.15
    8.16
    8.78
    7.45
    7.42
   24.72
   32.11
   28.32
   28.43
   32.14
   29.87
   29.11
   32.34
   30.16
   28.12
   26.73
   29.00
   28.40
   38.43
   32.14
   28.32
   41.54
   30.55
   28.23
   28.32
   56.75
   52.30
   52.24
   28.23
   27.92
   28.37
   28.83
   54.96
   51.99
   51.82
   52.16
   45.53
   33.07
   34.80
   40.15
   51.14
   79.83
   70.85
   71.08
   71.39
   71.70
   51.99
   51.96
   75.55
   82.37
   74.50
  151.35
   35.91
   51.45
   51.51
   74.78
   74.59
   72.46
   75.49
   75.92
   59.24
   59.30
  146.40
  114.12
  115.39
  114.12
   99.73
   66.83
   66.40
   87.07
   96.65
   83.62
  109.76
   91.69
   84.19
   64.82
  111.17
   63.12
   55.08
   53.21
   54.23
   55.90
   60.15
   91.10
  106.67
  109.90
   78.92
   71.64
   51.48
   51.00
  126.04
   95.34
  120.77
  157.81
  167.49
   47.54
   51.48
  165.71
  167.44
  159.99
  166.84
  165.34
   82.80
   55.25
  153.99
  162.11
  166.79
  234.58
  211.13
   83.17
   83.05
  157.16
  173.78
  174.80
  173.41
  159.57
   98.94
   99.19
  146.23
  167.30
  109.13
   62.58
   42.48
   60.34
   55.64
   52.10
   48.28
   47.77
   52.30
   48.59
   43.58
   44.43
   44.20
   44.12
   36.64
   44.66
   44.74
   43.24
   44.57
   44.71
   48.65
   44.88
   45.51
   45.48
   44.09
   43.69
   43.89
   43.89
   43.98
   27.98
   27.81
   50.23
   43.95
   43.92
   44.03
   12.43
   11.89
   11.89
   43.89
   11.89
   11.89
   11.89
   11.89
   11.89
   11.89
   42.79
   11.89
   11.89
   11.89
   11.89
   11.89
   11.89
   42.84
   13.11
   16.59
   19.77
    7.82
   31.38
   40.18
   38.65
   11.50
   11.78
   11.92
   11.58
   12.03
   12.57
    7.82
    7.67
   15.80
   15.35
   15.63
   15.60
   15.66
    7.79
    7.79
   15.32
   15.86
   15.60
   15.77
   19.77
    7.79
    7.79
   19.77
    7.56
   11.72
   11.30
   11.38
   12.23
   12.20
   16.31
   16.06
   20.25
   16.25
   16.25
   12.26
   12.18
   19.54
   20.25
   22.17
   20.33
   20.11
   20.25
   20.27
   20.11
   17.50
   19.85
   19.45
   24.10
   18.41
   18.01
  170.47
  189.47
  212.15
  185.14
  114.91
  114.26
  114.17
   14.07
   11.95
  115.25
  149.34
  151.27
  153.08
  146.09
  149.77
  130.57
  160.13
   98.94
   98.00
  144.42
  141.27
  122.27
   44.26
    7.87
   11.61
  250.07
  254.00
  254.94
  251.26
  253.32
  253.78
  253.86
  254.34
  254.68
  253.86
  254.06
  254.85
  251.54
  249.27
  250.38
  249.67
  150.19
  242.14
  244.01
  246.41
  247.21
  248.14
  248.37
  247.97
  133.09
  184.14
  185.25
  182.87
  183.07
  126.18
  112.62
  134.65
  155.66
  145.55
  143.23
  145.78
   94.07
   92.28
   98.68
   72.94
   72.41
   56.61
   50.18
   66.57
   66.52
  125.19
  125.47
  125.42
  125.19
  120.23
   99.05
  125.92
  125.92
  125.67
  125.76
  126.26
  125.78
  125.47
  120.54
  125.73
  121.20
   79.03
   67.48
   66.83
   31.35
   26.14
   27.10
  126.97
  128.47
  112.45
  128.16
   58.79
   58.50
   23.05
   23.28
   27.16
   26.05
   27.13
   23.22
   23.19
   24.58
   23.05
   30.87
   30.41
   35.03
   32.17
   36.13
   37.32
   34.07
   32.62
   30.10
   32.08
   32.00
   34.12
   48.08
   48.28
   48.48
   40.41
   40.46
   31.12
   31.57
   44.09
   43.32
   32.22
   32.56
   32.65
   32.71
   32.54
   33.36
   32.65
   32.62
   40.66
   52.56
   32.88
   32.71
   32.71
   32.73
   54.54
  270.34
  271.08
  271.02
  269.26
  323.32
  423.70
  393.86
  365.54
  307.07
  267.48
  267.23
  267.48
  267.99
  267.48
  267.54
  267.74
   58.73
   60.57
   59.86
   75.52
   93.81
   85.40
   80.00
   65.33
   52.64
   36.64
   36.30
   36.56
   35.88
   36.16
   45.28
   52.47
   36.56
   36.56
   35.93
   36.70
   61.19
   76.00
   72.52
   86.99
   87.10
   78.98
   99.39
  130.06
  111.09
  108.85
  153.82
  184.74
  168.29
  174.09
  176.22
   84.33
   84.16
  101.40
  106.16
  102.14
  103.13
  108.60
   64.99
   64.76
  100.30
   96.73
  100.33
  115.82
   20.95
   60.85
   58.93
   44.37
   56.46
   64.51
   44.91
   51.65
   52.02
   76.29
   53.09
   52.39
   98.17
   82.66
   74.64
   76.20
   76.60
   83.08
  126.63
  123.21
  127.62
  121.79
   48.45
   52.73
   80.14
   68.22
   68.33
   68.19
   76.65
   52.87
   53.07
  178.57
  179.13
  180.01
  179.67
  181.03
  123.83
  124.00
  245.48
  263.18
  160.95
   57.06
  231.12
  126.01
  126.12
  221.35
  218.07
  222.71
  163.93
  213.68
   88.97
   56.78
  221.13
  191.82
  191.48
  176.47
  175.85
  104.55
  136.63
  134.19
   58.67
   53.04
   51.51
   53.32
   48.73
   49.07
   64.96
   93.56
   64.90
   65.13
   70.93
   53.01
   52.67
   44.49
   39.50
   39.30
   44.94
   40.49
   52.70
   45.00
  113.66
  139.43
  136.32
  139.72
  140.65
   61.31
   92.77
  168.68
  167.38
  158.21
  167.86
  192.16
   68.50
   96.90
  168.12
  174.21
  167.01
  165.57
   76.91
   76.46
   63.46
  199.01
  199.21
  168.68
  199.75
  194.06
   98.74
   81.44
  110.21
  130.97
  131.08
  167.15
  169.25
  128.64
  137.45
  189.35
  138.10
  143.40
  151.33
  135.98
  153.36
  144.98
  185.59
  199.92
  212.06
  182.84
  181.71
  169.82
  223.19
  152.23
  126.43
  133.83
  111.20
  128.45
  175.08
  142.49
  209.94
  190.49
  189.81
  189.95
  189.72
   95.43
   99.73
  154.64
  168.74
  163.13
  159.23
  163.30
   90.22
   81.27
  144.90
  148.18
  121.93
  252.67
  254.99
  256.18
  256.30
  323.83
  352.86
  352.29
  352.43
  351.64
  351.95
  351.87
  351.75
  330.49
  348.98
  348.78
  348.98
  348.38
  349.15
  349.37
  349.34
  348.84
  348.41
  348.01
  346.65
  345.89
  345.69
  344.11
  342.89
  281.81
  246.70
  189.18
  188.70
  188.84
  138.70
  124.71
  105.57
   87.44
  102.99
   82.23
  138.02
  136.71
  130.12
  164.38
  216.62
  245.39
  166.53
  256.66
  337.14
  338.87
  339.55
  339.09
  339.49
  339.41
  338.61
  338.22
  336.94
  336.60
  336.06
  337.42
  339.09
  340.54
  340.54
  340.62
  341.22
  340.14
  340.14
  340.28
  339.32
  339.07
  218.95
  310.38
  336.09
  335.04
  334.20
  333.66
  333.20
  287.67
  245.37
  245.34
  159.08
  183.49
  213.20
  120.97
   89.37
   73.85
   71.56
   62.13
   24.83
   35.79
   23.16
   23.98
   96.56
   98.68
   24.01
   23.98
   23.42
   24.78
   25.57
   24.10
   24.01
   24.89
   24.07
   24.07
   23.98
   23.30
   25.97
   26.84
   24.86
   23.84
   24.15
   24.01
   23.11
   28.57
   28.97
   30.70
   30.36
   30.24
   32.08
   33.67
   27.35
   29.17
   29.73
   27.86
   29.53
    9.17
    8.35
    8.52
    9.54
    6.48
    6.29
    7.08
    6.71
    9.32
    6.23
    6.06
    6.17
    6.17
    9.06
    6.00
    6.31
    9.15
    6.14
    6.80
    9.32
    6.31
    6.60
    6.46
    6.37
    9.63
    6.43
    6.34
    6.34
    6.34
    7.99
   59.98
    7.79
    7.84
    7.76
   59.95
  124.74
  146.17
   86.68
  105.08
   68.44
   72.55
   32.82
   61.25
   53.18
   58.28
   56.63
   51.20
   52.70
   54.82
   35.20
   34.32
   37.07
   37.41
   58.02
   52.67
   37.12
   35.91
   35.45
   45.25
   60.40
   88.18
   76.20
   63.23
   59.81
   60.85
   61.31
   61.50
   80.36
   82.46
   65.30
   64.85
   61.02
   64.36
   64.56
   84.44
   70.45
   65.07
   64.42
   64.56
   64.48
   65.04
  103.75
  103.10
   75.83
   75.89
   73.20
   76.00
   76.65
   84.38
   95.68
   92.03
   48.05
   44.17
   48.00
   44.49
   52.33
   52.44
   44.54
   44.43
   44.40
   44.51
   44.32
   52.53
   52.36
   44.15
   44.49
   44.37
   44.43
   43.95
   56.49
   59.24
  169.56
  164.52
  162.45
  162.51
  163.98
  123.43
  124.03
  184.91
  190.06
  186.75
  189.75
  185.02
  119.24
  124.71
  218.92
  228.43
  229.31
  233.27
  255.22
  116.47
  123.46
  179.02
  195.19
  181.00
  175.20
  189.89
  116.24
  120.88
  184.80
  216.94
  223.93
  228.80
  221.27
  127.06
  127.40
  105.28
  119.21
  116.61
  124.68
  120.32
   52.47
   52.70
   88.38
   89.11
   87.47
   89.96
   96.14
   44.51
   44.80
   82.15
   86.37
   84.58
   84.58
   84.55
   44.46
   44.77
   84.41
   84.47
   83.62
   83.70
   83.25
   44.74
   43.72
   86.73
   88.49
   89.54
   86.00
   87.98
   48.93
   48.85
   84.89
   82.12
   87.30
   84.58
   83.90
   48.56
   47.63
   84.33
   84.61
   84.47
   84.55
   84.27
   49.04
   50.12
   84.47
   84.33
   68.27
   87.84
   84.36
   48.93
   49.53
   79.43
   80.50
   80.76
   79.80
   79.15
   49.53
   46.89
   81.01
   80.59
   84.95
   76.88
   77.22
   52.81
   59.01
   96.96
   48.56
   48.14
   98.03
   97.89
   53.60
   61.11
   85.49
   85.74
   84.53
    8.86
   85.46
   69.77
   69.60
   85.43
   85.80
  127.00
  127.68
  195.24
  271.28
  270.88
  270.65
  270.28
  269.83
  269.46
  269.01
  268.44
  267.99
  267.40
  183.24
  147.62
  152.15
  223.17
   65.98
   68.84
  236.64
  251.65
  251.23
  250.97
  223.62
  190.37
  111.46
  163.10
  156.96
  119.70
  121.56
  119.98
   32.99
   32.96
  194.76
  195.02
  220.14
  217.25
  228.63
  124.99
  124.14
  165.68
  171.43
  170.47
  247.69
  249.47
   56.15
   58.45
   66.49
   71.50
   69.63
   71.08
   73.14
   44.94
   44.88
   84.47
   87.39
  107.55
  190.09
   52.81
   28.18
   27.55
  126.38
  124.11
  158.60
  132.32
  133.85
   67.54
   66.35
  106.95
  110.58
  109.90
  107.58
   72.83
   28.88
   28.32
   29.39
   24.66
   24.72
   24.38
   24.21
   24.04
   24.32
   91.04
   78.44
  137.22
   75.38
   76.31
   81.86
   79.49
  211.64
  220.87
  390.63
  400.46
  399.89
  400.06
  400.20
  401.14
  402.52
  307.55
  357.59
  406.15
  407.56
  390.63
  407.85
  407.11
  407.05
  406.01
  405.07
  349.32
  390.12
  402.50
  332.35
  257.63
  257.40
  257.65
  159.57
  172.90
  257.88
  258.14
  257.54
  257.97
  255.90
   72.32
   79.91
  142.94
  133.17
  133.46
  127.74
  125.78
   88.89
   90.02
   95.40
   95.51
   95.85
  128.73
   95.97
   79.26
   72.09
  161.97
  222.57
  231.63
  232.76
  228.74
  221.69
  213.51
  202.75
  192.75
  186.66
  201.33
  223.50
  250.01
  253.27
  246.38
  237.78
  236.39
  231.09
  226.14
  218.44
  209.52
  195.98
  191.59
  183.01
  177.26
  157.44
   83.87
   83.17
  134.02
  134.93
  134.79
  135.89
  124.31
  156.20
  154.95
  232.20
  136.54
  108.68
  134.82
  124.06
   50.26
   60.77
   61.53
   52.78
   50.40
   48.28
   44.06
   52.33
   52.16
   40.35
   39.47
   53.29
   40.29
   42.98
   49.33
   52.24
   36.42
   45.76
   36.27
   35.82
   44.66
   48.42
   72.46
  156.51
   60.85
  212.97
  213.23
  190.18
   76.03
   84.36
  156.25
  159.14
  159.96
  132.95
  100.89
   48.76
   57.28
   80.79
   76.46
   80.17
   84.21
   79.40
   96.53
   95.94
  102.39
   91.32
   88.43
   87.10
   90.53
   83.68
   92.37
   44.51
  100.44
  100.38
  100.47
   79.63
   68.44
   68.64
  156.20
  194.54
  215.38
  216.96
  244.54
  104.04
  103.95
  241.51
  216.54
  210.93
  206.51
  202.81
  102.14
  105.20
  233.44
  228.38
  196.63
  223.90
  217.59
   99.70
   93.90
  205.50
  204.59
  204.50
  199.38
  188.73
  128.84
  128.76
  213.00
  212.69
  193.55
  190.40
  211.70
   96.93
   92.26
  178.51
  189.52
  191.76
  189.04
  186.52
  101.49
  102.79
   48.42
   44.23
   44.32
   42.53
   44.34
   48.37
   44.74
   70.88
  108.68
   92.65
   92.60
  100.81
   48.56
   52.78
  116.16
  117.09
  116.81
  115.45
  116.95
   52.78
   48.79
  114.03
  116.30
  115.42
  126.35
  111.17
   98.94
   56.80
  130.31
  117.26
  117.34
  136.71
  137.85
   60.88
   59.86
  116.38
  116.92
  116.98
  115.05
  116.18
   61.62
   59.86
  119.16
  111.99
  107.26
  111.48
  113.55
   60.99
   61.50
  115.93
  121.88
  125.33
  121.56
  123.86
   61.31
   61.22
  121.99
  121.90
  122.70
  123.63
  122.05
  125.47
  120.97
  169.90
  153.45
  180.46
  166.53
  175.90
  124.59
  123.38
  183.29
  179.36
  183.63
  113.13
  179.13
  128.28
  156.54
  251.65
  252.27
  252.44
  252.76
  174.29
  169.36
  169.25
  164.95
   95.20
  224.78
  225.97
  244.66
  259.27
  259.10
  258.90
  258.82
  259.10
  260.03
  347.67
  458.93
  458.62
  457.63
  456.69
  455.67
  454.54
  453.32
  452.14
  451.09
  449.87
  448.74
  447.49
  446.44
  310.44
  254.71
  254.91
  254.82
  254.82
  254.96
  254.94
  254.91
  254.79
  254.71
  254.23
  253.89
  253.58
  253.35
  249.75
  205.41
  204.99
  146.71
  146.17
  103.16
  142.77
  142.86
   79.46
   79.80
  119.78
  123.09
  160.44
  170.27
  179.67
  139.29
  131.33
  250.63
  253.04
  253.72
  218.61
  251.99
  252.95
  253.83
  254.06
  248.96
  207.79
  249.10
  248.14
  248.06
  247.60
  248.03
  248.08
   91.27
  248.42
  248.17
  248.03
  247.83
  247.35
  247.04
  246.50
  246.41
  246.16
  159.51
  155.09
  214.98
  163.33
  167.38
  169.39
  142.55
  248.54
  248.91
  249.07
  214.98
  248.14
  214.39
  249.64
  251.11
  252.93
  366.99
  480.00
  478.53
  477.37
  476.91
  476.69
  447.32
  428.52
  362.23
  361.35
  307.80
  250.18
  204.93
  205.27
  204.53
  197.14
  197.82
  125.33
  123.09
   74.53
   75.61
   79.71
   79.20
   70.68
   71.78
   77.39
   74.13
   44.06
   45.22
   39.02
   39.73
   39.79
   31.83
   23.53
   11.98
   16.17
   15.94
   16.00
   16.51
   16.42
    8.16
    9.26
   12.37
   11.86
   11.86
   18.77
   13.39
    9.74
   14.27
   12.12
   14.16
   12.35
   20.11
   20.19
   16.57
   12.35
   33.84
   34.21
   33.41
   32.42
   30.75
   32.62
   32.31
   32.62
   41.37
   64.53
   65.16
   64.45
   35.85
   28.63
   16.59
   12.63
    8.61
    8.21
    8.61
    8.61
    8.61
    8.61
    8.61
    8.61
    8.64
    8.78
   52.73
   52.75
   52.73
    8.72
    8.64
   24.21
    8.78
   53.04
   52.56
    8.61
    8.64
    8.64
   12.80
    8.75
   40.07
   52.84
    8.64
   12.57
    8.50
    8.66
   11.19
   52.56
   52.98
   28.68
   42.90
   33.02
   32.99
   32.96
   52.95
   52.70
   95.14
  100.55
   99.51
   92.54
   90.30
   92.37
   99.39
  196.75
  182.56
  106.67
  186.58
  182.67
   92.40
   63.23
  109.22
  103.53
   40.35
   44.66
   48.65
   60.63
   53.04
   50.77
   44.49
   49.10
   46.55
   44.60
   52.73
   52.73
   44.74
   44.68
   44.29
   44.34
   44.46
   52.39
   52.30
  104.26
  143.06
  147.93
  146.91
  147.47
  100.61
  104.04
  172.90
   95.74
   94.97
  104.97
   89.00
   78.81
   65.86
  166.90
  177.18
  178.31
  213.79
  200.48
  131.50
  134.87
  198.36
  207.05
  184.34
  193.89
  196.04
  131.22
  133.26
  191.31
  179.78
  175.11
  182.11
  171.77
  129.58
  130.60
  131.05
  124.31
  123.43
  122.87
   70.71
   51.56
   49.16
  112.62
  112.16
  112.05
  111.94
  122.07
   48.42
   48.87
   80.45
   15.12
   38.09
   44.40
   44.46
   48.59
   48.11
   96.79
  128.93
  129.55
  124.93
  127.99
   48.70
   46.07
  121.48
   92.60
   96.65
   96.48
  123.86
   60.85
   59.04
  139.35
  148.92
  147.33
  146.37
  150.08
   68.75
   69.06
  144.22
  126.07
  157.16
  155.80
  158.09
   68.89
   68.13
  141.90
   84.98
   85.09
  153.48
  153.42
   72.49
   74.78
  149.34
  149.77
  146.06
  153.73
  150.11
   75.10
   68.75
  147.56
  146.57
  149.06
  162.99
  166.39
   69.97
   69.86
  161.60
  164.66
  167.27
  170.44
  167.27
   72.15
   68.07
  156.11
  151.89
  149.17
   69.29
   73.54
  153.00
  156.85
  158.06
  149.06
  147.81
  156.71
  155.94
   47.94
   42.93
  116.69
   82.40
   82.26
   84.27
   84.21
   28.01
   29.02
   57.09
   57.12
   57.06
   56.75
   54.54
   32.17
   28.66
  145.94
  140.82
  140.45
  139.97
  139.43
   19.85
   19.74
   19.71
   19.94
   20.02
  137.76
  134.76
   84.47
   83.17
   86.22
   92.00
  223.73
  229.79
  225.86
  172.99
  159.23
  213.57
  211.64
  223.36
  222.17
  214.95
  166.13
  121.22
   20.25
    8.66
    7.84
    8.07
   15.91
  241.12
  251.96
  370.16
  442.37
  441.57
  440.10
  439.39
  438.54
  436.73
  437.24
  436.14
  159.31
  308.88
  442.25
  441.86
  441.91
  512.82
  588.76
  586.56
  584.74
  496.85
  430.64
  429.88
  429.09
  427.41
  426.76
  425.43
  423.90
  422.49
  421.44
  419.85
  418.38
  304.35
  241.32
  240.86
  240.61
  237.44
  151.86
  123.60
  125.36
  121.99
  123.49
   54.00
   55.30
   75.41
   78.72
  127.48
  167.21
  166.25
   23.96
   35.68
  168.43
  202.95
  175.51
  190.35
  188.93
   90.70
   94.69
  107.46
  117.46
  108.71
  115.11
   88.60
   43.72
   44.17
  137.48
  151.16
  129.44
  101.32
  108.09
  109.50
  114.00
  111.31
   52.67
   53.09
   57.85
   58.59
   28.54
   27.95
   40.55
   52.10
   52.75
   31.91
   44.54
   33.24
   32.82
   29.70
   34.15
   33.02
   34.97
   32.37
   35.65
   96.50
   61.39
   69.46
  126.12
  152.09
  180.18
  175.88
  180.46
  191.56
  258.96
  315.82
  300.24
  235.54
   79.37
    9.09
   87.22
  242.62
  341.47
  326.95
  311.20
  297.16
  284.44
  273.29
  265.33
  182.70
  119.55
  135.27
   68.05
   76.48
   68.75
   75.58
   78.92
   74.76
  172.02
   80.73
   80.45
   84.61
   53.72
   53.29
   53.18
   67.56
   80.70
  104.18
   90.36
  131.08
  136.74
  146.54
  265.10
  118.00
  137.59
  158.49
  264.28
  265.07
  264.71
  264.79
  125.73
  125.73
  134.42
  197.62
  195.41
  256.15
  256.10
  123.69
  133.85
   84.30
   88.58
  138.24
  162.06
  184.23
  118.31
  118.02
   99.11
  127.77
  109.90
   71.36
  107.12
  123.32
   48.34
    8.44
  248.08
  256.89
  256.58
  257.43
  116.04
  256.04
  255.98
  256.01
  255.70
  190.97
  193.83
   43.98
   52.22
  104.29
  149.65
  136.60
  128.64
  129.72
   52.30
   56.46
   36.59
   36.70
   37.41
   51.88
   44.40
   52.61
   60.29
  121.71
  124.99
  112.28
   99.68
   66.09
   53.18
   52.78
   79.40
   87.70
  128.62
  132.30
  135.41
   65.10
   71.02
   61.33
   86.08
  140.20
   44.37
   44.60
   52.58
   56.63
   88.77
   90.64
   96.36
  102.76
   44.43
   52.58
   52.50
   52.84
  117.01
  126.60
   96.42
  106.75
  134.87
  122.84
  139.09
  153.62
  186.69
  141.33
  141.50
  138.19
  155.54
  127.74
  149.97
  128.02
  137.34
  256.49
  128.25
  147.93
  100.30
  138.24
  131.70
   75.95
  149.20
   87.98
   84.38
  184.23
  191.76
  185.42
  188.45
  195.67
  108.31
  129.15
  198.56
  186.32
  198.56
  199.97
  108.62
  131.98
  143.37
  208.81
  206.51
  209.01
  206.97
  212.94
  124.82
  148.83
  221.78
  211.81
  209.26
  206.77
  199.24
  118.65
  142.38
  169.31
  168.40
  169.84
  174.71
  169.59
   77.02
   83.34
  140.20
  149.37
  137.34
  137.28
  145.12
   66.20
   73.03
  124.20
  129.41
  126.89
  127.14
  143.23
   36.98
   42.73
  103.50
   98.29
   99.36
   49.70
   47.74
   84.75
   86.34
   86.20
   93.45
  115.08
  110.72
   97.86
   73.51
   62.07
  135.84
  131.79
   94.55
   91.04
  113.27
  107.21
  107.52
  195.22
  243.13
  244.15
  244.83
  245.56
  245.51
  245.31
  245.73
  245.79
  245.54
  247.52
  244.69
  175.28
  173.07
  244.43
  245.00
  245.71
  245.82
  245.45
  245.25
  245.42
  239.11
