19850101
   23.30
   23.73
   40.95
   40.63
   26.73
   27.52
   25.17
   28.85
   25.23
   23.53
   22.91
   24.78
   23.28
   26.90
   23.93
   21.63
   21.12
   21.97
    2.69
   30.21
   34.74
   15.43
   19.31
   22.94
   22.68
   24.58
   23.28
   23.96
   24.58
   23.45
   23.56
   59.78
   75.04
   75.04
   75.04
   75.04
   69.86
   40.29
   31.21
   31.43
   30.38
   32.59
   24.95
   20.56
   18.46
   13.54
   16.28
   15.77
   25.09
   24.81
   31.01
   38.40
   37.89
   46.21
   46.38
   38.23
   24.95
   30.67
   28.68
   20.08
   13.54
   13.65
   29.25
   15.74
   14.92
   20.98
   19.77
   12.97
   12.97
   12.06
   11.19
   13.42
   11.50
    9.74
   10.28
   10.28
    9.43
    7.96
    8.58
   14.44
    8.58
    9.74
   11.21
   10.25
   14.05
   19.71
   14.44
   14.44
   12.97
   12.97
    8.58
   13.82
   11.67
    8.89
   10.02
   15.18
   14.78
   13.25
   13.00
   14.98
   11.72
   14.44
   15.91
   13.82
    7.11
    8.58
   10.02
   14.44
   15.91
   15.91
   14.44
   15.91
   10.02
    7.11
    7.11
    7.11
   12.97
   12.86
   12.97
   15.91
   15.91
   17.39
   15.91
   18.86
   15.91
   17.39
   17.41
   17.39
   17.39
   15.91
   17.39
   18.07
   21.01
   20.33
   21.63
   16.76
   20.33
   18.75
   16.37
   12.97
   12.97
   12.97
   10.02
   14.44
   14.44
   12.69
   15.91
   15.91
   15.91
   21.78
   14.81
   17.39
   17.39
   17.22
   16.59
   17.53
   16.99
   15.43
   14.16
   15.91
   21.35
   19.94
   19.31
   15.91
   18.86
   20.33
   17.84
   18.69
   23.73
   15.91
   20.84
   22.26
   16.99
   16.59
   19.09
   31.12
   24.81
   28.94
   21.86
   31.12
   21.97
   31.63
   25.74
   27.01
   23.76
   23.45
   28.29
   30.38
   25.74
   33.44
   33.73
   32.37
   32.31
   32.14
   31.40
   30.30
   30.72
   30.30
   30.30
   27.33
   32.20
   32.20
   32.59
   26.05
   26.93
   26.28
   23.96
   23.96
   22.48
   23.33
   26.50
   28.80
   25.51
   25.91
   23.96
   23.33
   23.33
   23.79
   23.16
   24.38
   26.36
   23.96
   25.06
   23.70
   23.70
   24.18
   25.06
   25.34
   25.12
   33.02
   28.15
   28.15
   28.68
   28.18
   29.25
   32.56
   47.01
   50.91
   48.68
   31.09
   28.29
   32.37
   29.45
   29.45
   28.18
   39.59
   28.68
   33.95
   37.86
   32.08
   30.10
   30.38
   30.89
   28.80
   33.02
   23.33
   20.33
   21.55
   21.78
   19.43
   18.26
   18.26
   20.19
   14.22
   15.09
   25.49
   24.95
   25.46
   23.16
   24.01
   15.91
   15.91
   14.44
   12.97
   30.70
   15.91
   13.00
    6.48
    7.11
   16.48
   11.33
   11.50
   12.12
   12.97
   14.44
   14.44
   15.91
   17.39
   20.33
   24.72
   27.84
   17.33
   17.27
   20.33
   20.33
   17.27
   27.55
   18.86
   19.91
   18.97
   27.27
   24.95
   25.60
   25.80
   22.88
   24.32
   24.98
   24.13
   31.18
   31.83
   35.31
   35.06
   29.96
   31.60
   32.99
   32.51
   34.77
   34.29
   31.97
   23.73
   23.73
   32.37
   33.61
   30.98
   31.29
   28.91
   30.04
   31.52
   15.80
   20.22
   19.09
   18.86
   21.78
   20.78
   19.77
   37.35
   28.71
   31.09
   37.29
   30.67
    2.69
    2.69
    7.96
   20.16
   21.78
   30.67
   30.95
   35.17
   35.96
   37.89
   38.06
   37.94
   35.37
   31.26
   30.58
   34.49
   34.77
   29.85
   29.36
   30.61
   35.85
   36.47
   37.94
   36.47
   34.41
   41.14
   42.19
   39.39
   33.41
   35.93
   36.90
   32.34
   34.89
   35.71
   34.24
   24.49
   18.58
   23.05
   31.12
   31.66
   17.44
   14.05
   16.08
   15.52
   22.74
   17.10
   16.14
   18.07
   18.60
   14.67
   13.31
   32.76
   37.94
   32.08
   30.61
   30.24
   23.25
   11.21
   11.50
   14.67
   14.67
   14.67
   17.16
   17.39
   16.59
   17.33
   20.16
   25.94
   24.32
   23.47
   14.38
   14.05
   15.80
   44.71
   47.18
   41.63
   41.00
   21.55
   22.88
   20.27
   13.20
   14.53
   13.20
   11.72
   14.53
   14.05
   14.67
   20.22
   17.10
   17.61
   21.46
   10.28
   10.28
   12.97
   14.33
   12.97
   11.50
   30.36
   37.32
   40.75
   24.81
   31.52
   29.65
   32.99
   24.15
   17.56
   16.59
   17.44
   15.80
   17.39
   16.99
   18.24
   15.91
    9.91
   14.16
   14.44
   12.91
    8.58
    8.58
    8.58
    8.58
    8.58
    8.58
    8.47
    7.45
    8.58
    8.58
    7.96
    8.58
    8.58
    8.58
   10.02
    9.43
   10.02
    8.89
   10.02
   10.02
    9.43
    9.43
   10.02
   10.02
    9.32
   10.02
    9.43
   10.02
    9.94
   10.02
   10.02
   10.02
   10.02
   10.02
   10.02
   10.02
   10.02
   10.02
   10.02
   11.50
   11.50
   11.50
   11.50
   11.50
   11.50
   11.50
   12.97
   12.97
   12.97
   12.97
   12.97
   12.97
   12.97
   12.97
   12.97
   17.39
   21.78
   15.01
   20.33
   20.56
   20.33
   11.50
   11.50
   13.20
   12.97
   12.97
   12.97
   12.97
   12.97
   14.44
   13.54
   15.80
   15.91
   15.91
   14.05
   20.59
   18.15
   17.84
   19.94
   17.39
   15.80
   19.94
   16.48
   15.52
   14.33
   13.71
   14.44
   14.44
   14.24
   26.50
   31.12
   26.65
   17.95
   17.84
   18.07
   17.22
   17.53
   17.61
   15.52
   14.05
   17.61
   15.91
   16.68
   11.50
   11.50
   12.57
    9.74
   11.50
   11.50
   14.05
   14.89
   14.05
   15.80
   14.05
   18.86
   20.33
   19.31
   14.33
   12.77
   10.87
   10.45
   12.97
   12.86
   10.28
   11.50
   11.41
   10.02
   12.97
   15.18
   13.20
   10.02
   14.44
   13.62
   12.03
   12.97
   12.86
   11.92
   16.37
   26.19
   15.69
   14.55
   14.98
   15.91
   15.29
   15.66
   13.90
   13.62
   15.09
   15.91
   13.20
   15.91
   14.05
   12.40
   25.94
   33.07
   29.19
   19.62
   20.13
   14.78
   12.97
   11.84
   12.74
   10.36
   13.00
   12.97
   12.97
   19.03
   19.99
   14.55
   15.72
   15.72
   15.72
   16.88
   10.99
   12.15
    7.42
   11.84
   11.50
   10.68
   12.97
   12.15
   12.15
    9.20
   10.02
   11.50
   11.50
   11.50
   11.84
   12.97
   12.97
   12.97
   10.02
   10.02
   24.72
   35.40
   30.13
   11.84
   13.62
   14.75
   13.62
   23.25
   10.02
   10.02
   10.02
   27.67
   91.94
   72.43
   35.37
    8.58
    8.58
    8.47
    8.58
   12.97
   12.97
   10.93
   10.87
   10.02
   10.02
   11.50
   23.25
   15.74
   16.03
   11.53
   13.20
   33.39
   20.08
   32.08
   31.60
   29.93
   23.45
   25.97
   22.74
   21.12
   17.92
   33.64
   51.93
   50.94
   69.38
   69.38
   69.38
   69.38
   69.38
   40.95
   38.00
   36.70
   38.28
   43.10
   40.04
   43.41
   41.09
   37.01
   43.64
   53.26
   66.63
   60.37
   60.99
   44.26
   41.68
   41.14
   42.31
   41.99
   38.94
   39.33
   39.64
   37.77
   37.35
   37.15
   37.27
   37.46
   37.35
   38.09
   39.98
   40.15
   39.62
   40.95
   35.91
   30.61
   30.61
   27.18
   27.58
   23.96
   36.98
   34.83
   30.44
   28.97
   29.11
   29.59
   27.10
   24.35
   29.73
   30.64
   55.42
   76.85
   75.29
   75.04
   75.04
   48.87
   47.37
   38.26
   44.49
   46.89
   44.74
   34.77
   34.07
   33.30
   41.17
   35.71
   39.87
   44.88
   46.21
   30.41
   30.89
   32.22
   30.53
   29.90
   30.87
   31.38
   30.67
   30.67
   30.13
   30.67
   36.78
   40.41
   30.89
   32.39
   25.43
   41.37
   36.98
   39.11
   38.48
   59.07
   90.02
   82.83
   80.11
   79.32
   75.04
   75.04
   53.94
   73.88
   43.49
   42.79
   43.38
   48.56
   43.58
   43.30
   45.28
   46.44
   43.27
   38.17
   42.50
   39.56
   40.95
   43.01
   46.10
   35.42
   38.88
   30.44
   24.89
   24.32
   24.89
   23.30
   20.59
   30.07
   21.38
   20.56
   31.83
   25.80
   24.89
   18.66
   23.11
   25.80
   35.28
   37.15
   38.54
   38.40
   33.84
   33.22
   31.91
   34.97
   44.74
   26.42
   24.41
   43.21
   48.31
   40.46
   42.70
   46.38
   37.32
   37.15
   36.22
   34.69
   33.78
   37.97
   32.03
   22.06
   23.02
   23.33
   31.71
   29.28
   24.49
   33.44
   25.17
   23.73
   25.57
   27.98
   27.10
   26.93
   31.18
   23.73
   22.80
   26.93
   30.04
   30.50
   31.12
   29.70
   19.31
   18.69
   22.37
   29.82
   33.95
   32.51
   32.51
   29.17
   29.25
   31.18
   28.40
   32.51
   13.20
   17.84
   17.84
   18.46
   23.16
   29.70
   29.70
   29.70
   27.27
   18.69
   18.29
   21.38
   28.40
   23.96
   23.70
   28.40
   17.84
   17.22
   24.15
   33.90
   29.70
   26.93
   28.40
   20.78
   20.08
   23.25
   25.63
   24.32
   22.85
   19.31
   19.31
   18.69
   24.15
   24.15
   29.70
   25.57
   19.54
   19.14
   19.62
   29.39
   33.90
   40.83
   24.32
   24.15
   19.85
   21.95
   26.84
   22.40
   22.60
   23.67
   23.67
   23.33
   22.91
   24.52
   22.91
   22.91
   27.86
   26.93
   30.07
   30.61
   33.07
   32.17
   24.81
   27.01
   25.54
   24.15
   25.26
   26.65
   25.54
   22.60
   25.54
   23.33
   22.60
   22.60
   22.60
   19.62
   18.92
   19.91
   21.12
   21.12
   20.36
   22.68
   20.33
   22.03
   22.46
   20.76
   15.94
   15.43
   17.78
   14.44
   13.93
   13.73
   14.75
   14.27
   13.82
   12.57
   13.85
   15.21
   18.89
   18.58
   18.69
   18.69
   15.38
   17.67
   16.37
   18.60
   19.00
   14.67
   14.27
   14.27
   21.38
   22.34
   17.87
   19.85
   18.49
   17.33
   18.38
   24.04
   31.35
   31.12
   31.74
   25.23
   21.63
   25.57
   24.58
   23.02
   22.48
   21.83
   22.80
   24.72
   25.20
   24.66
   23.96
   23.96
   27.27
   23.25
   24.72
   12.97
   12.97
   13.20
   12.57
   12.57
   11.50
   12.97
    8.58
    7.11
    6.68
    8.58
    8.58
    8.58
    8.58
    8.58
    8.58
    9.94
    9.94
    9.43
    7.84
    5.64
    7.84
    7.84
   11.50
   10.36
   11.84
    9.32
   10.02
   10.02
   11.50
   14.33
   12.15
   15.52
   10.28
   11.41
   10.28
   10.87
   11.50
   10.36
   11.41
   11.50
   11.50
   11.50
   10.02
    9.43
    9.43
    9.94
   10.02
    9.94
   10.02
   10.02
   10.02
   10.02
    9.43
    9.94
   10.02
    9.94
   14.44
   13.82
   12.57
   10.28
   10.02
   10.02
   10.02
   10.02
    8.47
   11.72
   10.28
   10.02
   10.02
   14.67
   28.46
    9.43
   14.16
   14.33
   14.33
   13.20
   13.82
   15.52
   25.66
   19.94
   23.96
   23.02
   23.33
   21.83
   21.83
   17.39
   29.42
   19.71
   10.28
   12.86
   16.14
   43.58
   55.25
   69.38
   58.50
   41.34
   41.03
   28.35
   28.49
   34.21
   28.49
   28.26
   18.46
   19.09
   21.86
   24.24
   20.05
   25.17
   32.96
   15.40
   16.14
   21.24
   17.84
   18.46
   19.62
   25.71
   15.83
   16.99
   16.99
   29.96
   15.66
   16.03
   16.03
   15.18
   14.67
   15.38
   15.60
   19.68
   19.74
   17.30
   10.02
    9.94
   17.30
   18.46
   13.20
    9.43
   10.28
    7.96
    8.58
    7.96
    7.96
    7.11
    5.64
    9.43
    7.96
    8.58
   18.92
   21.24
   22.99
   10.28
   17.27
   13.20
   13.20
    9.94
    9.94
    8.58
    8.58
    8.58
    8.58
    8.58
    8.47
    8.58
    8.58
    8.58
    8.58
   11.50
   11.38
    8.58
    8.58
    8.58
    8.47
    8.58
   10.28
   12.97
    8.47
    8.58
    8.58
    8.58
    8.58
    8.58
    8.58
    8.58
    8.58
    8.47
    8.58
    8.47
    8.58
    8.58
    8.47
    8.58
    8.58
    8.47
    8.47
    8.58
    8.58
    8.47
    8.58
    8.58
    8.58
    8.58
    8.58
    8.58
    8.58
    8.58
    8.58
    8.58
    8.58
    8.58
    8.58
    8.58
    8.58
    8.58
    8.58
    8.58
    8.58
    8.58
    8.58
    8.58
    8.58
    8.58
    8.58
    8.58
    8.58
   11.50
   11.50
   10.02
   10.02
   10.02
   10.02
   10.02
   14.44
   11.02
    8.58
   12.57
   14.44
   14.44
   15.86
   10.28
    9.43
   10.28
   11.72
   15.52
   14.89
   15.38
   21.46
   20.61
   26.50
   22.99
   22.09
   18.69
   18.15
   19.14
   17.22
   18.29
   18.29
   18.75
   17.84
   18.77
   14.67
   19.00
   20.93
   17.53
   17.30
   13.20
   13.20
   17.22
   16.68
   18.15
   17.22
   30.04
   19.99
   29.70
   19.99
   18.69
   18.29
   19.85
   19.94
   18.46
   17.84
   18.29
   20.08
   19.85
   22.71
   19.99
   12.57
   12.80
   17.22
   18.69
   16.37
   18.92
   21.01
   19.31
   19.00
   21.04
   22.60
   21.32
   21.86
   26.93
   16.37
   16.99
   23.36
   22.17
   22.60
   32.17
   21.86
   16.99
   26.50
   26.42
   22.60
   20.36
   18.15
   16.59
   16.14
   15.21
   19.60
   19.94
   20.76
   23.33
   17.41
   15.86
   22.99
   28.83
   31.38
   31.43
   41.03
   40.29
   39.53
   39.45
   40.78
   41.77
   41.74
   42.50
   38.06
   35.28
   38.20
   35.28
   40.92
   41.12
   39.05
   39.53
   39.45
   39.45
   41.14
   35.28
   33.95
   34.57
   34.80
   35.42
   35.76
   45.90
   35.54
   36.95
   35.71
   37.75
   39.53
   38.40
   38.09
   39.96
   35.82
   33.73
   34.69
   35.54
   36.16
   37.32
   28.97
    7.11
    5.64
    2.69
   16.99
   17.61
    4.16
    4.16
    2.69
    2.69
    2.69
   14.05
   14.78
    2.69
    2.69
    2.69
    2.69
    2.69
   40.41
   40.41
   34.38
   33.44
   15.74
   16.25
   14.38
   12.57
   14.44
   13.20
   11.50
   11.50
   14.55
   20.78
   14.33
   24.10
   20.67
   34.18
   32.20
   44.40
   48.99
   40.72
   45.48
   34.38
   43.78
   45.25
   44.91
   45.82
   26.50
   27.13
   15.66
   14.38
   10.02
    9.43
   12.97
    2.69
    2.69
    2.69
    8.41
    7.84
    8.27
    8.24
    2.69
    2.69
    7.96
    2.69
    2.69
    2.69
    2.69
    2.69
    2.69
    2.69
    2.69
   11.75
   16.68
   31.40
   20.56
   29.22
   12.26
   31.21
   31.21
   30.70
   32.14
   17.41
   18.15
   18.15
   20.36
   36.81
   39.53
   55.78
   55.78
   55.78
   55.78
   55.78
   38.03
   17.92
   20.36
   26.28
   26.28
    2.69
    2.69
   16.93
   17.22
   16.91
   17.41
    7.11
   18.86
   13.39
   26.28
    2.69
    9.85
   16.65
   21.83
   24.04
   26.99
   41.74
   55.78
   55.78
   32.14
   32.17
   33.41
   29.62
   24.52
   14.70
   14.47
   23.30
   32.17
   32.17
   39.53
   40.27
   42.50
   46.92
   43.95
   45.62
   30.89
   53.29
   75.04
   75.04
   55.25
   69.38
   51.68
   66.97
   74.81
   75.04
   75.04
   59.47
   46.84
   50.12
   45.76
   32.99
   38.91
   37.63
   37.63
   27.72
   16.48
   39.96
   37.41
   37.86
   42.50
   52.19
   34.15
   32.37
   31.74
   35.79
   37.46
   39.76
   39.76
   40.29
   40.18
   42.08
   42.08
   38.96
   49.04
   58.79
   75.04
   75.83
   78.15
   76.09
   75.04
   75.04
   75.04
   35.14
   35.14
   34.26
   42.11
   41.88
   35.62
   38.68
   37.69
   38.40
   41.65
   41.91
   29.56
   31.26
   34.07
   27.50
   27.72
   34.69
   43.58
   62.24
   73.62
   52.95
  151.21
   75.04
   66.91
   75.04
   38.51
   68.44
   73.77
   73.77
   73.77
   59.15
   40.10
   44.63
   38.45
   42.42
   33.33
   32.71
   38.51
   38.09
   39.13
   38.51
   31.32
   35.96
   35.96
   35.96
   33.64
   33.64
   31.32
   33.58
   36.13
   27.55
   32.88
   31.94
   36.13
   36.13
   45.02
   25.68
   25.68
   52.75
   43.55
   57.06
   55.70
  164.55
  155.26
   97.86
   93.90
  125.47
  153.93
  159.99
  167.64
  122.87
   68.10
   65.98
   63.80
   63.01
   68.10
   68.10
   72.83
   74.02
   73.77
   68.10
   68.10
   46.13
   48.37
   68.10
   68.10
   68.10
   68.10
   80.31
   90.47
   73.71
   51.59
   50.66
   36.78
   35.85
   33.44
   37.69
   40.49
   37.27
   39.56
   39.56
   39.56
   39.56
   41.34
   39.56
   39.56
   36.78
   36.78
   43.64
   47.32
   44.66
   42.33
   42.50
   42.50
   40.49
   39.56
   36.42
   34.94
   34.94
   36.78
   22.60
   41.31
   36.02
   66.35
   36.64
   35.85
   35.85
   36.47
   31.23
   32.54
   32.42
   32.68
   32.68
   32.68
   32.68
   33.10
   33.10
   30.89
   56.44
   47.83
   39.02
   33.10
   33.10
   40.49
   44.17
   44.17
   44.17
   32.68
   32.62
   39.56
   36.93
   30.78
   29.90
   33.16
   34.49
   34.49
   10.45
    1.42
    1.42
   21.61
   42.31
   38.28
   42.31
   57.06
   68.10
   66.69
   39.19
  101.49
  194.54
  313.41
  203.09
   94.69
   75.46
   50.35
   59.69
   54.34
   54.26
   59.61
   43.32
   43.49
   40.72
   45.17
   60.99
   61.62
   60.54
   66.69
   70.71
   75.38
   75.46
   75.46
   75.46
   48.51
   45.11
   45.65
   40.95
   44.97
   44.63
   50.57
   41.85
   41.85
   59.61
   46.04
   47.57
   21.07
   14.70
   30.61
   37.24
   48.11
   66.69
   66.69
   66.69
   66.69
   50.77
   52.98
   57.34
  138.75
  105.14
   61.02
   59.38
   61.02
   46.47
   58.19
   61.02
   61.02
   61.02
   61.02
   61.02
   56.72
   21.27
   39.11
   38.68
   48.51
   35.99
   45.14
   37.55
   49.16
   48.00
   48.00
   48.00
   48.00
   48.85
   59.86
   77.16
   78.58
   75.66
   76.51
   80.14
   72.80
   67.34
   71.90
   74.67
   74.98
   75.83
   77.96
   77.16
   76.09
   64.14
   54.06
   50.40
   48.65
   52.61
   77.11
   72.72
   68.56
   63.51
   65.89
   67.85
   72.80
   73.26
   76.09
   72.12
   67.31
   63.20
   60.57
   58.02
   58.39
   49.19
   51.17
   55.95
   44.83
   46.58
   81.81
   89.85
   94.49
   88.43
  100.72
  121.28
  115.31
  103.24
  101.49
  131.16
  121.79
  109.93
  106.58
   98.34
  129.63
  130.06
  110.01
  103.19
   97.21
   94.13
  189.64
  184.65
  128.56
  116.01
  101.71
   99.14
  822.72
  339.21
  214.39
  181.31
  188.68
  175.99
  154.72
  169.19
  184.06
  162.57
  157.50
  172.39
  169.19
  161.97
  144.25
  157.38
  160.87
  148.32
  127.71
  127.57
  126.01
  140.28
  147.62
  110.72
  115.87
   92.20
   72.63
   73.26
  254.09
  527.26
  309.62
  267.88
  259.95
  234.52
  175.99
  164.52
  173.44
  173.02
  158.15
  123.06
  134.56
  129.12
  117.46
  128.33
   99.34
   87.78
   87.07
   88.49
   66.20
   54.88
   54.14
   53.80
   52.39
   44.60
   45.31
   50.26
   53.80
   53.80
   53.80
   53.80
   53.80
   53.80
   53.80
   53.80
   54.88
   56.63
   56.63
   56.63
   55.56
   61.82
   64.19
   57.34
   56.63
   57.34
   78.58
   67.96
   58.76
   70.42
   65.61
   58.53
   63.71
   58.76
   58.05
   94.86
   92.03
   79.29
   72.21
   67.96
   67.96
   61.59
   46.01
   36.39
   45.31
   45.31
   45.48
   48.85
   28.32
   11.04
    4.39
   14.75
   23.05
   31.38
   36.44
   40.04
   43.47
   38.65
   33.56
   34.74
   48.11
   52.53
   45.90
   42.87
   40.75
   40.18
   40.89
   39.25
   26.96
    9.63
   12.29
   26.16
   23.53
   25.37
   25.66
   26.16
   26.16
   26.16
   26.16
   26.62
   25.20
   24.52
   25.40
   23.56
   21.97
   23.73
   24.32
   25.00
   25.77
   27.58
   29.99
   30.04
   28.88
   28.09
   26.99
   25.68
   31.06
   25.06
   29.48
   63.74
  114.03
   99.39
   77.08
   64.05
   56.29
   50.83
   49.41
   52.19
   58.53
   52.61
   37.80
   36.16
   38.74
   40.52
   42.22
   42.14
   43.47
   44.34
   45.34
   46.47
   46.84
   47.74
   60.12
   61.39
   49.67
   43.30
   42.50
   46.04
   46.61
   47.18
   46.89
   44.09
   32.37
   25.32
   26.16
   26.05
   27.24
   29.34
   32.20
   35.25
   37.77
   35.11
   33.36
   30.98
   28.97
   29.08
   29.56
   31.63
   23.13
   14.78
   15.89
   17.22
   29.62
   34.89
   33.92
   32.48
   32.31
   31.06
   29.08
   32.45
   22.17
   24.92
   31.74
   28.37
   27.07
   23.28
   13.90
   13.62
   13.39
   13.20
   15.91
   24.58
   23.02
   21.32
   14.19
    9.88
   10.05
   14.53
   14.64
   14.19
   14.19
   13.62
   13.62
   13.39
   14.05
   14.81
   15.69
   45.42
   53.41
   51.34
   44.97
   38.09
   36.25
   27.35
   23.33
   22.91
   29.48
   43.41
   40.80
   39.76
   40.80
   57.91
   55.78
   53.58
   48.93
   44.74
   43.64
   40.52
   40.44
   40.10
   36.44
   40.12
   34.66
   29.82
   24.24
   26.36
   27.64
   28.18
   35.20
   43.04
   39.62
   34.18
   35.37
   34.55
   28.54
   22.71
   22.37
   28.97
   36.10
   40.18
   44.09
   45.99
   47.69
   48.14
   48.14
   43.83
   30.89
   24.86
   31.66
   32.05
   35.91
   41.74
   42.98
   51.23
   45.79
   39.59
   39.98
   39.81
   44.88
   42.90
   36.44
   33.27
   34.57
   36.87
   37.69
   36.78
   41.65
   47.12
   56.92
   59.13
   56.41
   50.55
  121.08
  227.89
  107.09
   71.47
   61.65
   70.51
   69.83
   66.06
   77.70
   94.38
   87.41
   95.14
   76.97
   63.68
   56.29
   53.58
   51.85
   50.06
   50.06
   60.74
   71.67
   72.97
   62.10
   58.81
   55.93
   48.87
   47.83
   49.95
   44.66
   41.80
   40.80
   40.49
   39.76
   36.87
   34.74
   35.06
   33.81
   31.94
   23.50
   28.63
   27.67
   23.19
   26.73
   29.34
   31.21
   31.21
   30.10
   28.88
   28.43
   28.43
   24.15
   26.42
   27.44
   34.12
   49.33
   54.37
   46.10
   71.33
  106.44
  220.19
  140.54
  140.54
   87.73
  101.60
   94.21
   68.39
   66.54
   63.54
   57.74
   61.73
   69.72
   69.74
   74.64
   69.12
   71.16
   65.61
   59.35
   54.88
   53.72
   50.97
   50.94
   85.21
   58.22
   54.76
   52.61
   53.46
   53.12
   49.64
   48.73
   48.28
   48.28
   47.66
   47.03
   46.58
   45.65
   49.55
   89.65
  148.04
   99.28
   76.71
   81.61
   79.15
   76.97
   91.46
  104.83
   87.70
   81.67
   89.65
   84.98
   76.03
   88.15
   79.37
   76.20
   71.39
   63.74
   62.58
   58.59
   59.21
   65.38
   59.75
   56.83
   57.34
   38.23
   32.99
   34.15
   23.79
   24.10
   27.61
   67.45
   91.80
  108.37
   99.02
   96.36
  137.28
  133.88
  131.14
  118.90
  107.41
   83.45
   70.93
   72.38
   59.58
   54.91
   49.84
   43.83
   51.90
   58.90
   58.90
   58.90
   58.90
   46.89
   42.48
   50.32
   37.15
   47.37
   46.92
   46.13
   25.00
   30.38
   27.13
   42.62
   41.20
   38.60
   40.97
   31.26
   40.72
   26.08
   30.16
   27.84
   34.43
   31.60
   39.16
   40.24
   38.03
   35.25
   35.68
   33.36
   33.36
   42.05
   42.62
   42.45
   35.45
   43.27
   45.76
   29.68
   28.03
   41.63
   57.00
   58.90
   59.21
   60.43
   45.90
   36.90
   42.96
   43.55
   23.53
   25.49
   20.05
   25.99
   27.81
   29.17
   37.63
   31.46
   30.75
   30.75
   24.61
   28.63
   24.38
   29.31
   26.70
   30.19
   33.16
   29.00
   38.09
   30.58
   30.58
   24.15
   24.15
   30.55
   34.24
   39.73
   30.16
   42.31
   31.23
   34.77
   36.84
   36.10
   27.41
   29.48
   25.03
   28.26
   28.26
   32.54
   31.35
   42.31
   50.15
   48.28
   26.02
   24.49
   35.91
   28.18
   32.71
   25.49
   26.42
   19.20
   18.77
   59.52
   94.07
   43.72
   50.40
   51.71
   43.21
   43.27
   43.89
   38.77
   36.13
   36.02
   31.71
   39.50
   40.75
   41.97
   38.34
   35.31
   38.62
   38.74
   36.64
   35.71
   35.54
   39.79
   42.67
   46.33
   43.15
   38.99
   38.48
   39.36
   31.86
   32.82
   34.43
   32.51
   40.21
   40.72
   41.57
   34.69
   38.37
   35.42
   29.99
   24.13
   27.69
   18.26
   19.96
   22.60
   27.33
   33.19
   29.65
   27.13
   22.63
   24.86
   20.93
   27.10
   19.85
   23.79
   25.77
   25.71
   24.44
   24.21
   29.68
   34.01
   29.53
   27.55
   26.90
   30.27
   29.17
   29.11
   26.93
   26.48
   25.15
   30.61
   29.00
   26.62
   24.72
   24.75
   28.52
   28.94
   30.87
   34.38
   33.92
   24.38
   20.56
   21.52
   19.99
   20.13
   23.16
   23.25
   23.98
   26.31
   42.14
   36.05
   47.54
   55.13
   49.64
   23.13
   19.09
   12.57
   11.84
   98.85
  108.11
   92.03
   92.03
   94.10
   51.76
   49.58
   51.93
   52.24
   58.05
   55.81
   54.42
   51.08
   54.48
   49.95
   41.48
   49.30
   48.56
   48.03
   47.66
   46.75
   48.93
   43.69
   43.83
   48.37
   48.39
   39.93
   39.42
   62.86
   66.01
   35.59
   46.81
   42.45
   49.58
   32.45
   55.02
   62.61
   65.55
   62.18
   45.76
   39.42
   33.98
   44.83
   32.20
   59.69
   43.30
   21.97
   33.13
   40.95
   47.32
   44.97
   14.10
   55.44
   55.33
   48.85
   46.35
   32.11
   34.24
   31.09
   46.18
   46.78
   31.23
   31.06
   31.23
   32.56
   25.32
   34.86
   21.18
   25.80
   29.48
   29.48
   32.34
   23.90
   27.07
   15.32
   31.38
   31.23
   33.78
   55.61
   22.31
   27.10
   31.86
   25.32
   24.86
   19.91
   65.92
   91.38
   85.60
   72.15
   72.75
   56.58
   37.83
   44.37
   35.99
   32.22
   34.21
   35.99
   41.88
   44.12
   35.06
   42.22
   41.26
   58.50
   39.67
   40.29
   25.97
   35.00
   32.22
   36.78
   55.10
   55.10
   46.27
   43.04
   56.04
   65.30
   50.49
   46.47
   41.29
   50.21
   49.21
   49.38
   52.56
   57.65
   44.12
   42.36
   46.35
   43.32
   43.98
   42.84
   42.84
   20.39
   19.68
   19.48
   17.22
   17.47
   18.72
   22.77
   22.23
   14.02
   13.90
   13.39
   13.76
   37.94
   34.80
   38.03
   44.49
   42.42
   36.76
   41.03
   42.50
   43.24
   43.86
   36.22
   34.38
   29.22
   28.77
   29.05
   29.31
   63.26
   53.52
   30.30
   34.83
   36.08
   38.03
   32.56
   34.38
   16.14
   19.96
   28.12
   25.68
   20.93
   30.38
   30.41
   26.73
   25.49
   25.37
   25.60
   23.76
   18.63
   37.27
   24.21
   19.14
   26.76
   28.91
   30.61
   27.41
   48.34
   25.37
   19.71
   42.05
   31.74
   45.22
   45.11
   49.50
   41.12
   45.53
   47.37
   50.26
   45.73
   44.49
   34.43
   40.72
   33.36
   37.63
   33.56
   37.43
   31.63
   42.76
   25.91
   12.32
   26.56
    8.98
   26.14
   29.70
   30.50
   26.84
   26.84
   35.17
   35.17
   38.51
   43.64
   37.83
   22.06
   19.34
   44.17
   40.41
   32.96
   41.51
   40.78
   17.78
   12.69
   29.87
   30.19
   26.93
   27.69
   35.06
   22.43
   17.39
   29.42
   32.11
   32.03
   30.89
   25.54
   20.90
   20.87
   30.50
   30.72
   29.87
   27.98
   27.75
   22.31
   20.98
   32.88
   32.90
   31.57
   30.89
   35.71
   10.85
    5.95
   39.08
   42.45
   42.50
   34.52
   26.90
   33.36
   47.01
   43.07
   40.63
   42.48
   52.84
   63.17
   32.31
   14.55
   39.39
   35.14
   34.57
   30.13
   28.43
   27.75
   33.73
   36.78
   36.36
   35.20
   33.95
   33.36
   26.70
   25.34
   34.57
   31.74
   29.48
   27.27
   27.92
   23.64
   18.83
   34.49
   34.80
   35.14
   37.04
   47.46
   27.33
   25.94
   35.34
   26.70
   24.75
   26.42
   26.70
   22.31
   25.46
   34.83
   40.61
   41.85
   40.95
   39.53
   22.00
   14.50
   35.28
   33.90
   34.66
   33.07
   31.35
   25.09
   23.56
   33.10
   31.69
   34.55
   31.86
   32.51
   24.07
   19.14
   28.40
   25.91
   33.70
   36.78
   37.07
   18.69
   29.31
   34.12
   34.69
   42.48
   53.07
   63.34
   49.58
   48.22
   38.79
   41.82
   38.45
   38.54
   36.76
   43.83
   43.75
   46.10
   48.34
   45.62
   45.59
   30.44
   25.32
   38.60
   47.80
   49.02
   54.06
   71.10
   73.62
   53.66
   62.67
   71.67
   63.71
   63.63
   58.98
   56.04
   53.63
   68.56
   61.53
   65.07
   67.39
   67.82
   67.39
   66.60
   67.03
   67.03
   76.46
   91.75
   91.75
   91.75
   91.75
   89.85
   86.08
   88.80
  119.61
  134.70
  118.25
  102.48
   95.57
   95.57
   89.28
   95.57
   95.57
   95.40
   95.23
   95.57
   95.57
   95.57
   76.34
   55.90
   25.29
   24.75
   62.92
   46.78
   43.13
   77.98
   95.57
   95.57
   95.09
   96.76
   76.71
   60.40
   73.14
   74.76
   76.46
   68.98
   77.25
   86.03
   95.57
   95.57
   66.09
   50.35
   39.93
   45.17
   80.33
   57.06
   71.75
   75.52
   70.17
   58.98
   57.34
   64.90
   65.58
   64.48
   58.13
   56.55
   43.49
   43.98
   58.13
   49.21
   49.21
   50.49
   49.70
   41.26
   21.18
   46.18
   49.21
   53.35
   47.32
   44.43
   48.11
   46.84
   39.81
   31.23
   33.61
   32.03
   76.46
   46.18
   50.35
   48.25
   38.23
   34.89
   37.92
   27.41
   37.60
   36.16
   48.42
   49.53
   59.58
   40.46
   42.22
   40.78
   40.29
   57.03
   79.66
   95.57
   95.57
   57.34
   54.00
   62.13
   45.70
   54.00
   66.74
   72.80
   73.74
   71.53
   64.70
   67.54
   72.80
   70.08
   62.67
   77.31
   53.75
   52.44
   55.90
   43.86
   32.93
   46.04
   45.79
   32.68
   32.68
   34.83
   43.32
   47.32
   47.80
   49.50
   35.88
   38.85
   36.13
   39.56
   38.88
   41.12
   40.10
   44.83
   46.50
   30.16
   29.96
   29.25
   51.48
   41.60
   43.32
   40.01
   40.15
   46.72
   30.53
   37.10
   39.33
   43.44
   24.35
   37.97
   40.12
   37.60
   37.07
   24.98
   28.15
   25.71
   38.48
   36.05
   36.33
   38.34
   38.77
   29.02
   29.62
   30.21
   44.00
   34.63
   39.73
   31.06
   27.86
   20.95
   31.15
   32.54
   33.70
   32.79
   34.29
   25.82
   22.17
   30.98
   30.98
   30.58
   28.03
   28.03
   22.51
   26.70
   24.24
   21.27
   23.36
   16.88
   14.53
   17.10
   14.13
   22.51
   22.51
   22.51
   23.64
   27.33
   15.15
   16.37
   21.80
   21.07
   22.31
   21.29
   16.37
   12.40
   12.40
   21.18
   15.60
   17.05
   32.71
   26.42
   27.92
   13.03
   21.18
   30.38
   29.17
   27.33
   27.21
    7.93
    7.93
   22.99
   20.27
   31.26
   25.40
   32.88
   20.56
   21.80
   26.70
   23.73
   26.31
   33.50
   32.85
   34.07
   22.71
   33.05
   35.91
   36.53
   40.21
   46.33
   30.27
   33.30
   41.85
   41.29
   41.26
   39.39
   44.37
   26.90
   33.44
   39.59
   40.80
   37.10
   37.60
   37.55
   35.76
   30.95
   42.25
   36.25
   44.80
   42.96
   45.39
   34.01
   34.46
   31.38
   42.16
   41.20
   40.49
   31.91
   33.13
   29.45
   34.35
   31.40
   30.30
   29.45
   36.81
   27.21
   27.41
   30.30
   28.94
   28.94
   28.94
   23.53
   23.53
   21.80
   29.68
   22.51
   22.80
   20.78
   21.29
   23.64
   21.69
   28.94
   35.08
   36.30
   26.48
   20.56
   12.09
   11.47
   25.68
   24.98
   28.43
   24.75
    8.64
   25.99
   22.31
   33.30
   30.21
   29.48
   29.48
   29.48
   19.96
   23.73
   30.44
   30.44
   30.44
   36.39
   35.62
   28.20
   19.43
   49.75
    8.07
    8.07
    8.07
    7.93
   11.75
   12.26
   15.72
    8.64
   13.90
   13.90
   14.10
    5.21
    5.21
    8.04
   10.11
   20.78
   17.56
   18.01
   10.19
   11.16
   16.37
   16.37
   16.37
    6.17
    6.17
   39.25
   25.71
   13.79
   15.52
   15.01
   14.53
   16.76
    9.88
    9.88
   24.52
   24.52
   24.52
   24.52
   35.06
   24.52
   22.20
   21.04
   20.39
   17.53
   19.11
   19.11
   21.83
   11.95
   17.67
   12.74
   31.69
   39.81
   38.23
   25.66
   12.12
   13.85
   14.81
   15.77
   27.24
   25.66
   11.47
   12.57
   17.36
   38.06
   27.07
   26.93
   27.24
   16.74
   61.16
   46.84
   21.18
   20.70
   43.81
   37.43
   43.01
   43.49
   32.11
   33.44
   71.61
   62.47
   50.94
   30.95
   25.32
   17.05
   10.51
   18.32
   20.39
   36.95
   44.91
   39.81
   40.46
   42.53
   38.54
   42.14
   34.41
    8.61
    6.54
   27.72
   21.97
   22.77
   59.41
   51.88
   65.30
   84.41
   51.76
   45.25
   45.25
   42.22
   29.31
   17.67
   19.60
   20.87
   23.59
   80.48
   48.51
   54.45
   54.51
   66.74
   67.71
   66.77
   28.85
   55.87
   80.19
   41.26
   40.15
   41.09
   39.19
   38.06
   31.63
   39.81
   39.50
   33.92
   37.07
   30.10
   26.45
   16.88
   25.17
   12.74
   12.26
   19.91
   18.32
   19.60
   19.77
   22.63
   14.33
  225.83
  303.64
  136.06
  111.94
   97.58
   45.28
   53.72
   93.81
   95.57
   95.57
   95.57
   95.57
   81.24
   64.68
   63.71
   63.34
   90.78
   82.57
   95.94
   95.60
   98.68
   95.57
   95.57
   90.61
   89.20
   86.20
   89.48
   74.33
   67.31
   68.39
   64.14
   53.52
   67.11
   80.28
   61.42
   53.52
   41.03
   48.42
   41.46
   45.73
   38.37
   36.08
   45.56
   30.61
   40.58
   29.56
   23.08
   38.17
   24.30
   26.22
   27.41
   30.58
   26.90
   26.76
   35.54
   22.94
   22.37
   17.27
   18.35
   26.82
   25.63
   26.65
   24.04
   20.84
   24.89
   28.26
   27.04
   23.53
   28.88
   20.84
   36.47
   36.50
   31.80
   53.21
   48.56
   54.23
   23.67
   26.28
   33.27
   45.22
   44.85
   49.78
   32.99
   38.17
   41.85
   56.86
   43.01
   41.88
   37.41
   33.61
   31.52
   35.93
   79.54
   89.20
   89.20
   66.06
   69.04
   46.21
   48.37
   42.65
   43.10
   42.59
   39.05
   45.96
   36.84
   35.34
   39.93
   38.65
   53.66
   46.38
   49.47
   35.85
   35.62
   46.10
   43.64
   45.73
   45.65
   48.14
   39.05
   38.20
   45.14
   39.22
   68.33
   89.20
   75.83
   45.76
   40.49
   42.79
   45.76
   53.80
   51.73
   78.52
   77.02
   81.01
   62.01
   43.89
   42.76
   42.22
   48.00
   40.55
   25.66
   37.66
   55.70
   69.86
   33.13
   30.89
   26.16
   36.56
   35.20
   35.14
   41.71
   41.71
   51.25
   35.20
   35.31
   39.39
   38.82
   40.32
   35.85
   37.35
   29.65
   34.38
   27.41
   28.29
   28.32
   27.18
   22.71
   34.15
   33.36
   29.39
   37.89
   38.85
   37.60
   37.60
   35.34
   35.54
   42.31
   42.56
   41.85
   42.56
   30.61
   32.93
   42.08
   41.12
   41.09
   40.35
   42.08
   43.83
   29.87
   30.67
   41.06
   48.99
   47.49
   41.65
   44.03
   24.69
   24.04
   34.15
   31.97
   32.11
   32.11
   96.70
   77.64
   39.45
   47.35
   49.53
   49.50
   52.47
   57.20
   36.39
   32.88
   44.23
   46.24
   46.24
   43.07
   36.19
   33.84
   27.13
   42.84
   44.29
   43.72
   45.08
   43.10
   40.10
   40.10
   43.58
   42.59
   42.82
   41.85
   42.08
   35.65
   36.87
   42.33
   43.32
   44.57
   45.05
   44.83
   42.33
   42.59
   41.37
   40.58
   39.81
   32.08
   32.14
   32.14
   31.94
   32.42
   55.22
   63.66
   69.72
   67.03
   49.58
   51.17
   43.07
   50.29
   55.70
   54.54
   48.05
   45.02
   51.76
   46.84
   49.70
   44.77
   43.27
   58.13
   52.73
   42.84
   22.20
   14.19
   45.70
   27.72
   27.55
   34.41
   35.37
   38.71
   38.71
   38.71
   34.83
   32.62
   18.49
   19.43
   28.03
   31.06
   32.54
   32.25
   24.95
   19.43
   19.43
   29.62
   31.55
   35.68
   56.38
   62.13
   35.68
   31.63
   53.86
   62.13
   57.34
   71.67
   71.67
   51.62
   44.91
   44.91
   43.81
   41.57
   42.05
   40.46
   39.50
   33.92
   45.08
   44.77
   42.84
   42.05
   41.88
   37.12
   40.46
   46.98
   46.84
   47.32
   48.00
   44.37
   29.96
   30.27
   64.51
   43.41
   45.31
  176.81
  219.74
  118.31
  102.25
   95.57
   95.57
   45.51
   36.78
   35.85
   41.74
   43.98
   42.84
   43.01
   45.25
   44.51
   50.49
   55.76
   42.22
   42.22
   61.48
   64.68
   95.57
   95.57
   95.57
   95.57
   95.57
   95.57
   95.57
   41.26
   55.76
   25.32
   46.98
   39.81
   42.36
   47.15
   37.92
   42.22
   35.85
   46.35
   37.60
   43.98
   38.23
   29.79
   34.72
   21.97
   21.49
   22.46
   23.53
   24.81
   25.74
   28.40
   27.84
   29.08
   25.09
   29.96
   26.82
   27.61
   27.61
   33.50
   31.71
   29.25
   28.52
   28.35
   29.25
   26.87
   32.62
   29.99
   26.73
   29.25
   28.88
   31.52
   30.30
   25.09
   21.46
   26.48
   26.48
   28.09
   28.52
   27.13
   23.62
   22.65
   27.61
   27.61
   55.42
   28.57
   41.12
   23.53
   40.07
   38.88
   22.31
   22.31
   20.70
   25.15
   29.65
   26.65
   31.12
   33.30
   32.25
   31.94
   17.70
   14.19
   27.64
   21.18
   19.68
   19.20
   17.70
   15.60
   20.56
   27.55
   26.08
   38.09
   34.52
   35.79
   35.82
   25.91
   17.70
   40.78
   44.43
   44.29
   37.58
   36.22
   25.17
   21.15
   27.24
   27.27
   27.58
   23.39
   27.38
   19.20
   16.99
   26.42
   25.17
   25.15
   26.39
   23.36
    9.94
   13.93
   18.35
   24.89
   25.46
   27.38
   28.88
   17.22
   13.68
   26.28
   21.63
   22.88
   23.39
   17.98
   12.18
   18.15
   28.60
   17.22
   17.22
   13.20
   14.22
    7.93
    7.93
   13.11
   13.11
   15.21
   16.23
   16.08
    8.33
   13.51
   18.41
   19.91
   34.97
   37.55
   39.53
   11.53
    8.64
   31.86
   32.56
   32.34
   31.35
   31.38
   11.75
   17.50
   31.23
   30.13
   32.71
   32.08
   33.58
   12.74
    8.50
   27.58
   26.99
   27.98
   24.15
   20.67
   13.62
   24.58
   34.46
   33.50
   34.24
   28.63
   32.85
   12.18
   12.26
   25.46
   25.40
   26.22
   17.81
   17.75
    6.99
    6.99
   25.91
   19.20
   19.57
   27.86
   40.52
   17.70
   13.03
   31.32
   31.32
   32.14
   31.83
   31.32
   35.00
   32.76
   35.74
   36.50
   35.76
   32.14
   31.09
   27.69
   25.91
   21.41
   14.75
   60.91
  256.64
  163.93
   38.79
   22.03
   38.03
   39.62
   36.64
   25.66
   17.98
   21.97
   19.26
   26.65
   26.62
   25.99
   27.13
   26.73
   26.73
   21.18
   29.59
   33.61
   31.63
   31.63
   31.63
   22.91
   31.83
   31.57
   31.60
   35.62
   34.69
   46.04
   40.21
   41.94
   55.10
   70.79
   79.23
   54.06
   53.15
   57.28
   66.12
   42.82
   43.78
   44.74
   46.75
   43.78
   44.80
   45.53
   49.55
   49.30
   45.62
   41.91
   40.66
   40.18
   35.68
   29.68
   51.40
   49.53
   50.35
   44.63
   40.10
   33.84
   44.68
   43.07
   42.93
   48.20
   44.15
   44.46
   61.42
   53.49
   57.85
   42.48
   41.80
   42.48
   42.11
   46.55
   46.41
   48.73
   61.96
   67.00
   46.52
   48.05
   35.85
   35.85
   49.87
   51.23
   49.27
   49.92
   39.96
   36.64
   18.49
   50.35
   52.50
   59.58
   65.24
   28.20
   52.10
   67.34
   70.08
   70.45
   77.90
   73.43
   40.78
   25.49
   51.93
   50.66
   51.14
   51.62
   51.76
   48.42
   23.73
   53.58
   53.52
   54.62
   55.30
   66.15
  245.96
  170.61
  105.00
   93.70
  104.21
   99.70
   98.85
  102.05
   99.73
   96.93
   96.39
   95.57
   95.57
   81.24
   69.91
   85.06
   95.57
   95.57
   95.57
   95.57
   95.57
   95.57
   72.01
   70.88
   69.09
   39.53
   42.36
   43.49
   42.22
   45.19
   41.99
   43.75
   38.34
   42.62
   34.63
   42.73
   37.18
   42.25
   29.73
   75.18
  132.18
  108.26
   89.20
   95.57
   95.57
   45.48
   43.18
   35.20
   32.51
   41.57
   41.57
   44.77
   44.60
   80.59
   76.29
   76.94
   75.18
   58.98
   58.90
   60.17
   70.11
   47.57
   90.78
   84.41
   94.66
   73.03
   72.01
   39.47
   68.10
   71.10
   56.58
   52.78
   55.87
   48.11
   48.34
   44.09
   40.58
   36.64
   17.81
   18.07
   29.11
   24.64
   15.09
   15.09
   12.32
   63.37
   89.20
   31.88
   43.75
   28.09
   38.03
   38.77
   46.95
   54.37
   41.00
   45.76
   45.73
   41.37
   26.11
   41.37
   42.11
   47.46
   49.95
   46.38
   36.61
   50.52
   43.49
   40.80
   34.89
   41.09
   38.37
   50.40
   34.55
   31.26
   42.73
   42.79
   30.38
   28.15
   27.16
   51.96
   48.51
   21.10
   60.60
   56.72
   53.24
   42.82
   41.71
   41.71
   35.76
   39.79
   35.82
   38.09
   35.59
   25.88
   46.07
   53.09
   50.40
   47.43
   42.22
   50.23
   38.09
   38.82
   33.78
   40.01
   42.48
   38.03
   47.71
   30.75
   15.01
   27.35
   30.87
   28.71
   26.62
   32.17
   17.98
   23.67
   32.34
   28.66
   30.89
   24.92
   20.67
   19.23
   17.56
   27.07
   14.84
   27.33
   25.29
   23.11
   13.68
    7.14
   15.86
   18.29
   55.67
   16.99
   23.87
   23.67
   12.69
   20.90
   20.98
   27.41
   19.65
   24.58
   21.61
   25.91
   25.77
   27.69
   28.32
   37.97
   33.30
   38.37
   17.25
   32.37
   29.11
   32.48
   32.34
   23.90
   33.61
   32.65
   32.85
   30.38
   28.43
   31.12
   26.33
   23.45
   25.85
   34.09
   31.23
   37.75
   29.36
   36.67
   23.16
   29.68
   33.36
   31.88
   31.88
   38.00
   33.58
   22.23
   24.27
   31.66
   32.65
   32.14
   53.43
   38.74
   31.35
   23.96
   36.33
   25.68
   37.58
   26.76
   26.76
   16.37
   16.96
   29.68
   40.04
   28.91
   22.94
   30.55
   21.18
   36.76
   35.06
   33.56
   31.01
   33.24
   28.32
   37.07
   50.29
   36.25
   38.37
   35.57
   32.62
   41.57
   26.19
   27.47
   37.75
   37.60
   33.90
   33.64
   37.63
   16.99
   16.99
   31.91
   31.18
   31.18
   41.57
   42.33
   27.41
   26.56
   26.65
   26.65
   26.62
   26.65
   26.65
   25.09
   24.81
   22.26
   23.45
   23.59
   21.38
   23.59
   28.20
   22.23
   32.37
   19.54
   21.75
   17.84
   31.38
   41.31
   30.98
   45.87
   46.01
   38.82
   30.07
   37.55
   30.64
   29.11
   35.62
   34.09
   37.58
   34.86
   38.57
   38.11
   26.48
   33.30
   41.48
   40.95
   50.32
   49.92
   34.21
   62.44
   83.11
   45.73
   46.35
   63.03
   60.60
   16.31
   21.97
   29.68
   31.97
   26.76
   17.58
   72.83
   27.81
   30.27
   27.86
   25.49
   35.06
   35.99
   67.08
   44.77
   43.01
   81.84
   64.31
   59.35
   50.94
   40.21
   52.56
   22.46
   56.72
   55.76
   29.48
   52.07
   58.53
   39.42
   32.65
   49.07
   49.36
   52.33
   49.87
   58.30
   41.12
   54.11
   44.85
   48.51
   40.07
   46.84
   46.07
   48.62
   47.52
   44.54
   43.64
   38.60
   54.71
   49.36
   73.28
   70.03
   56.49
   55.67
   62.07
   76.29
   77.98
   43.64
   43.64
   49.07
   50.63
   39.90
   44.46
   41.17
   38.48
   47.23
   44.17
   44.34
   47.20
   47.32
   45.45
   55.56
   44.91
   39.08
   35.93
   40.21
   36.22
   22.06
   47.18
   47.32
   47.06
   46.69
   43.66
   37.60
   64.93
  115.16
  105.96
  124.06
  125.87
  104.89
   95.63
   95.57
   95.57
   98.83
   67.25
   61.28
   55.19
   60.97
   64.45
   55.78
   56.58
   38.62
   45.76
   54.40
   96.39
   50.69
   27.72
   26.45
   46.35
   57.34
   50.18
   33.92
   42.84
   64.39
   77.62
   71.02
   74.93
   74.93
   57.85
   40.38
   37.97
   39.25
   64.85
   54.34
   58.90
   64.62
   64.85
   40.72
   40.95
   59.58
   59.47
   28.88
   58.45
   58.93
   36.08
   32.65
   40.58
   49.81
   89.20
   72.07
   80.28
   59.61
   47.52
   62.13
   89.20
   89.20
   74.67
   86.22
  175.93
  168.09
  107.69
   86.22
   77.31
   80.28
   74.78
   64.62
   56.97
   57.48
   51.00
   49.53
   42.14
   38.09
   38.03
   38.79
   42.93
   42.19
   42.19
   40.07
   37.77
   37.66
   35.14
   35.14
   46.04
   58.84
   66.54
   54.65
   56.18
   67.31
   90.98
   50.23
   46.38
   45.65
   42.87
   47.43
   35.96
   28.60
   40.32
   45.39
   34.89
   45.90
   41.46
   62.50
   59.47
   57.20
   50.97
   45.39
   45.59
   36.50
   34.69
   44.68
   44.68
   44.97
   39.59
   44.00
   39.53
   39.28
   48.93
   37.27
   45.17
   42.33
   39.30
   39.28
   39.30
   33.36
   25.43
   29.42
   29.42
   29.14
   22.23
   23.13
   32.08
   30.41
   34.12
   34.12
   34.29
   29.62
   23.19
   30.84
   38.03
   28.37
   27.67
   28.88
   21.24
   23.45
   45.28
   22.20
   23.42
   24.47
   27.64
   23.96
   16.42
   25.82
   24.78
   27.75
   21.89
   32.85
   23.84
   23.84
   26.48
   31.09
   31.69
   34.60
   32.90
   21.24
   16.25
   35.59
   32.85
   24.18
   31.66
   25.17
   24.69
   22.68
   29.85
   33.87
   33.36
   31.60
   28.37
   18.46
   18.66
   21.58
   42.87
   24.92
   25.63
   25.66
    8.72
    8.72
   28.88
   29.68
   26.67
   22.94
   27.67
   15.69
   13.68
   26.36
   25.43
   26.08
   18.80
   15.83
   11.81
    7.87
   20.08
   28.83
   26.48
   64.42
   55.70
   14.30
   14.24
   30.87
   28.15
   26.42
   27.89
   19.71
   15.72
   15.69
   31.29
   32.34
   29.25
   28.37
   28.37
   17.70
    4.33
    7.96
    8.01
    7.50
    4.33
    4.42
   25.63
   24.69
   13.03
   12.60
   12.63
   49.61
    9.12
    9.12
   82.18
  119.33
   45.73
   16.57
   26.73
   17.02
   39.08
   31.63
   47.01
   58.87
   44.74
   43.07
   49.27
   27.98
   28.26
   44.60
   43.13
   43.86
   51.34
   41.63
   23.79
   19.99
   54.48
   50.29
   43.58
   42.39
   38.65
   43.38
   43.38
   45.84
   45.84
   33.95
   38.99
   40.52
   30.10
   29.11
   29.00
   26.87
   31.69
   32.93
   32.73
   31.57
   18.32
   43.04
   41.12
   32.11
   34.21
   27.41
   23.76
   23.39
   30.21
   30.21
   33.27
   28.83
   27.50
   19.82
   20.11
   24.38
   22.63
   38.88
   36.36
   20.08
   24.98
   24.07
   31.91
   26.73
   27.58
   34.55
   30.53
   27.55
   25.34
   33.50
   37.15
   36.87
   63.68
   92.88
   37.27
   36.95
   39.45
   31.71
   41.85
   51.99
   53.86
   44.26
   37.35
   47.80
   52.75
   61.22
   52.98
   56.38
   35.62
   28.12
   46.75
   45.93
   55.78
   61.19
   61.19
   46.33
   46.33
   55.90
   58.56
   82.12
   70.51
   53.46
   55.33
   50.94
   50.86
   51.71
   42.56
   43.83
   50.63
   48.31
   47.49
   58.47
   73.65
   45.59
   48.65
   46.07
   46.24
   46.24
   65.58
   43.27
   39.19
   43.35
   42.90
   43.32
   45.31
   42.87
   50.89
   35.20
   45.22
   48.17
   27.61
   56.92
  104.35
  102.03
  100.52
   79.17
   37.15
   40.44
   52.24
   50.60
   75.52
   71.16
   65.47
   65.47
   72.43
   67.28
   74.95
   71.05
   77.53
   76.17
   48.39
   37.75
   37.86
   42.45
   64.39
   29.73
   31.04
   34.83
   38.94
   57.99
   57.94
   52.33
   52.33
   50.89
   45.45
   56.12
   57.85
   76.88
   39.81
   49.04
   35.31
   61.50
   48.14
  203.29
  226.08
  157.58
  143.00
  120.20
   96.28
   88.26
   96.28
   84.24
   73.00
   88.26
   96.28
   94.66
   96.28
   99.82
  100.52
  100.52
   33.92
   33.90
   33.90
   22.96
   14.16
   34.18
   34.55
   35.57
   37.66
   37.75
   37.72
   30.10
   46.16
   46.16
   46.16
   44.57
   42.87
   21.55
   20.67
   23.96
   41.51
   26.36
   33.56
   29.59
   24.72
   34.32
   40.46
   34.86
   44.68
   41.71
  122.19
   69.77
   39.25
   48.93
   44.06
   44.80
   42.45
   59.89
   40.15
   51.85
   44.29
   39.50
   40.29
   31.18
   42.98
   23.98
   26.25
   32.79
   36.53
   43.75
   34.63
   35.40
   13.68
   11.19
   37.35
   17.50
   26.36
   37.69
   11.04
   11.69
    9.63
   19.37
   27.04
   24.21
   28.77
   19.51
   10.42
   10.42
   22.99
   25.71
   29.76
   17.16
   15.26
   12.91
   11.38
   20.90
   20.87
   20.13
   15.32
   21.04
   21.15
   16.82
   19.57
   59.64
   40.72
   32.96
   34.86
   27.89
   27.35
   38.91
   39.42
   39.42
   39.42
   31.74
   32.73
   21.72
   32.45
   26.73
   24.47
   24.47
   17.75
   17.75
   34.69
   40.21
   37.41
   39.39
   31.55
   14.64
   32.14
   31.86
   16.23
   14.67
   13.17
   11.92
   11.16
   17.13
   19.26
   26.93
   13.99
   13.99
   15.40
   11.69
   13.03
    4.62
    4.62
   31.18
   32.82
   35.23
   35.25
   36.95
   36.93
   51.25
   53.69
   49.07
   39.73
   37.63
   41.57
   32.82
   38.06
   31.18
   32.99
   30.41
   19.57
   41.46
   38.06
   38.06
   35.76
   35.82
   30.38
   29.08
   36.87
   36.81
   29.70
   29.53
   32.08
   30.72
   43.52
   28.32
   28.32
   34.07
   23.96
   23.96
   23.96
   32.05
   23.64
   17.50
   21.44
   22.74
   20.13
   34.63
   21.44
   10.93
   10.90
   29.42
   22.09
   20.67
   21.21
   24.49
   12.69
   28.83
   20.90
   19.09
    4.62
    4.62
    4.62
    4.62
    4.62
    4.62
   18.07
   23.96
   55.61
   42.45
   37.35
   34.43
   37.15
   71.27
   44.88
   44.91
   27.33
    4.67
    4.81
    4.81
    4.81
    9.63
   14.16
    4.81
    4.81
    4.81
    4.81
    4.81
    4.81
    4.81
    4.81
    4.81
    4.81
    7.45
   11.19
   21.92
   20.42
   22.68
    9.03
    9.85
   21.72
   23.30
   19.09
   19.60
   19.37
    8.38
    5.04
   15.63
   22.03
   21.78
   25.82
   40.41
   39.90
   20.39
   31.80
   26.45
   25.54
   22.60
    7.53
   10.05
   18.04
   16.11
   15.60
   17.53
   15.80
   17.50
   15.01
   15.26
   17.58
    5.04
   10.05
    8.58
   68.27
   64.73
   71.84
   40.72
   30.78
   25.54
   25.34
   24.01
   63.57
   98.40
   18.80
   27.04
   29.96
   17.67
   24.92
   38.28
   28.20
   74.44
   92.88
   39.08
   42.16
   40.92
   35.51
   28.20
   34.26
   23.87
   31.18
   31.38
   29.08
   27.98
   27.55
   28.40
   16.76
   23.22
   23.90
   50.21
   27.18
   26.73
   37.75
   35.62
    8.38
    7.90
   22.14
    9.09
   22.17
   36.87
   35.03
   34.97
   74.33
   51.71
   25.54
   24.30
   33.24
   21.35
   25.20
   26.82
    9.66
   26.73
   24.27
   21.38
   34.18
   11.16
   28.80
   22.74
    9.20
    5.04
   16.71
   16.11
   14.38
   14.02
   14.81
   20.11
   17.25
   16.14
   14.13
   14.13
   13.45
   13.45
   14.13
   16.14
   14.13
   14.13
   12.12
   12.12
   12.12
   16.14
   16.14
   12.03
   11.89
   11.89
   11.55
   12.54
   11.89
   11.89
   11.89
   11.89
   11.89
   11.89
   11.89
   11.89
   11.89
   11.89
   11.89
   11.89
   11.89
   11.47
   11.36
   11.50
   25.94
   25.51
   25.12
  113.92
  103.98
   67.62
   59.44
   31.49
   26.14
   25.37
   22.43
   21.66
   17.92
   15.74
   18.69
   20.33
   21.66
   20.13
   19.77
   18.41
   18.41
   19.11
   15.09
   16.06
   15.09
   16.65
   15.29
   11.78
    7.48
   16.17
   16.62
   17.47
   20.64
    4.79
    4.62
   25.03
   28.37
   29.36
   29.96
   32.51
   25.82
   19.06
   23.93
   25.60
   23.30
   24.27
   41.40
   18.41
   18.41
   24.92
   70.03
   53.72
    6.14
    4.62
   13.82
   11.50
   21.35
   26.14
   24.52
   24.52
   35.68
   16.91
   18.41
   18.41
   60.20
   66.86
   37.60
   40.80
   18.26
   74.50
   96.28
   37.77
   36.22
   35.42
   34.07
   40.27
   40.27
   33.36
   43.64
   36.76
   26.22
   36.59
   36.47
   36.47
   29.51
   33.70
   28.52
   33.05
   29.99
   43.69
   48.03
   45.70
   27.81
   27.81
   30.13
   33.36
   33.30
   33.36
   27.81
   31.66
   31.06
   30.70
   31.43
   34.32
   44.49
   19.17
   20.70
   24.55
   18.52
   22.71
   17.50
   23.87
    6.20
   11.10
   19.91
   14.07
    9.06
   20.47
    5.32
   24.32
    6.91
   16.65
    4.62
    4.62
   12.63
   10.73
   10.73
   26.14
   23.50
   22.63
   25.23
   10.96
    9.20
   18.35
   18.35
   18.35
   22.40
    6.14
   17.05
   16.28
   22.37
   23.56
   22.82
   23.59
   18.32
   14.10
    9.20
   14.10
   21.80
   14.10
   19.54
   19.54
   10.93
    4.62
    9.20
   13.17
   13.17
   22.23
    8.72
    4.62
   21.49
   26.79
   26.79
   28.37
   30.36
   29.08
    4.62
    4.62
   24.78
   26.33
   26.31
   27.89
   21.55
   13.45
   11.04
   26.36
   26.36
   26.36
   22.31
   23.96
   14.10
    7.82
   26.05
   43.04
   23.08
   27.98
   29.59
   11.47
   11.36
   24.81
   34.41
   34.41
   23.96
   14.30
   18.89
   23.96
   24.98
   41.54
   42.39
   37.94
   60.12
   35.34
   44.85
   20.11
   19.68
   19.79
    8.30
    9.49
    8.30
    8.30
   11.69
   15.18
   19.14
   12.83
   10.79
    8.52
    5.69
   14.10
   17.78
   18.07
   12.32
   12.23
    4.67
    6.06
   33.13
   42.70
   42.70
   41.60
   34.12
   25.82
   15.91
   33.47
   38.17
   36.67
   34.55
   29.76
   13.39
   10.90
   10.90
   22.71
   12.60
   20.25
    5.86
    6.09
   12.40
   15.60
   10.90
   15.29
    6.71
   11.72
    5.04
    5.04
    5.04
   17.98
   25.82
    4.81
   24.13
    4.81
    4.81
   20.76
   20.76
   19.94
    9.03
   16.68
    5.04
    5.04
   21.49
   35.91
   35.88
   47.15
   29.96
    9.20
    5.04
   20.11
   19.34
   16.76
   15.09
   12.57
    5.04
    5.01
   12.77
   11.41
   11.41
   11.92
   10.56
    5.04
    5.04
   22.17
   22.51
   23.64
   17.58
   17.67
   23.33
   18.43
   13.08
   14.24
   16.76
    7.53
   10.05
   11.21
   12.03
   13.39
   12.57
   12.57
   12.57
    9.20
   10.48
   10.05
   16.31
   14.24
   13.39
   14.44
   14.44
   14.44
   35.48
   27.38
   41.31
   32.28
   31.29
   14.16
   13.39
    9.20
   21.86
   13.59
   15.09
   23.33
   27.95
    6.17
   14.75
   18.77
   37.18
   35.00
   11.72
   11.72
   11.72
   11.72
   68.33
  141.02
   96.28
   65.04
   77.81
   40.15
   34.46
   27.38
   25.29
   28.71
   15.77
   25.54
   19.96
   12.69
   11.10
   18.01
   11.24
   11.24
   11.24
   11.24
   10.42
   13.65
   23.11
   25.34
   21.52
   13.05
   11.67
   12.03
   16.23
   16.71
   23.87
   28.74
   29.45
   17.75
   12.26
   19.94
   20.22
   10.73
   19.17
   18.41
   15.35
   11.50
   11.50
   13.54
   14.24
   14.24
   11.10
   11.10
   11.10
   11.86
   10.87
   17.47
   27.07
   13.20
   27.30
    4.62
    9.20
    9.20
    9.46
   23.50
   22.54
    4.62
    4.62
   11.50
   42.05
    4.62
   17.25
   17.64
    4.59
    4.62
   29.02
   15.35
   18.58
    8.69
    4.67
    8.44
   24.86
    8.66
   12.26
   35.23
   25.46
   25.60
   13.03
    4.62
   34.46
   22.68
    4.59
   24.72
    4.62
   33.13
    6.14
    4.62
    4.62
    4.62
   25.37
   18.69
    4.59
    4.59
   16.99
   25.37
   27.47
   11.75
   24.10
    6.20
    5.72
    5.47
    6.23
    5.97
    6.37
   20.05
    6.71
    6.94
    6.48
    6.37
    6.63
   24.21
   10.56
    8.61
    6.31
   14.38
   18.92
   22.63
   26.42
   24.15
   24.61
   17.92
   42.31
   25.40
   29.19
   26.22
    6.48
    6.06
    5.30
   26.02
   15.97
   22.37
   22.80
   20.93
    6.17
    4.62
   11.98
   26.33
    6.65
   25.37
   21.61
    5.89
    7.36
   20.08
   27.67
   23.84
   22.57
   13.54
    5.38
   16.85
    6.82
    5.89
    7.16
    6.82
    6.82
    6.51
   11.92
   10.17
   26.33
   25.68
   22.09
   14.24
    4.62
    4.62
    5.24
   23.13
   24.69
   22.20
    6.51
   26.90
    5.24
   23.62
    8.44
    4.62
    4.62
   26.62
   43.18
    4.62
   18.09
   15.29
   29.08
   29.73
    4.81
    4.76
    4.76
   25.17
   47.12
    5.07
    5.55
    5.55
   13.51
    4.62
   18.69
   29.14
    5.38
   24.30
   14.55
    4.62
    4.62
   25.49
   20.61
   25.71
   22.29
   12.91
    5.07
    5.38
   15.80
   35.34
    4.81
    4.62
   23.08
   18.26
    4.62
   22.12
   22.40
   44.06
   66.60
   90.16
   24.10
    4.62
   39.47
   25.68
   44.88
   39.22
   35.25
   32.14
    5.75
   46.21
   48.05
   48.05
    4.81
   40.46
   14.95
    5.78
   23.62
    5.78
    7.84
   40.92
   47.63
   12.03
    4.81
   36.39
   20.70
   23.98
   25.40
    9.68
   12.66
   11.92
    5.04
   14.24
   34.55
    8.13
    7.93
    7.93
    7.93
    8.95
   43.66
    7.93
    7.93
    5.72
   12.94
   13.20
   11.72
    5.04
   18.32
    5.04
    5.97
   10.36
   14.50
   10.05
   24.13
    6.63
    7.93
    7.93
    6.65
    5.04
    7.79
    5.52
    5.04
    7.53
    6.71
    7.53
   11.72
   10.05
    9.20
   11.53
   16.99
   41.91
   87.30
   53.38
   55.22
   54.85
   49.02
    0.00
   66.77
    5.04
    5.04
    5.35
   23.87
    5.52
   12.40
   25.97
   19.26
   15.09
    5.04
    7.53
   16.31
   17.16
   16.48
   17.50
   15.91
   23.45
   15.91
   35.85
   16.42
   16.62
   16.62
   34.21
   38.26
   46.55
   43.32
   46.75
   48.96
   19.26
   28.03
   28.35
   35.93
   33.44
   38.62
   35.20
   18.60
    5.86
   27.72
   42.36
   21.63
   11.72
   20.90
   12.49
   12.49
   22.88
   24.30
   28.88
   40.66
   52.75
   15.91
   28.49
   28.63
   39.30
   33.50
   34.18
   48.85
   19.85
   18.86
   26.28
   34.86
   71.36
   39.47
   19.54
   12.26
   11.58
   29.59
   17.81
   15.77
   19.09
   15.77
   12.83
   13.17
   16.23
   13.65
   15.57
   17.64
   16.06
   16.11
   16.11
   16.11
   18.49
   16.85
   15.86
   24.72
   17.92
   16.00
   17.87
   16.11
   16.71
   16.79
   16.85
   17.64
   17.87
   18.07
   17.56
   18.04
   16.06
   16.96
   18.69
   17.36
   19.09
   19.09
   16.85
   16.85
   17.50
   16.85
   16.85
   16.85
   16.85
   25.51
   18.07
   20.39
   17.50
   18.32
   16.85
   17.64
   17.64
   16.85
   16.85
    4.81
    4.81
   39.28
   25.68
   52.61
   47.01
   25.51
   18.89
   50.26
   80.84
   24.10
    8.01
    8.83
    4.81
   16.45
   28.97
   37.29
   39.47
   41.06
   39.47
   39.47
   27.18
   22.23
   28.74
   28.74
   27.55
   28.01
   17.36
    5.47
   13.82
   23.70
   22.51
   17.98
   22.65
   21.66
   41.51
   18.26
   32.37
   39.47
   11.95
   38.60
   31.35
   33.30
   31.04
   34.26
   33.75
   35.76
   32.79
   32.08
   25.91
    5.38
   20.64
   24.07
   23.98
   24.61
   20.02
   16.57
   15.09
   25.00
   25.00
   24.64
   24.61
   33.90
   17.92
   14.55
   49.47
   34.43
   26.36
   45.14
   45.14
   13.17
   17.95
   31.91
   33.56
   28.18
   28.23
   29.00
   20.76
   17.22
   25.63
   34.15
   37.18
   31.40
   39.47
   11.50
   14.81
   25.34
   30.04
   26.14
   32.79
   25.37
   21.66
   25.37
   25.37
   44.83
   22.48
   34.83
   36.59
   63.37
   16.45
   19.40
   36.53
   44.83
   25.91
   25.15
   43.04
   20.64
   25.97
   11.89
   44.40
   44.40
   29.08
   15.43
    8.89
   48.65
   40.63
   23.47
   53.24
   37.55
   43.18
   28.43
   38.11
   13.42
   20.59
   37.60
   37.63
   24.18
   19.11
   12.26
   26.50
   57.28
   22.43
    4.62
    6.99
    4.62
   24.18
   20.05
   21.46
   25.85
   34.07
   17.44
    4.62
   43.95
   38.91
   20.53
   23.45
   31.83
    4.62
    4.62
   23.45
   16.79
   24.61
   10.08
   14.33
    4.76
    5.52
    7.36
   23.11
    5.61
    8.41
    6.54
    4.70
    4.70
    8.44
   16.25
   18.01
   15.57
    4.70
    4.70
    4.70
   11.36
   10.22
   53.60
    4.70
    4.70
    4.70
    4.70
    4.70
   24.35
   33.02
    4.81
    4.81
    4.81
    4.81
   19.48
   14.36
   17.58
   16.82
   15.63
   15.63
   15.63
   25.03
   66.60
   29.51
   16.48
   24.30
    4.81
   11.75
   28.94
   22.57
   20.64
   53.63
   78.21
   29.51
   37.24
   39.76
   32.11
   44.26
   22.71
   54.09
   35.74
   30.44
   37.35
   37.66
   37.07
   38.77
    6.03
   48.96
   44.26
   25.63
    5.04
   58.90
   19.68
   33.61
   27.61
   19.68
    5.04
    5.52
   16.11
   27.13
    5.04
    5.04
   19.40
   12.49
    5.04
    5.04
   27.44
   20.47
   22.85
   55.33
   46.04
   89.00
   92.88
   98.63
  110.35
   97.61
   99.42
   58.84
   75.21
   55.59
   27.41
   58.33
   33.78
   45.02
   48.05
   43.21
   46.89
    5.04
   83.03
   25.63
   21.18
   43.52
   60.31
   19.99
   33.44
   38.28
   24.75
   30.78
   34.09
   23.70
   49.07
   26.59
   22.60
   23.59
   26.99
   22.26
   21.44
    5.69
   10.87
   18.55
   16.40
   22.68
   36.53
   25.17
   38.45
   27.35
   23.08
   21.10
   22.71
   25.12
   25.32
    6.03
   22.12
   33.07
   15.77
   18.66
   18.66
   34.12
   22.57
   10.42
   41.40
   29.11
   23.16
   16.99
   30.75
   14.75
   18.83
   26.99
   53.86
  100.52
   71.10
   31.06
   38.34
   43.86
   29.45
   18.32
   36.39
   28.71
   18.41
   13.11
   20.67
   19.48
   18.66
   18.66
   15.63
   19.51
    4.81
    4.81
   12.37
    4.81
   14.78
    4.81
   13.03
   12.32
   11.78
   15.06
   11.36
   12.94
   12.94
   12.94
   12.37
   28.71
   50.66
  135.84
  124.00
   25.37
   38.06
   34.80
   38.28
   24.21
   25.37
   40.69
   30.87
   24.24
   18.09
   28.94
   22.54
   62.78
   38.71
   34.41
   32.79
   18.77
   24.47
   23.79
   14.27
   45.08
    4.67
    7.45
   33.10
   26.56
   26.62
   23.33
   24.69
   39.50
   26.67
   41.71
    7.76
   33.41
   26.59
   19.14
   22.85
   37.21
   29.22
   20.02
   19.79
    4.67
    5.47
   28.91
   39.93
   37.07
    7.73
    4.73
    4.62
    4.62
    4.62
   27.27
   23.11
   20.53
   14.72
    4.62
    5.07
   27.78
    4.62
   29.08
    4.62
   10.51
   22.43
   11.27
   52.81
   22.43
   21.29
   13.96
    4.62
   18.09
    4.62
   20.16
   23.53
   43.32
   25.37
   20.95
   21.66
   17.75
   53.58
    4.62
   30.92
    4.62
   37.52
   26.14
   22.94
   34.80
   35.76
   25.37
   26.67
   25.37
   39.81
   23.81
   35.57
   28.85
   11.36
   19.40
   22.51
    4.70
    4.70
    5.83
   25.15
   18.32
   11.36
   15.23
    4.70
    4.70
   30.75
   25.71
   19.40
   26.53
   23.45
   20.16
    5.66
   18.21
   22.37
   25.74
   25.43
   35.79
   21.72
    4.70
    6.43
   25.09
   26.28
   24.32
   19.28
   20.13
    4.70
   21.41
   27.16
   26.45
   22.51
   20.30
    4.70
    4.70
    4.70
    4.70
   20.11
   21.78
   36.27
   90.10
  128.02
   28.37
   44.94
   51.06
   96.50
   24.66
   29.17
   42.45
   25.43
   26.62
   15.94
   25.54
   29.17
   17.08
    5.49
   14.70
   34.07
   28.18
   63.01
   41.63
   22.88
   22.82
   43.04
   34.74
   54.00
   69.80
   18.24
   35.54
    4.70
   57.40
    4.70
   39.96
   59.78
   41.06
   40.89
   22.96
   60.37
   79.26
   63.80
   72.60
   53.12
   48.54
   58.90
    4.73
   17.08
   51.14
   22.12
   18.01
   25.71
   18.29
   27.01
   36.08
   42.56
   51.20
   78.72
   37.10
   29.90
   28.43
   34.80
   32.99
   37.94
   34.35
   35.28
   32.05
   50.60
   26.48
   22.43
   19.23
   21.97
   14.70
   15.57
   20.78
   19.51
   34.89
   45.79
    4.84
   36.50
   43.38
   26.28
   26.42
   33.27
   30.30
   44.29
   33.41
   37.27
   48.59
   39.22
   34.69
   25.71
   28.09
   34.80
   54.59
   48.65
   35.93
   74.25
   74.78
   60.09
   36.50
   20.50
   39.25
   39.96
   25.37
   42.14
   41.80
   41.48
    4.98
   58.19
   71.22
   26.36
   17.22
   31.55
    5.04
    4.93
   54.54
   56.35
   61.79
   36.25
   32.88
   16.96
   40.27
   47.71
   38.31
    9.09
   68.89
   47.01
   25.71
   31.35
   71.44
   39.56
   41.88
   43.61
   58.25
   16.42
   51.85
   56.15
   34.18
   69.69
   52.22
   62.01
   20.81
   30.38
   36.25
   49.50
   29.96
   16.93
   83.62
   73.77
   21.12
   50.18
   51.71
   51.28
   58.47
   64.59
   77.76
  120.09
  105.57
  103.64
   67.85
   61.53
   76.51
   74.02
   59.55
   50.29
   43.38
   58.30
   67.17
   69.60
   61.79
   64.08
   50.40
   50.74
   44.77
   45.28
   45.82
    8.83
    8.61
   65.78
   63.63
   74.98
   44.85
    8.13
   17.73
   18.04
   63.77
   33.84
   19.62
   42.02
   32.54
   23.53
   13.51
   69.55
   25.99
   12.29
   18.21
   16.85
   15.91
   16.59
   16.25
   15.35
   66.12
   47.37
   84.92
   41.34
   71.53
   28.49
   29.87
   39.76
   35.48
   48.82
   22.09
   12.69
   23.33
   31.12
   39.47
   39.90
   32.71
   32.79
   28.20
   32.31
   31.77
   32.99
   34.66
   42.36
   36.25
   23.05
   40.38
  221.81
  355.18
  205.58
  146.88
  126.92
  120.83
  120.52
  114.29
  105.91
  101.26
   67.37
   52.19
   33.75
   49.87
   55.16
   61.79
  115.39
  111.14
  109.13
  103.70
   80.08
   74.98
   52.39
   57.91
   43.10
   39.22
   34.18
   35.79
   44.20
   46.30
   37.38
   49.47
   64.70
   45.00
   65.61
    9.37
   10.36
    6.91
   16.34
   36.64
   40.44
   35.82
   26.56
   70.88
   67.45
   35.14
   37.89
   41.51
   43.72
   42.02
   41.09
   52.39
   52.81
    5.07
   41.97
   58.19
  104.66
  185.14
  144.05
   95.68
   65.47
   51.90
   53.04
   49.55
   47.54
   43.81
   43.95
   51.54
   48.68
   54.03
   60.37
   60.82
   58.98
   58.30
   58.93
   51.82
   51.03
   31.55
   32.59
   43.78
   37.04
   45.36
   25.88
   34.69
   19.17
   34.66
   32.05
   68.44
   87.44
   34.43
   50.12
   37.97
   30.70
   41.63
   48.45
   59.41
   51.11
   58.25
   39.22
   32.96
   55.53
   53.01
   39.67
   59.66
   50.35
   50.21
   41.80
   30.89
   49.55
   22.88
   40.78
   43.35
   37.35
   38.45
   35.42
   36.19
   41.03
   57.88
   61.93
   60.40
   56.27
   64.17
   67.82
   66.46
   66.54
   58.84
   59.13
   53.80
   59.30
   47.86
   58.90
   61.56
   55.59
   56.66
   48.17
   52.56
   60.54
   41.63
   45.59
   58.33
   76.40
   75.97
   59.24
   50.35
   54.57
   68.87
   40.24
   21.49
   25.57
    4.73
   47.91
   53.89
    5.18
   51.25
   76.12
   25.85
   48.45
   26.22
   15.26
   14.22
   60.23
   14.67
   35.62
   30.53
   26.48
    5.18
    5.13
   64.11
   34.69
   36.70
   34.41
   35.11
   49.27
   44.20
   15.06
   19.40
   24.01
   29.19
   37.77
   35.23
   22.40
   36.36
   38.23
   29.28
   38.74
   23.73
   69.04
   25.60
   65.21
   32.93
   24.10
    8.81
   45.36
    5.58
    5.58
    5.72
    5.80
   52.95
   78.72
   20.98
    5.35
    5.44
   42.19
   47.86
   29.14
    5.38
   58.84
   26.33
    5.69
    5.66
   29.56
   34.38
   23.22
   44.57
   26.82
   28.68
   29.02
    5.75
   20.87
   66.26
   54.11
   10.96
    5.58
    7.05
    5.47
   57.00
   25.63
   60.09
   30.36
   16.40
   20.13
    9.97
   32.22
   28.03
    5.24
    5.49
   17.16
   22.96
   32.76
   33.98
    5.66
    6.43
   13.34
    5.38
   48.68
   93.25
   33.36
   30.53
   39.90
   16.31
   14.87
   34.60
    5.66
    5.66
   36.61
   25.43
    5.69
   18.01
   63.77
   49.27
   48.08
   36.73
   50.09
   16.45
    7.28
   48.79
   66.43
   71.19
   35.65
   50.72
   29.25
    5.38
   18.15
   25.09
   75.41
    9.80
   19.37
   89.68
   82.86
   70.88
   57.28
   53.63
   76.91
   41.71
   26.70
   26.87
   62.41
   59.38
   48.08
   39.96
   41.99
   38.74
   24.86
   29.17
    5.92
   40.95
   24.30
   26.62
   32.82
    5.86
    5.83
   27.98
   29.42
   23.13
   20.08
   52.95
    5.35
   68.22
   68.89
   79.32
   31.60
   32.17
   19.09
    5.86
   32.93
   27.78
   32.39
   60.99
   16.79
   22.23
   13.48
   23.36
   46.61
   21.63
   20.73
   14.58
   13.56
   13.48
   12.57
   16.34
    8.44
   18.32
   18.43
   19.82
   18.55
   18.38
   13.68
   11.89
   11.92
   11.58
   11.84
   12.20
   11.81
   11.44
   11.98
   11.64
   12.52
   12.18
   12.52
   19.45
   15.15
   21.44
   11.84
   12.57
   12.12
   11.50
   18.21
   14.89
   18.97
   17.90
   18.01
   20.73
   20.59
   15.97
   20.22
   20.33
   35.25
   18.07
   18.75
   21.10
   21.46
   13.14
   21.29
   15.97
   20.59
   22.46
   22.60
   18.49
   16.76
   18.69
   16.42
   16.65
   19.17
   17.58
   11.98
   12.43
   12.37
   11.75
   12.09
   33.67
    8.64
   19.03
   27.64
   27.72
    5.24
   27.33
    5.21
    9.74
   16.08
   27.24
   11.95
    5.66
   19.65
   15.21
    5.92
    7.08
   14.02
   12.29
   10.73
   26.59
   12.15
   21.97
    9.54
   12.52
   11.98
   32.65
   58.47
   55.30
   30.55
   11.67
   22.12
   42.42
   34.15
   56.38
   33.39
   40.92
   35.65
   32.88
   34.91
   34.55
   32.28
   26.62
   14.33
   30.27
   27.75
   29.48
   41.34
   45.39
   19.71
    5.21
   12.80
   29.02
   30.02
   18.35
   10.76
   12.09
    6.63
   18.01
   17.47
   41.43
   25.71
   23.02
   40.55
   33.19
   25.46
   33.39
   51.65
   58.30
   29.70
   16.54
   33.92
   28.12
   30.75
   39.02
   17.36
   29.34
   35.88
    4.47
   13.45
   26.93
   33.92
   35.23
   29.05
    4.45
   39.73
   22.88
   40.32
   43.55
   31.83
   38.11
   32.82
    4.45
   17.36
   27.69
   21.80
   15.04
   32.05
   16.06
   44.06
   44.43
   90.22
   41.57
    8.95
   14.75
   22.88
   29.11
   41.91
   55.44
   57.88
  105.20
  263.40
  127.85
   84.78
   76.17
   73.17
   39.13
   40.07
   50.18
   38.28
   22.14
   46.10
   49.04
   44.80
   40.89
   41.97
   29.42
   31.09
   45.42
   50.97
   47.60
   39.84
   25.54
   40.89
    4.45
    8.50
   79.09
    4.45
   33.36
   29.22
   38.00
   22.63
   47.35
   56.38
   32.22
   45.14
   47.15
   32.05
    4.42
   62.13
   37.12
   32.20
   23.53
   18.86
   39.62
   31.21
   45.11
   38.11
   43.30
  175.28
  114.40
   29.82
    4.45
   59.32
   40.97
   43.21
   24.47
   51.11
   45.68
   11.47
   49.44
   42.93
   52.81
   53.38
   43.95
   30.27
   36.44
   44.85
   40.69
  108.93
  181.09
  107.97
   75.27
   75.69
   58.81
   70.71
   47.49
   68.78
   60.82
   84.38
   65.67
   77.67
  176.44
  147.76
  138.53
  153.82
  143.03
  128.05
  117.68
  109.67
  104.43
  101.35
  101.46
  101.94
  102.42
   99.51
   78.27
   78.61
   82.26
   77.64
   73.37
   71.58
   49.89
   70.20
   63.43
   53.18
   66.91
   64.87
   47.63
   61.25
   61.73
   58.79
   57.37
   39.28
   46.38
   12.43
   67.99
   54.42
   35.62
   58.62
   29.14
   42.31
   43.32
   37.66
   84.24
   79.20
   46.84
   41.82
   35.99
   40.75
   48.93
   24.83
   39.42
   36.42
   35.17
   26.14
   35.91
   41.60
   34.04
   33.98
   39.53
   31.32
   34.55
   32.31
   39.53
   32.76
   34.46
   33.75
   32.68
   36.19
   33.36
   47.23
   16.82
   32.99
   48.90
   42.53
   25.26
   24.92
   63.91
  122.53
  109.87
  101.29
  102.00
   71.73
   29.65
   41.57
   39.79
   67.76
   59.32
   69.91
   38.45
   35.57
   52.64
   51.03
   57.14
   54.28
   65.16
   42.50
   33.81
   58.19
   50.69
   50.06
   49.53
   47.37
   26.36
   29.87
   39.81
   38.54
   35.14
   66.69
   65.86
   34.74
   47.71
   41.26
   58.11
   45.87
   64.70
   60.82
   57.51
   71.98
   73.09
   78.44
   77.96
   79.77
   69.43
   56.18
   54.40
   59.66
   75.01
   64.36
   67.76
   54.03
   45.25
   33.53
   45.11
   43.10
   43.81
   39.90
   45.42
   32.05
   48.39
   30.61
   31.40
   24.55
   33.56
   37.77
   32.28
   20.78
   39.81
   42.84
   49.70
   44.94
   42.65
   28.26
   41.29
   27.38
   26.16
   26.73
   29.05
   45.45
   19.31
   25.91
   18.86
   37.86
   45.73
   36.13
   58.22
   40.52
   14.36
   27.52
   17.39
   18.07
   22.63
   31.63
   21.95
   18.89
   29.99
   36.44
   34.60
   10.79
   34.04
   22.63
   45.34
   43.15
   29.70
   29.39
   55.61
   44.54
   49.55
   22.29
   39.67
   55.93
   41.34
   42.65
   46.95
   50.94
   37.86
   43.81
   41.57
   43.30
   42.08
   45.17
   28.15
   28.26
   28.60
   29.48
   25.91
   53.94
   59.58
   45.73
   42.36
   31.38
   43.58
   43.01
   86.76
  106.98
   30.19
   51.79
   69.26
   58.05
  109.73
  117.80
  116.16
  114.20
  111.60
  102.71
   58.47
   61.96
   61.53
   45.45
   34.55
   30.95
   69.69
   26.53
   28.63
   25.85
   26.76
   45.68
   52.70
   54.26
   39.45
   39.22
   42.79
   42.67
   38.54
   41.99
   53.26
   47.69
   58.28
   45.28
   80.22
   50.06
   48.62
   82.29
   45.14
   45.84
   48.93
   45.70
   62.64
   53.80
   50.60
   35.42
   32.11
   34.72
   38.60
   32.65
   40.92
   58.45
   42.96
   31.97
   40.27
   41.46
   30.53
   31.23
   29.53
   33.90
   21.27
   36.33
   22.80
   35.17
   44.17
   35.34
   29.14
   28.54
   39.02
   36.30
   42.45
   36.39
   59.47
   23.19
   28.74
   40.38
   36.70
   23.19
   24.44
   26.93
   26.82
   32.76
    4.53
   10.17
   20.84
   11.10
   38.26
   24.78
   28.88
   44.29
   33.78
    4.45
    7.90
   13.45
   34.57
   33.16
   31.46
   24.24
   12.60
    8.47
    4.47
   19.62
   28.77
   21.07
   12.52
    4.45
    4.42
   24.44
   33.61
   10.19
   41.99
   19.77
   17.27
   12.26
   26.65
   44.83
   38.57
   35.74
   14.53
   17.58
   18.29
   35.51
   26.79
   23.93
   29.53
   16.06
   18.15
   19.31
   18.18
    4.47
   30.16
   44.94
   26.31
   11.67
    4.45
   32.37
   44.17
   68.56
   21.78
   15.43
    8.41
   18.77
   14.02
   18.94
   35.79
   58.25
   42.50
    4.45
    4.45
   37.94
   49.38
   55.87
   44.15
   54.96
   21.80
    4.45
   61.79
   46.55
   53.86
   40.35
   39.96
   31.26
   25.57
   42.84
   57.88
   62.16
   46.16
   24.32
    4.45
    7.59
   31.52
   75.27
    8.38
   57.20
   37.21
   20.98
   18.43
   19.37
   36.56
   78.86
   44.37
   66.23
   30.04
    4.42
   39.98
   45.22
   26.25
    4.42
   19.26
   61.05
   18.58
   29.56
   67.90
   48.99
   69.66
   78.75
   44.60
   63.29
   53.52
   43.75
   50.38
   50.26
   51.99
    4.47
    4.45
   59.89
   61.79
   66.63
   59.98
   54.31
   26.79
   46.27
   48.20
   50.77
   54.40
   34.09
   36.13
   24.66
   25.66
   42.76
   41.03
   40.04
   16.96
   20.25
   46.52
   24.92
   38.23
   28.77
   27.72
   10.62
   36.16
   38.45
   21.83
   36.16
   25.63
    6.82
   21.72
   33.64
    9.43
   18.69
   18.69
   61.56
   25.49
   31.63
   17.84
   18.38
   17.81
   18.26
   32.39
   31.06
   17.56
   24.15
    4.45
    4.45
   15.69
   22.17
   34.69
   36.19
   17.81
   12.37
   11.47
   13.59
   16.51
   14.55
   18.18
   14.78
   12.43
   12.49
   19.96
   36.95
   25.71
   35.42
   36.36
   19.68
   18.77
   20.08
   19.60
   18.92
   18.92
   18.94
   12.66
   12.66
   10.99
   12.57
   12.57
   12.32
   15.01
   56.66
   55.39
   30.55
   48.73
   12.63
   12.40
   12.52
   16.03
   13.08
   22.88
   21.55
   19.85
   20.78
   15.89
   15.38
   14.98
   20.44
   18.92
   19.71
   21.41
   20.50
   16.03
   16.08
   10.02
   17.50
   20.50
   21.12
   19.11
   15.77
   23.70
   48.79
   30.38
   24.52
   33.73
   13.31
   36.56
   41.23
   35.99
   32.37
   29.85
   27.21
   37.46
   14.89
   17.98
   24.92
   27.55
   25.94
   26.67
   27.84
   20.59
   22.82
   13.37
   19.31
   16.76
   17.27
   12.26
   17.47
   17.27
   17.25
   20.42
   24.89
   19.82
   10.90
   10.90
   19.60
    4.45
   28.23
   42.19
   24.86
   23.50
   25.32
   16.08
   27.16
   13.25
   12.37
    7.84
   22.77
   24.27
   25.06
   16.34
   13.34
   12.57
   21.49
   23.73
   34.74
    4.47
   25.06
   19.34
   19.45
   15.83
   13.28
   20.84
   22.48
   12.74
   15.72
   17.39
   14.27
   14.16
   15.55
   13.17
   21.58
   18.12
   20.13
   21.49
   21.32
   18.46
   16.85
   26.96
   17.61
   18.80
   18.55
   17.95
   18.55
   20.13
   19.06
   22.51
   22.00
   25.09
   31.63
   19.68
   11.10
   17.90
   18.92
   17.25
   20.47
    9.26
   14.36
   10.82
   10.79
   12.06
   13.17
   12.57
   10.85
   15.09
   22.99
   19.74
   15.89
   30.30
   12.69
   17.78
   30.36
    4.59
   36.61
   23.67
   38.68
   23.59
   23.39
   20.05
   23.59
   31.57
   10.82
   30.75
   24.61
   37.27
   17.98
   26.36
   55.16
   50.52
   20.33
   22.06
   17.75
   12.29
    9.97
   18.80
   19.62
   23.25
   19.77
   22.03
   11.55
    4.47
   11.67
   18.26
   15.57
   16.48
   13.20
   26.08
    6.63
   17.25
    9.09
   37.32
   36.02
   22.80
   29.85
   25.94
   29.93
   30.95
   41.71
   34.52
   15.15
   19.85
   34.18
   28.01
   29.56
   34.60
   38.00
   35.51
   26.36
   26.19
   39.53
   36.47
   17.44
   22.26
   30.72
   29.08
   26.73
   33.90
   36.33
   61.33
   75.01
   34.38
   29.76
   45.84
   41.63
   56.10
   42.36
   17.78
   19.77
   23.50
   22.40
   40.75
   29.62
   29.28
   24.61
   25.49
   27.33
   30.04
   45.39
   29.65
   29.39
   40.61
   33.98
   22.34
   24.69
   35.71
   32.73
   23.45
   30.84
   29.90
   22.29
   19.06
   18.38
   15.29
   21.44
   25.00
    4.45
   20.73
    4.45
   10.76
   37.10
   20.08
   16.76
   19.71
   15.26
   18.15
   15.38
   43.86
   39.36
   45.62
   55.19
   44.03
   41.34
   46.64
   45.59
   47.29
   57.65
   48.28
   38.68
   40.95
   46.24
   52.10
   53.49
   47.37
   39.33
   35.68
   38.99
    9.23
   41.94
   43.66
   45.76
   42.33
   32.51
   20.56
   31.97
   19.03
   32.22
   33.39
   26.82
   21.80
   27.92
   31.23
   31.32
   33.07
   23.93
   26.05
   13.05
   15.23
   15.12
   14.81
   21.15
   30.89
   19.65
    7.76
    8.61
   16.28
   18.52
   12.54
   17.98
   18.09
   13.99
   16.28
   22.23
   12.40
   10.11
   17.70
   20.13
   22.34
   19.79
   56.24
   54.17
   20.50
   19.74
   19.94
   15.72
   13.20
   15.69
   14.10
   13.22
   13.20
   11.86
   13.11
   14.64
   19.48
   20.61
   22.14
   20.08
   20.90
   15.29
   15.29
   15.29
   15.35
   15.12
   15.12
   15.09
   13.20
   11.61
   13.17
   13.28
   14.33
   10.70
   11.33
   20.95
   19.60
   16.34
   15.04
   13.65
   13.62
   13.62
   13.05
   12.18
   11.55
   11.84
   10.14
   14.87
   14.89
   13.00
   12.71
   13.00
   11.16
   12.09
   12.20
   11.78
   13.65
   12.97
   12.12
   14.67
   12.88
   14.02
   13.71
   15.38
   12.18
   13.51
   14.58
   13.65
   12.80
   13.59
   12.32
   10.22
   13.96
   11.24
   11.44
   15.43
   16.08
   11.21
   11.21
    9.54
    8.66
    8.75
   10.36
   10.59
   10.42
    9.66
   37.72
   30.53
   32.28
   28.06
   35.31
    9.34
    8.69
    8.72
   23.42
   21.83
   34.43
   32.93
   11.75
   10.96
   23.16
   19.82
   21.32
   19.77
   23.81
   10.99
   10.99
   23.67
   23.56
   17.90
   37.15
   34.57
   10.96
   10.99
   20.59
   20.67
   21.44
   15.06
   15.01
   14.13
   17.44
   14.27
   17.47
   17.56
   23.25
   17.56
   12.69
   12.74
    6.29
   17.41
   15.09
   16.76
   17.36
   13.59
   13.39
   10.31
   13.31
   12.69
   15.06
   15.12
    8.66
   12.80
   10.96
   13.37
   12.69
   11.02
   19.91
   14.81
   15.69
   15.01
   14.36
   19.94
   13.42
   17.50
   12.71
   14.98
   17.47
   14.33
   14.22
   17.44
   19.26
   12.77
   15.60
   19.74
   19.17
   19.54
   18.49
   18.72
   15.35
   15.94
   20.87
   22.46
   24.47
   22.51
   20.59
   12.88
    4.59
   15.80
   16.23
   16.51
   16.74
   16.31
   12.29
   13.20
   18.77
    8.41
   10.85
   10.85
    8.38
    6.03
    6.14
    8.38
    8.01
    8.44
    8.41
   11.13
   22.51
   25.06
   10.11
   10.19
   10.99
   11.55
    9.37
    5.86
    8.21
    9.85
   10.42
   10.48
    9.17
   11.36
    6.34
    4.47
   11.44
   14.05
   12.23
   11.67
   11.24
    6.14
    4.39
    8.64
    8.38
    9.23
    8.66
    9.71
    4.45
    4.47
    7.87
    8.41
    8.58
    8.55
   10.99
    4.39
    4.47
    7.05
    6.91
    8.55
    7.73
    7.65
    4.45
    4.47
    6.82
    6.82
    6.82
   11.75
   10.17
   10.99
   11.89
    8.61
    7.90
    8.64
    7.67
    7.84
    6.91
    7.02
   11.07
   10.28
   10.36
   11.13
   18.52
    8.95
    8.69
   16.71
   16.88
   16.65
   14.41
   13.65
   11.78
   12.01
   15.49
   19.28
   19.23
   15.23
   12.69
   12.86
   12.69
   13.59
   12.46
   13.03
   13.79
   12.57
   11.86
   11.67
    8.55
    4.45
    6.99
   29.93
   14.89
   11.67
   10.85
   13.93
   12.32
   13.99
   12.40
   12.46
    4.47
    4.53
    6.63
    6.94
    6.99
    6.74
    8.16
    4.47
   16.45
   24.92
   29.14
   26.56
   24.10
   24.52
   16.45
   15.01
   12.60
   14.33
   13.93
   13.25
   12.69
   12.69
   13.76
   17.50
   17.33
   14.38
   15.83
   15.01
   12.49
   18.60
    8.38
   11.92
   14.98
   13.54
   17.41
   11.67
   10.36
    7.56
    6.06
    4.47
   10.82
   11.64
   17.10
   15.49
   12.20
   14.70
   17.81
   18.41
   26.39
    4.45
    4.45
   26.70
   22.65
   22.68
   25.20
   26.62
    4.42
    4.42
    8.47
   23.62
   16.82
   20.93
   27.52
    4.36
    4.42
   18.04
   17.90
   20.50
   20.19
   33.64
   11.47
   10.05
   15.83
   14.16
   65.41
   34.29
   46.58
   14.70
   29.39
   28.46
   38.28
   32.56
   32.03
   20.02
    4.45
    4.47
   32.54
   43.07
   36.78
   36.39
   53.92
    7.76
    7.73
   27.41
   26.65
   22.82
   21.12
   13.20
   11.72
   11.67
   12.46
   13.82
   12.40
   13.00
   10.93
   13.73
   10.93
   19.23
   18.89
   19.43
   19.09
   18.80
   12.57
   13.14
   28.60
   27.81
   15.06
   12.57
   12.60
   13.42
   14.27
   14.27
   14.05
   13.39
   13.59
   11.13
   24.83
   15.29
   19.45
   38.43
   60.71
   60.63
   60.60
   27.41
   20.56
   12.40
   12.40
   15.04
   14.87
   12.52
   12.43
   12.49
    9.68
   22.80
   21.27
   14.84
   14.72
   17.95
   17.22
   10.82
   14.75
   15.09
   14.19
   13.51
    4.45
    4.47
   16.88
   17.30
   17.30
   22.82
   24.07
   16.79
   16.54
   21.63
   32.14
   17.08
   22.60
   14.44
   22.23
   21.49
   11.75
   12.46
   17.67
   19.99
   16.57
   22.46
   21.58
   15.83
   14.24
   15.69
   15.09
   15.01
   22.26
   22.12
   13.37
   17.30
   17.36
   15.55
   18.94
   11.02
   10.99
   16.51
   18.35
   18.21
   17.50
   14.70
   12.12
   11.92
   14.07
   13.28
   16.31
   18.24
   18.41
   13.08
   12.63
   29.65
   26.76
   30.33
   25.77
   13.90
   10.39
    6.80
    4.45
   18.55
   15.60
   17.64
   17.58
   19.96
   10.34
   15.12
   16.00
   13.31
   12.46
   12.69
   16.37
   16.31
   12.29
   13.34
   13.03
   12.40
   12.18
   19.06
    8.35
   16.71
   18.92
   15.09
   17.81
   16.59
   16.54
   12.52
   14.05
   18.07
   13.48
   16.06
   14.07
   16.59
   15.83
   14.02
   23.45
   38.48
   32.37
   21.44
   11.04
   14.22
   15.83
   14.36
   15.91
   17.16
   17.08
   10.85
    7.73
   16.25
   15.29
   12.03
   11.19
   13.76
   10.39
    7.87
    8.58
   10.90
    8.50
    9.26
   10.82
   10.05
   10.85
    8.44
    8.58
    8.47
    8.30
    9.15
    6.97
    4.45
   15.89
   14.38
   14.50
   13.59
   12.74
    4.47
    4.47
   15.06
   13.37
    4.45
    4.45
   14.47
   12.49
   12.52
   12.57
   13.20
   12.46
   14.84
   12.09
    4.36
    4.36
    8.58
    8.66
    8.95
    8.27
    8.41
    4.42
    4.36
   12.52
   13.20
   12.03
   11.92
   11.16
    7.82
    8.38
   11.64
   12.49
   12.57
   11.84
    4.42
   16.96
   19.03
   11.72
   10.22
   10.17
   10.87
   13.25
   14.87
   14.89
   21.15
   11.67
   11.61
   10.08
   11.72
   11.58
   11.61
   11.75
   12.57
   12.97
   11.10
   14.22
   10.76
   12.32
   10.79
   14.87
   15.29
   15.66
   15.40
    4.47
    4.45
   17.70
   18.01
   30.89
   97.04
   93.47
   81.44
   42.93
   37.83
   20.08
   26.22
   23.42
   23.62
   19.82
   30.98
   61.70
   61.48
   66.35
   60.06
   55.05
   50.60
   52.13
   52.22
   43.15
   43.81
   42.45
   47.71
   45.70
   58.98
   26.33
   63.51
  165.00
  139.69
  103.89
   82.80
   75.04
   54.14
   72.75
   66.71
   56.61
   64.36
   65.07
   74.30
   18.12
   17.10
   19.34
   18.52
   18.55
   25.68
   26.50
   17.90
   21.66
   16.40
    9.29
   12.01
   10.85
   10.85
   19.54
   20.59
   20.84
   24.18
   18.01
   19.88
   17.10
   17.53
   13.03
    9.80
   14.67
   22.51
   13.79
   13.08
   14.05
   21.24
   18.21
   29.42
   24.83
   16.14
   21.66
   15.57
   16.17
   16.28
   15.46
   15.57
   36.27
   37.32
   19.45
    9.85
   10.00
    9.97
   10.05
   14.07
   13.25
   15.72
   16.51
   17.10
   17.64
   18.66
   21.92
   22.71
   29.73
   37.66
   33.56
   39.25
   39.84
   10.00
   10.65
   20.84
   15.46
   20.95
   22.77
   28.01
   27.72
   23.84
   25.46
   25.40
   19.68
   21.27
   21.66
   15.26
   22.43
   52.81
   48.82
   43.55
   44.57
   41.09
   34.09
   57.23
   55.81
   54.59
   42.11
   37.80
   33.36
   34.32
   32.25
   25.06
   25.00
   25.40
   25.68
   26.08
   12.69
   12.66
   19.82
   20.73
   19.85
   16.68
   17.41
   28.23
  105.25
  118.90
   57.45
   54.14
   75.95
   56.12
   48.90
   76.34
   41.97
   63.77
   67.88
   76.43
   55.22
   18.07
   31.12
   32.85
   37.04
   36.64
   35.25
   29.08
   18.75
   23.56
   22.60
   31.35
   36.56
   34.04
   27.72
   19.82
   25.91
   18.94
   18.35
   19.54
   39.98
   42.76
   30.92
   30.98
   30.87
   24.10
   34.49
   48.87
   30.10
   28.15
   28.40
   19.65
   23.64
   22.74
   21.18
   21.72
   28.32
   19.54
   12.54
   16.20
   16.28
   24.30
   14.70
   21.24
   19.57
   18.72
   16.31
   12.37
   15.49
   14.67
   16.20
   18.21
   19.37
   16.08
   16.42
   10.90
   20.53
   30.19
   40.41
   12.49
   19.65
   14.84
   17.33
   18.32
   20.22
   21.72
   26.25
   14.92
   15.63
    5.95
    8.58
   15.40
   16.54
   15.97
   14.61
   14.70
   41.12
   30.50
   13.93
   21.35
   20.42
   15.63
   15.52
   23.67
   23.62
   15.97
   15.74
   23.73
   19.26
   17.53
   23.11
   26.22
   14.87
   14.92
   19.65
   19.20
   19.68
   22.31
   24.35
   21.07
   21.21
   27.78
   27.81
   22.71
   23.36
   15.09
   28.03
   21.66
   23.90
   24.18
   23.96
   24.04
   24.15
   16.06
   16.03
   17.70
   18.35
   15.21
   15.15
   15.66
   12.63
   12.63
   20.02
   19.91
   24.52
   40.35
   21.21
   19.60
   40.07
   69.04
  148.38
   96.70
   61.65
   55.47
   99.96
  202.58
   72.04
   80.02
   75.49
   72.69
   44.32
   36.27
   28.85
   37.49
   41.29
   46.78
   46.16
   54.28
   43.07
   30.72
   39.39
   45.87
   61.11
   42.11
   49.44
   43.01
   50.63
   42.93
   46.69
   57.77
   52.22
   44.34
   34.18
   32.37
   41.14
   42.16
   49.04
   49.41
   51.06
   40.69
   63.40
   47.77
   64.93
   34.21
   17.22
    4.47
   42.19
   37.94
   50.52
   68.10
  168.37
  130.63
   98.29
   98.88
   99.00
   98.43
   79.26
   83.85
   82.01
   74.95
   73.82
   76.09
   29.59
   76.34
   89.82
   70.54
   71.73
   61.16
   61.02
   71.13
   43.38
   41.20
   39.02
   43.55
   56.07
   65.61
   61.65
   75.04
  119.70
  133.60
  116.69
  104.83
  101.71
  100.98
   69.46
   74.81
   85.80
   98.32
  108.23
  104.52
  102.73
  101.69
  101.83
   98.60
   77.96
   84.24
   63.94
   69.91
   72.21
   68.92
   56.24
   76.03
   58.93
   54.20
   45.56
   44.85
   33.33
   33.70
   37.72
   37.46
   37.27
   39.79
   40.66
   35.25
   39.81
   33.16
   48.99
   39.25
   37.12
   26.76
   56.83
   74.22
   49.13
   60.43
   88.46
  116.38
  108.28
  100.69
  101.83
  102.65
   94.01
   87.19
   91.75
   63.17
   90.13
   67.90
  104.18
  141.05
  131.53
  122.13
  109.61
   99.82
  102.25
  102.22
  102.85
   85.66
   67.14
   70.00
   68.13
   64.36
   67.51
   48.34
   32.82
   42.84
   49.19
   43.15
   47.52
   50.32
   38.94
   36.22
   37.21
   42.19
   38.28
   38.17
   38.31
   34.07
   26.33
   38.48
   46.44
   33.61
   49.53
   31.26
   33.27
   33.05
   34.69
   48.96
   48.82
   48.03
   51.06
   38.88
   36.98
   34.18
   40.29
   32.17
   37.72
   38.28
   36.16
   36.10
   32.79
   31.88
   31.06
   30.78
   31.63
   26.90
   34.72
   21.55
   21.58
   25.99
   28.46
   48.96
   25.12
   22.09
   32.85
   34.72
   36.95
   36.16
   19.94
   14.27
   14.22
   19.11
   28.01
   27.81
   27.78
   25.09
   28.23
   94.83
   51.42
   39.25
   36.53
   23.90
   39.73
   46.78
   38.99
   68.98
   88.66
   31.63
   46.75
   45.73
   41.48
   35.40
   25.60
   23.93
   22.57
   53.80
   29.08
   33.05
   31.40
   39.50
   44.43
   18.94
   34.94
   36.87
   46.64
   20.42
   20.90
   22.60
   22.37
   26.25
   26.39
   24.38
   30.19
   37.32
   40.44
   26.16
   25.32
   43.66
   29.22
   27.01
   23.33
   29.68
   32.25
   34.26
   29.68
   37.66
   23.05
   19.23
   26.33
   26.48
   34.66
   37.15
   25.00
   19.03
   23.11
   23.28
   26.16
   24.72
   22.94
   20.78
   22.40
   15.60
   19.03
   19.88
   24.75
   24.83
   16.88
   15.86
   16.93
   22.63
   20.59
   20.39
   15.97
   14.98
   22.31
   15.80
   24.69
   25.51
   27.61
   33.50
   47.37
   47.12
   58.16
   52.67
   52.70
   55.25
   58.90
   65.78
   74.13
   66.54
   50.91
   47.09
   42.65
   59.81
   58.13
   58.45
   62.24
   42.98
   42.70
   44.94
   43.44
   43.18
   47.15
   64.42
   50.80
   54.00
   42.82
   28.40
   36.87
   23.79
   17.67
   37.32
   34.72
   39.22
   31.26
   45.00
   52.44
   47.15
   35.71
   37.29
   47.57
   42.11
   36.84
   46.04
   34.77
   36.13
   38.45
   39.93
   32.71
   33.56
   23.96
   16.59
   21.83
   18.26
   18.26
   15.83
   21.04
   20.78
   21.29
   23.56
   23.67
   22.06
    9.26
   17.27
   17.30
   21.83
   18.09
   18.07
   18.09
   18.09
   11.67
    9.17
   17.30
   22.34
   25.37
   27.50
   28.71
   21.07
   20.39
   27.04
   29.45
   24.44
   24.55
   20.39
   10.08
    9.12
    7.48
   18.86
   14.84
   17.30
   20.30
    9.12
    9.91
   14.67
   13.14
   14.81
   15.43
   17.27
    9.91
   10.53
    9.91
   14.64
   37.75
   43.49
   37.83
   15.69
   14.16
   19.40
   17.16
   17.02
   17.25
   17.19
   23.81
   29.36
   13.45
   14.92
   14.95
   14.78
   14.81
    6.74
    6.09
   16.40
   17.53
   44.68
   17.95
   14.05
   19.57
   19.62
   14.72
   15.43
   16.37
   17.92
   20.84
   13.22
   16.40
   27.98
   75.01
  109.64
   69.43
   47.77
   29.96
   32.73
   16.54
   17.50
   18.04
   19.74
   13.03
   13.65
   15.72
   32.65
   26.67
   29.62
   15.72
   17.25
   26.56
   31.71
   22.71
   23.70
   24.35
   22.71
   23.16
   10.17
   10.19
   36.02
   21.95
   11.55
    9.12
   12.37
   23.42
   74.50
   42.45
   38.43
   44.06
   46.18
   49.38
   28.46
   26.93
   20.56
   20.93
   19.99
   18.43
   18.46
   27.86
   27.81
   31.06
   43.49
   22.31
   17.67
   17.67
   28.71
   20.22
   22.91
   22.43
   20.70
   26.28
   27.47
   15.86
   14.61
   19.11
   20.30
   38.94
   50.09
   49.89
   35.82
   42.19
   28.29
   33.05
   35.31
   34.21
   28.49
   25.99
   25.34
   26.14
   14.27
   14.05
   11.44
   12.15
    9.17
    8.33
   13.88
   14.13
   14.50
   25.85
   25.60
    4.30
    4.30
   19.62
   36.76
   27.41
   29.70
   46.41
   52.56
  102.79
   58.50
   93.90
  107.46
  161.26
  157.30
  127.48
  107.60
  102.99
   98.57
   69.52
   68.07
   28.68
   37.10
   24.55
   19.03
   16.76
   15.94
   14.53
   14.58
   42.50
   76.23
   55.70
   30.10
   54.14
   79.63
   41.40
   25.40
   26.05
   32.82
   29.08
   52.10
   50.29
   59.75
   24.44
   16.88
   39.13
   17.10
   27.58
   26.62
   26.70
   50.55
   96.39
   20.50
   20.53
   24.24
   20.36
   88.21
   18.72
   22.12
   26.70
   44.09
   45.39
   24.47
   20.47
   11.53
   11.58
   20.47
   17.50
   19.79
   21.92
   20.61
   17.33
   19.77
   19.20
   20.47
   20.76
   15.77
   12.60
   18.43
   20.42
   14.30
   23.25
   19.00
   19.14
   19.23
   12.74
   12.91
   15.18
   14.87
   14.07
   13.08
   12.49
   18.83
   25.88
    9.32
   13.22
   13.28
   11.04
   11.41
   14.30
   18.32
   10.31
   13.39
   13.39
   10.08
   10.19
   14.05
   16.62
   13.22
   13.82
   13.28
    4.28
    4.64
   22.26
   18.29
   14.92
   14.95
   14.95
   15.09
   19.17
   13.34
   16.51
   17.39
   13.03
   13.20
   17.36
   17.30
   11.64
   11.36
   10.76
   13.39
   13.22
   14.98
   14.98
   10.85
   10.87
   16.48
   16.42
   16.54
   16.48
   16.62
    5.97
    6.77
   16.51
   13.42
   14.13
   15.66
   25.91
   12.52
   12.49
   13.82
   13.42
   14.07
   14.24
   14.41
   17.33
   16.57
   12.54
   12.54
   12.57
   13.31
   12.37
    9.29
    8.38
   12.40
   12.40
   12.43
   13.22
   12.46
   10.82
    4.33
   13.17
   12.46
   12.52
   11.64
   11.61
    5.95
    5.97
   11.55
   13.31
   14.05
   11.64
    6.77
    6.74
    6.71
   10.02
   13.20
   12.46
   10.00
   10.17
   12.46
   12.46
   14.02
   67.62
   54.54
   44.83
   40.52
   18.75
   20.42
    7.62
    8.44
    8.47
    8.44
    8.52
    4.33
    4.30
    4.30
    4.30
    4.28
    4.36
    4.30
    5.10
    4.30
    4.30
    4.30
    4.30
    4.30
    4.30
    4.28
    4.30
    9.23
    9.15
   18.15
   18.29
   14.87
    4.28
    4.28
   15.66
   15.63
   16.51
   21.07
   19.65
    7.45
    7.56
   18.24
   18.04
   18.04
   37.55
   19.77
   12.43
   12.35
   19.79
   16.40
   18.46
   18.92
   14.98
    7.62
    4.28
   21.38
   21.41
   22.14
   22.26
   23.81
   19.77
   20.70
   17.41
   19.03
   18.35
   18.26
   18.46
   16.65
   17.36
   26.96
   25.15
   25.37
   33.64
   40.21
   13.28
   14.02
   33.67
   25.91
   24.18
   33.81
   35.88
   20.42
   24.92
   52.44
   60.37
   43.27
   41.63
   43.49
   35.20
   28.29
   49.02
   31.43
   41.82
   66.37
   61.79
   32.20
   32.54
   37.83
   40.32
   40.27
   39.25
   39.28
   19.34
   18.83
   50.83
   29.62
   29.45
   29.48
   60.31
   42.73
   43.07
   43.69
   52.81
   51.34
   49.64
   19.62
   25.29
   22.77
   38.74
   35.20
   34.46
   28.03
   28.20
   23.73
   23.67
   23.64
   34.57
   39.45
   36.08
   46.86
   27.50
   28.46
   39.67
   39.42
   73.96
   68.50
   68.36
   51.96
   45.65
   59.24
   60.77
   74.67
   82.74
   49.72
   47.32
   63.17
   65.86
   64.34
   67.20
   57.31
   63.80
   53.24
   48.87
   47.63
   44.97
   49.33
   50.77
   36.44
   33.56
   30.41
   22.88
   16.14
   15.94
   16.00
   16.25
   26.87
   13.65
   21.69
   24.30
   23.53
   22.37
   24.04
   23.73
   22.65
   19.28
   17.25
   22.06
   19.91
   44.32
   68.02
   52.50
   43.95
   38.82
   36.25
   34.74
   99.45
  104.01
   88.01
   87.73
   35.06
   43.78
   36.78
   29.82
   43.49
   37.97
   44.20
   47.83
   43.64
   35.88
   37.46
   29.28
   26.82
   10.93
   11.47
   13.11
   13.00
   13.62
   13.00
   13.88
   24.92
   10.85
   19.11
   37.29
   21.89
   24.92
   28.09
   28.46
   18.77
   18.77
   14.72
   14.75
   12.37
   13.11
   14.27
   14.30
   25.97
   35.59
   36.84
   14.22
   15.97
   14.10
   18.97
   22.00
   22.00
   21.97
   18.86
   18.86
   29.79
   23.84
   18.18
   18.41
   19.17
   14.13
   14.44
   32.68
   41.77
   27.01
   26.42
   20.56
   14.16
   17.19
   54.26
   48.05
   33.98
   19.60
   21.41
   16.45
   16.40
   35.74
   34.94
   42.45
   31.26
   21.07
   14.05
   14.07
   14.92
   17.75
   16.91
   17.33
   17.33
   20.50
   20.61
   20.53
   21.92
   23.76
   12.46
   14.19
   12.49
   13.05
   16.48
   24.32
   12.46
   12.43
   12.35
   11.44
   11.61
   12.57
   12.37
   12.43
   12.71
   14.16
   11.13
   10.96
   14.95
   13.39
   14.16
   12.23
   13.54
   13.11
   13.28
    8.47
   13.39
   14.13
   13.34
   13.22
    9.26
    9.32
   14.78
   14.78
   15.57
   19.71
   19.65
   17.95
   16.45
   10.79
   14.70
   14.98
   15.23
   14.87
   10.14
   10.11
   15.09
   14.95
   16.65
   10.19
   10.14
    7.48
   16.45
   12.54
   13.45
   16.48
   15.57
   21.18
   13.17
   13.34
   16.85
   18.04
   19.77
   19.91
   20.53
   14.16
   14.05
   16.59
   16.59
   15.74
   14.30
   13.31
   11.78
   10.93
   14.19
   15.83
   15.77
   15.66
   18.94
   10.82
    9.71
   12.52
   13.48
   13.31
    8.50
    8.41
    8.44
    8.50
   11.75
   21.58
   15.23
   12.52
   12.46
    4.28
    4.28
    9.32
    9.23
    9.29
    8.33
    9.20
    4.28
    4.30
   10.11
   54.17
   36.81
    9.26
    9.20
    4.28
    4.28
   17.30
   17.22
   10.90
   23.59
   14.02
    4.28
    4.30
   29.51
   22.20
   21.69
   16.62
   16.57
    4.28
    4.28
   19.88
   19.45
   23.45
   12.40
    7.65
    4.28
    4.39
    9.91
   13.11
   19.62
   19.20
   20.02
    4.28
    4.28
   13.25
   13.20
   13.14
   10.82
    8.41
    4.47
    4.25
   10.82
   10.82
   10.59
    4.30
   13.08
    7.56
    8.83
   12.66
   14.22
   14.55
   16.00
   17.33
   11.89
   12.06
   14.16
   16.03
   13.48
   13.51
   13.48
   13.28
   13.17
   14.10
   14.07
   15.15
   10.00
   10.73
   16.68
   17.47
   18.01
   18.01
   18.97
   25.29
   19.28
   37.49
   40.41
   13.11
   15.46
   16.34
   13.76
   16.14
   12.94
   16.88
   11.41
   12.23
   18.55
   20.78
   20.95
   14.30
   17.10
   17.08
   40.44
   27.92
   32.90
   35.45
   32.54
   22.17
   28.09
   31.46
   53.58
   44.57
   44.23
   47.23
   47.15
   53.63
   65.89
   54.42
   45.56
   48.93
   49.10
   49.13
   25.99
   22.88
   24.32
   22.91
   23.59
   33.64
   35.23
   84.67
  173.70
  188.42
  158.89
  147.76
  127.94
  114.99
  108.20
  104.29
  102.96
  102.76
  102.82
  102.62
  101.01
   75.83
   85.15
   83.28
  107.92
  110.29
  112.47
  110.75
  110.01
  107.38
  103.44
  103.53
   19.65
   56.83
   26.08
   46.01
   40.66
   64.65
   61.22
   62.64
   76.26
   41.09
   24.92
   18.41
   26.65
   30.95
   57.79
   82.69
   82.66
   34.21
   52.53
   66.60
   56.07
   46.18
   40.72
   42.70
   21.97
   21.58
   23.87
   71.73
   52.61
   59.04
   60.60
   36.61
   34.04
   38.60
   42.02
   41.31
   52.56
   48.73
   26.90
   46.86
   35.93
   44.06
   33.33
   41.80
   41.60
   58.05
   39.76
   37.32
   31.32
   31.60
   65.02
   67.96
   33.84
   36.42
   34.12
   45.02
   36.98
   45.14
   45.51
   31.94
   38.54
   40.69
   28.03
   43.75
   50.97
   43.86
   36.44
   36.81
   39.67
   39.56
   62.16
   64.51
   64.79
   51.03
   64.65
   77.84
   74.44
   60.29
   44.34
   81.04
  206.37
  126.89
   74.36
   93.22
   66.37
   73.26
  197.74
  214.81
  164.58
  141.10
  130.17
  125.13
  112.28
  103.36
   67.00
   80.36
   69.23
   42.79
   50.52
   59.01
   54.57
   46.16
   64.11
   42.70
   72.72
   54.62
   42.76
   52.19
   32.56
   52.05
   47.03
   47.49
   33.98
   47.54
   72.55
  104.52
  102.96
   37.24
   97.47
   62.67
   21.52
   44.20
   74.90
   57.54
   52.75
   42.16
   77.70
   48.96
   54.54
   57.17
   51.99
   37.04
   40.21
   63.12
    9.94
   52.78
   48.45
   22.85
   12.57
   40.35
   33.73
   37.18
   36.42
   41.34
   40.41
   50.80
   74.81
   95.17
  110.95
  179.08
  116.95
   58.25
   58.36
   96.53
   96.76
   97.01
   97.16
   74.61
   56.10
   42.93
   42.76
   40.38
   55.93
   54.40
   58.22
   45.00
   41.34
   41.34
   42.93
   33.13
   30.07
   46.13
   35.28
   37.58
   41.82
   42.62
   37.58
   42.50
   43.41
   29.19
   29.19
   46.13
   49.16
   43.21
   49.41
   50.80
   21.55
   56.15
   42.39
   44.63
   30.87
   32.96
   68.30
   49.44
   42.76
   81.21
   95.77
   63.17
   64.45
   46.61
   39.67
   37.15
   41.26
   42.84
   41.88
   40.04
   36.84
   35.71
   35.08
   42.31
   34.12
   28.43
   29.36
   30.16
   29.93
   29.19
   22.65
   27.07
   27.16
   24.78
   23.22
   29.34
   34.91
   34.15
   31.46
   22.23
   41.40
   36.05
   36.02
   33.64
   58.08
   36.98
   21.41
   21.66
   35.20
   26.84
   32.76
   32.59
   31.52
   19.57
   17.98
   30.58
   37.15
   42.16
   36.27
   32.05
   24.44
   21.29
   22.88
   31.74
   34.49
   25.29
   31.21
   25.15
   27.95
   27.98
   40.29
   28.54
   34.89
   39.70
   25.29
   27.07
   13.51
   25.54
   24.58
   24.72
   24.58
   27.01
   22.48
   32.17
   23.81
   24.18
   24.35
   26.87
   23.81
   24.10
   26.45
   25.85
   23.05
   35.51
   30.41
   22.80
   22.99
   25.63
   25.51
   26.56
   25.99
   19.11
   17.56
   19.94
   26.87
   69.29
  101.46
   50.74
   40.55
   27.44
   27.67
   42.33
   41.63
   41.68
   64.65
   48.62
   40.75
   49.75
   90.53
  106.53
  104.49
   79.63
   80.73
   62.64
   57.57
   74.19
   68.07
   62.24
   57.09
   34.80
   30.64
   60.29
  106.10
  103.30
  102.25
  102.42
  102.56
   72.12
  102.79
   70.28
