19850101
   13.82
   55.27
   70.91
   70.57
   69.40
   56.78
   41.43
   27.61
   28.94
   27.61
   27.98
   18.63
   13.71
   48.17
   46.21
   30.72
   23.13
   23.70
    9.29
   28.85
   69.52
   23.73
    9.71
    9.34
    9.74
    9.43
    9.54
    9.71
    9.57
    9.46
    9.51
    6.29
    0.00
    0.00
    9.40
    6.54
   36.93
   74.22
   73.94
   55.90
   18.83
   36.81
   46.30
   74.30
   73.85
   73.74
   36.95
   18.63
   41.71
   41.77
   46.75
   70.59
   66.32
   73.40
   72.15
   85.43
   90.50
   54.62
   55.19
   53.92
    0.00
    0.00
    0.00
    0.00
    0.00
    0.00
    0.00
    0.00
    0.00
    0.00
    0.00
    0.00
    0.00
    0.00
    0.00
    0.00
    0.00
    0.00
    0.00
    0.00
    0.00
    0.00
    0.00
    0.00
    0.00
    0.00
    0.00
    1.08
    0.00
    0.00
    0.00
    0.00
   15.01
   31.15
    0.00
    0.00
    0.00
    0.00
    0.00
    0.00
    0.00
    0.00
    0.00
    0.00
    0.00
    0.00
    0.00
    0.00
    0.00
    0.00
    0.00
    4.81
    4.62
    0.00
    0.00
    4.62
    4.62
    4.59
    4.62
    4.62
    4.62
    4.62
    4.62
    4.73
    4.62
    4.62
    4.62
    4.76
    4.62
    4.62
    4.62
    4.62
    4.62
    4.62
    4.62
    4.62
    4.62
    4.62
    4.62
    4.62
    4.62
    4.62
    4.62
    5.24
    2.18
    2.18
    2.18
    5.24
    4.47
    4.59
    5.13
    2.24
    2.24
    5.27
    4.62
    4.62
    9.20
    9.77
    2.24
    1.67
    9.20
    9.20
    9.20
    9.20
    9.71
    2.24
    1.67
    9.20
    9.20
    9.20
    9.20
    9.77
    2.24
    1.67
    9.20
    9.20
    9.00
    9.20
    9.77
    2.24
    1.67
    9.71
    9.20
    9.20
    9.20
    9.74
    2.24
    2.24
    2.24
    2.24
    2.24
    2.24
    2.24
    2.24
    2.24
    2.63
    2.92
    2.92
    2.92
    2.97
    2.92
    2.92
    2.92
    2.44
    2.24
    2.24
    2.24
    2.24
    2.24
    2.24
    2.24
    2.24
    2.24
    2.46
    2.83
    2.83
    2.58
    2.24
    2.24
    2.24
    2.24
    2.24
    2.24
    2.24
    2.24
    2.24
    2.24
    2.52
    2.86
    2.86
    2.86
    2.86
    2.86
    2.86
    2.86
    2.86
    2.86
    2.86
    2.86
    2.86
    2.86
    2.86
    2.86
    2.86
    2.86
   16.93
   27.55
   27.61
   27.61
    9.20
    9.20
   18.15
   18.41
   18.41
   18.41
   17.84
    8.92
    8.89
    8.95
    9.20
    9.09
    9.09
    8.98
    9.15
    9.00
    9.06
    9.12
    8.98
    9.20
    9.15
    9.20
    9.09
    9.15
    9.03
   10.68
    8.98
    9.15
    9.06
    9.06
   18.15
   18.21
   18.35
   18.41
   18.12
    9.03
    9.06
   17.73
   18.35
   18.04
   18.21
   18.12
    9.20
    9.20
   18.41
    9.20
   18.07
   18.21
   17.70
    9.20
    9.15
   18.07
   18.07
   18.09
   18.21
   19.20
    8.92
    9.12
   36.22
   36.27
   36.10
   36.33
   36.44
    9.20
    9.20
   31.83
   32.22
   31.26
   31.86
   31.86
    9.09
    9.20
   31.71
   32.05
   31.52
   32.08
   31.88
    9.06
    9.20
   32.00
   32.08
   32.08
    9.15
    9.06
    9.20
    9.20
   23.02
   68.87
   68.64
   68.72
   68.92
   59.61
   59.75
   73.62
   69.04
   69.04
   19.06
   55.22
   69.04
   69.04
   72.66
   32.22
   36.81
   55.22
   55.22
    9.20
    9.20
    9.20
    4.62
   55.22
   59.27
   18.41
   18.41
   18.41
   18.41
   18.41
   18.41
   18.35
   18.41
    9.20
    9.20
    9.20
    9.20
   27.61
   27.61
    9.20
    9.20
    9.20
   18.41
   18.41
   18.58
   18.41
    9.20
    9.20
    9.20
   13.82
   13.82
    9.20
    9.20
    9.20
    9.20
    9.20
   50.21
   36.81
   18.41
    9.20
    9.20
    9.20
    9.15
    9.20
    9.15
    9.09
    9.20
    9.20
    9.20
    9.20
    9.20
   18.41
   18.41
   19.57
    9.20
    9.20
    9.20
    9.20
    0.76
    0.00
    0.00
    0.00
    0.00
    0.00
   23.02
   23.02
   18.41
   18.41
   18.41
   18.41
    9.20
    9.20
   55.22
   56.07
   55.22
   55.22
    9.20
    9.20
    0.00
    0.00
    1.19
    1.08
    0.00
    0.00
    0.00
    0.00
    0.00
    0.00
    0.00
    0.00
    0.00
    0.00
    0.00
    0.00
    0.00
    0.00
    0.00
    0.00
    0.00
    1.19
    2.80
    4.62
    4.62
    4.62
    4.62
    4.62
    4.62
    4.62
    4.62
    4.62
    4.62
    4.62
    4.62
    4.62
    4.62
    4.62
    9.20
    9.20
    9.20
    9.20
    9.20
    4.62
    4.62
    4.62
    4.62
    4.62
    4.59
    2.29
    2.29
    2.29
    2.29
    2.29
    4.62
    4.62
    4.62
    5.38
    4.62
    4.62
    4.62
    4.62
    4.62
    4.62
    4.62
    4.62
    4.62
    4.62
    4.62
    4.62
    4.62
    4.62
    4.62
    4.62
    5.35
    2.55
    2.55
    2.55
    2.55
    2.44
    2.27
    2.27
    2.27
    2.27
    2.27
    2.27
    2.27
    2.27
    2.27
    2.27
    2.27
    2.27
    2.27
    2.27
    2.27
    2.27
    2.27
    2.27
    2.27
    2.27
    2.27
    2.27
    2.27
    2.27
    2.27
    2.27
    2.27
    2.27
    2.27
    2.27
    2.27
    2.27
    2.27
   10.90
    9.20
    9.20
    1.70
    2.27
    2.27
    9.77
    9.20
    9.20
    9.20
   10.17
    2.27
    2.27
    9.85
    9.20
    9.20
    9.20
    9.77
    2.27
    2.27
    9.85
    9.97
    9.20
    9.20
    9.85
    2.27
    2.27
    2.27
    2.27
    2.27
    3.03
    2.66
    2.27
    2.27
    2.27
    2.27
    2.38
    2.55
    6.63
    2.55
    2.55
    2.55
    2.38
    2.27
    2.27
    2.27
    2.27
    2.27
    2.27
    2.27
    2.27
    2.27
    2.27
    2.27
    2.27
    2.27
    2.27
    2.27
    2.27
    2.27
    2.27
    2.27
    2.27
    2.27
    2.27
    2.27
    3.03
    2.27
    2.27
    2.27
    2.27
    5.75
    9.20
    9.20
    2.27
    2.27
   10.05
    2.27
    2.27
    5.75
    9.77
    2.27
    2.27
    9.77
    9.20
    9.20
    9.20
    9.77
    2.27
    2.27
    9.20
    9.20
    9.60
    9.20
    9.20
    9.20
    9.20
    9.20
    9.20
    9.20
    9.20
    9.12
    9.20
    9.20
    9.20
    9.20
    9.23
   10.00
    9.09
    9.20
    9.20
    9.15
    9.20
    9.20
    9.20
    9.20
    9.15
    9.20
   36.53
   40.86
   35.99
   35.88
   35.88
   17.92
    8.98
   27.61
   32.22
   36.81
   36.81
   36.81
   18.41
   18.41
   18.41
   18.41
   27.38
   49.33
   37.41
   15.15
   18.29
   41.12
   41.12
   41.43
   41.43
   40.89
   18.18
   18.41
   11.36
    0.00
    0.76
   72.29
  107.60
  107.60
  108.37
  107.75
  107.83
  107.77
  110.44
  110.10
   82.80
   73.62
   73.62
    4.62
    0.00
   73.62
  110.44
  110.44
  110.44
  110.44
  110.44
  110.44
  110.44
  110.44
  110.44
  110.44
  110.44
   46.01
   78.24
  110.44
  110.44
   73.62
   73.62
   92.03
   92.03
   92.03
   69.04
   69.04
   36.81
   23.02
   28.01
   27.61
   36.81
   36.81
   27.61
    9.20
    9.20
   27.61
   27.61
   27.72
    9.83
   10.48
   10.65
   10.68
    0.59
   10.14
   28.77
   28.74
   28.83
   29.31
   15.74
   28.88
   37.83
   28.66
   28.80
   10.56
   10.79
   10.79
   15.09
   15.06
   15.06
   15.23
   15.26
   15.35
   15.35
   37.72
   37.69
   37.77
   37.72
   37.69
   15.35
   15.38
   28.88
   28.68
   28.60
   28.68
   28.66
    1.81
    1.81
   19.60
   37.80
   19.62
   15.29
    0.57
    0.00
   55.22
  110.44
  110.44
  110.44
  110.44
  110.44
   56.10
   29.00
   28.80
   69.55
   69.57
   69.49
   69.43
   69.69
   19.94
   24.18
   24.15
   24.21
   24.24
   24.18
   10.87
   10.93
   19.71
   10.59
   10.62
   10.62
   10.68
   10.93
   10.87
   15.38
   55.95
   46.78
   10.59
   37.75
   19.91
   10.79
   10.59
   10.59
   10.59
   10.79
   10.79
    1.93
    1.93
    1.93
    1.90
    1.93
    1.98
    1.98
    2.01
    2.01
   35.11
   24.55
   46.04
    2.01
    2.01
    2.01
    2.01
    2.04
    2.07
    2.04
    2.04
    2.41
    2.07
   35.88
    2.07
    2.07
    2.07
    2.07
    2.07
    2.07
    2.07
    2.07
    2.07
    2.07
    2.07
    2.07
    2.07
    2.07
    2.07
    2.07
    2.07
    2.07
    2.07
    2.07
    2.07
    2.07
    2.07
    2.07
    2.07
    2.07
    2.07
    2.07
    2.44
    2.07
    2.07
    2.07
    2.07
    2.07
    2.07
    2.07
    2.07
    2.07
    4.39
    2.49
    2.83
    2.83
    2.38
    2.12
    2.12
    2.12
    2.52
    2.12
    2.12
    2.12
    2.12
    2.12
    2.12
    2.12
    2.12
    2.55
    2.83
    2.83
    3.20
    2.75
    2.83
    2.83
    2.83
    2.83
    2.83
    2.83
    2.83
    2.83
    2.83
    2.83
    2.83
    2.83
    2.83
    2.83
    2.83
    2.83
    2.83
    3.23
    2.83
    2.83
    2.83
    2.83
    2.83
    2.83
    2.83
    2.83
    2.83
    3.17
    2.83
    2.83
    4.33
    3.20
    2.83
    2.83
    2.83
    2.83
    2.83
    2.83
    2.83
    2.83
    2.83
    2.83
    2.83
    2.83
    2.83
    3.20
    2.83
    2.83
    2.83
    2.83
    2.83
    2.83
    2.83
    2.83
    2.83
    2.83
    2.44
    2.12
    2.12
    2.12
    2.44
    4.30
    4.62
    2.10
    2.10
    2.10
    2.10
   47.23
   47.23
   47.23
   47.23
    2.01
    2.01
   56.21
   56.21
   56.21
   56.18
   56.18
    1.90
    1.90
   28.85
    1.90
    1.90
    1.90
    1.90
    1.90
    1.90
    1.90
    1.90
    1.90
    1.81
    1.90
    1.90
    1.90
    2.35
    1.90
    1.90
    1.90
    1.90
    1.90
    1.90
    1.90
    1.90
    1.90
    2.27
    1.90
    1.90
    1.90
    1.90
    1.90
    1.90
    5.80
    1.90
    1.90
    1.98
    1.90
    1.90
    1.90
    1.84
    1.90
    1.90
    1.90
    2.35
    1.90
    1.90
    1.90
    1.90
    1.90
    1.90
    1.90
    1.90
    1.90
    1.90
    1.90
    1.90
    1.90
    1.90
    1.90
    1.90
    1.90
    2.24
    1.90
    1.90
   46.81
   28.68
   28.83
    1.90
    1.90
    1.87
    1.87
   28.68
   29.02
   28.68
   28.83
   28.68
   15.40
    1.84
   28.32
   28.66
   28.66
   28.68
   28.66
    1.81
    1.78
   28.63
   28.91
   37.77
   37.66
   37.66
    1.76
    1.76
   28.74
   28.74
   28.74
    1.73
    1.76
    1.76
    1.76
    1.76
   37.75
   37.66
    1.76
    1.76
    1.76
    1.76
   19.57
   83.22
   78.72
   78.69
   19.68
   15.29
   15.29
   55.95
   37.63
   10.62
   24.04
   19.51
    1.70
    1.70
   15.26
    1.70
    1.73
    1.78
   37.69
   19.88
   19.88
   51.45
   51.42
   51.37
   19.60
   19.57
    1.78
    1.81
   29.11
    6.17
    1.81
   28.94
   37.69
   15.38
   15.38
   37.86
   37.92
   56.04
   74.16
   65.02
   33.41
   19.85
   19.88
   15.21
   19.57
   19.57
   19.57
   19.85
   31.91
   19.71
   19.71
   37.69
   37.66
   37.69
    1.76
   19.60
   19.54
   15.01
   12.52
   10.56
   10.62
    1.73
   25.12
   10.48
    1.73
    1.73
   10.48
   10.62
    1.73
    1.73
   10.62
   10.65
    1.73
    1.73
    2.21
    1.73
    1.73
    1.73
    1.76
    1.76
    1.76
    1.76
    1.76
    1.76
    1.76
    1.76
    1.76
    1.76
    1.76
    1.78
    1.70
    1.78
    1.76
    1.81
    1.81
    1.81
    1.84
    1.84
    1.84
    1.87
    1.87
    1.90
    4.87
    1.90
    1.90
    3.88
    1.93
    1.93
    1.93
    1.95
    1.95
    1.95
    1.95
    1.98
    1.98
    1.98
    1.98
    1.98
    1.98
    1.98
    2.01
    2.01
    2.01
    2.01
    2.01
    2.01
    7.02
    2.01
    2.01
    2.01
    2.01
    2.01
    2.01
    2.01
    2.01
    2.01
    2.01
    2.01
    2.01
    2.01
    2.01
    2.01
    2.01
    2.01
    2.01
    2.01
    2.01
    2.01
    2.01
    2.01
    2.01
    2.01
    2.01
    2.01
    2.01
    2.01
    2.01
    2.01
    2.01
    2.01
    2.01
    2.01
    2.01
    2.01
    2.01
    2.01
    2.01
    2.01
    2.01
    2.01
   20.08
    2.01
    2.01
    2.01
    2.01
    2.29
    2.83
    2.83
    2.83
    2.83
    2.83
    2.83
    2.83
    2.83
    2.83
    2.83
    2.83
    2.83
    2.83
    2.83
    2.83
    2.83
    2.38
    2.01
    2.01
    2.01
    2.01
    2.01
    2.55
    2.83
    2.29
    2.04
    2.04
    2.07
    2.01
    6.06
    3.82
    2.83
    2.83
    2.83
    2.83
    2.83
    2.83
    2.83
    2.83
    2.83
    2.83
    2.83
    2.83
    2.83
    2.83
    2.83
    2.83
    2.83
    2.83
    2.83
    2.83
    2.83
    2.83
    2.83
    2.83
    2.83
    2.83
    2.83
    2.83
    5.47
    2.83
    2.83
    2.83
    2.52
    2.04
    2.49
    2.83
    2.83
    2.83
    2.83
    2.83
    2.83
    2.83
    2.83
    2.83
    2.83
    2.83
    2.35
    2.07
    2.07
    2.07
    2.07
    2.07
    2.10
    2.10
    2.12
    2.12
    2.12
    2.12
    2.12
    2.12
    2.12
    2.12
    2.12
    2.12
    2.12
    2.12
    2.12
    2.12
    2.12
    2.12
    2.12
    2.12
    2.12
    2.12
    2.12
    2.12
    2.12
    2.12
    2.12
    2.12
    2.12
    2.12
    2.12
    2.12
    2.12
    2.12
    2.12
    2.12
    6.48
    6.48
    6.43
    6.63
   20.13
    6.68
    6.74
    6.60
    6.63
    6.74
    6.60
    6.60
    6.74
    6.63
    6.68
    6.74
   20.22
   60.65
    2.12
    2.12
   33.73
   24.69
   24.47
   33.70
   33.67
    2.07
    2.10
   51.40
   73.99
   73.85
   73.99
   60.29
    2.01
    2.04
   60.23
   82.69
   82.88
   83.14
   83.34
    1.95
    1.95
   69.72
   60.71
   60.51
   60.71
   83.19
   10.00
    1.87
    1.87
   83.31
   60.54
   60.65
   60.65
    1.81
    1.81
   33.50
   33.47
   37.18
   33.47
   33.47
    1.78
    1.81
    1.81
   36.44
   65.95
  110.44
   96.84
    1.78
    1.84
   38.06
   74.25
   74.16
   73.96
   74.25
   42.56
   42.56
   74.25
   47.06
   22.68
    1.93
   60.37
   56.24
   78.83
  132.13
  141.02
  141.56
  141.58
  110.44
   96.87
   96.87
   96.87
   96.87
   96.87
   96.87
   96.87
   28.85
    1.84
   47.09
   33.53
   36.50
   15.35
   15.18
    1.87
    1.87
   74.22
   74.19
   74.22
   74.25
   74.33
    2.27
    2.27
   20.30
   20.08
    1.81
    1.81
    1.84
    1.67
    1.93
   15.52
    2.01
   81.27
  164.89
  172.93
  143.88
  110.66
   63.57
   56.27
  101.23
  110.38
  110.38
   83.19
    2.04
   58.45
  150.19
  149.34
  151.81
  130.80
  109.59
  108.99
  109.16
   82.46
   83.11
   73.82
   73.77
    2.04
    2.04
   29.02
   33.58
   38.09
   19.91
   20.08
    2.10
    2.10
    2.10
    3.17
    2.07
    2.10
    3.60
    2.12
    2.04
    2.41
   10.96
   67.48
  107.43
  107.66
  107.46
  107.41
  107.24
  107.18
  108.23
   50.49
   50.21
    2.12
    2.12
   51.76
   37.66
   37.58
   37.01
   37.60
    2.27
    2.27
   15.12
   15.66
   37.63
   11.27
   11.04
    2.27
    2.27
    7.11
    2.27
    2.27
    2.27
    2.27
    2.32
    2.32
   67.73
    2.32
    2.32
    2.32
    2.32
    2.35
    2.35
   31.88
    6.85
   29.65
   28.40
    2.35
    2.35
    2.35
    2.35
    2.35
    2.35
    2.41
   45.56
    2.38
    2.38
    2.38
    6.88
    2.38
   16.14
   15.38
    2.38
    2.38
    6.77
    2.38
   28.77
   55.36
    2.44
    3.57
   82.18
  106.19
   52.58
   54.65
   66.15
  105.31
  105.31
  105.00
   67.99
  106.19
   69.29
   75.49
  105.51
  106.22
  107.12
   70.57
   73.43
   31.74
   73.48
   37.83
    2.46
    2.46
    2.83
    2.55
   73.00
   72.80
   71.58
   67.59
   72.46
   75.49
   41.51
   76.85
   81.44
   73.11
    2.49
    2.49
   55.87
   55.47
    2.46
   55.47
   55.47
    2.46
    2.49
   55.27
   54.54
   55.87
   55.78
   54.26
    2.41
    2.41
   55.08
   59.01
   56.01
   56.15
   54.79
    2.32
    2.32
   33.61
    2.32
    2.32
    2.32
   28.66
    3.45
    2.29
   20.05
   19.60
   20.90
   19.74
   18.32
    2.27
    2.27
   19.71
   21.12
   23.22
   15.66
   15.69
    2.24
    2.24
    2.24
    2.24
    2.24
    2.24
    2.24
    2.24
    2.24
    2.24
    3.17
    2.24
    2.24
    2.24
    2.24
    2.24
    2.24
    2.24
    2.24
    2.24
    3.54
    2.44
    2.46
   38.37
   72.75
   73.11
   40.29
   38.26
    2.41
    2.44
   79.43
  110.04
   94.13
   33.30
   33.41
    2.35
    2.41
    2.61
  123.97
  121.37
  108.91
  108.91
  108.85
  108.06
  108.79
  108.68
  108.96
  109.05
  108.93
   15.55
   15.94
   80.96
   81.30
   82.60
   82.29
   83.05
    2.15
    2.15
   15.60
   15.12
   15.38
   15.72
   15.66
    2.15
    2.24
   15.69
   15.57
   16.08
   15.49
   15.69
    2.15
    2.15
   15.55
   20.11
   28.94
   29.62
   28.52
    2.12
    2.12
   68.47
   64.02
   64.34
   64.73
   64.93
    2.04
    2.04
   78.81
   78.41
   78.61
   78.64
   36.36
    2.01
    2.01
   78.38
   78.61
   78.35
   79.74
   78.21
    1.90
    1.90
   64.65
   47.12
   47.37
   46.61
   65.04
    1.87
    1.87
   37.97
   65.13
   64.82
   64.76
   65.21
    1.78
    1.78
   47.94
   69.86
   83.28
   61.87
   96.87
   46.84
   73.45
    1.70
    1.70
    1.70
    1.70
    1.70
    1.70
    1.73
    6.26
    6.65
   75.04
   61.14
   69.21
    1.76
    1.76
   46.55
   65.50
   73.74
   46.78
   73.62
   28.74
   28.91
   37.89
   37.80
   36.64
   19.43
    1.76
    1.78
    1.84
   70.74
   68.75
   19.91
   55.95
   69.18
    1.87
    1.87
   65.21
   83.03
   92.28
   92.34
   91.94
   22.37
    1.95
  101.15
  130.29
  130.26
  130.26
  130.26
   33.67
   90.13
  161.94
  170.30
  167.95
  127.62
   21.80
  148.66
  168.66
  168.97
  169.36
  161.26
   68.72
  110.44
  110.10
  110.18
  110.12
   62.86
   71.58
  110.44
  108.09
  110.44
  110.46
   33.47
    1.84
    1.87
    1.87
    1.87
    1.93
    1.98
    2.01
    2.04
    2.04
    2.12
    2.10
   82.35
  141.98
   96.42
   51.40
   51.25
   51.20
   43.66
   34.80
   34.77
   26.56
   18.46
   18.46
   18.46
   10.34
    2.18
    2.10
    1.93
    1.93
    2.04
    2.10
    2.18
    2.24
    2.27
    2.27
    2.27
    2.27
    2.27
    2.32
    2.32
    2.32
    2.32
    2.97
   50.74
   47.26
   15.29
    2.29
    2.32
   28.91
    2.35
   15.86
   20.30
   15.49
    2.35
    2.35
   11.36
   11.50
   28.74
    2.41
   10.59
    2.41
    2.46
   29.17
   36.81
   38.09
   36.81
   37.18
    2.46
    2.46
   45.39
   44.97
   46.52
   45.62
    2.44
    2.44
    2.44
   46.10
   15.89
   40.58
   41.80
   40.46
    2.41
    2.41
    2.41
    2.44
   20.08
   46.38
   47.06
    2.41
    2.41
    2.41
    2.41
    2.41
    2.44
    2.44
    2.44
    2.44
    2.44
    2.44
   11.10
   11.16
   11.95
    3.54
    2.44
    2.44
    2.44
    2.44
   17.16
    2.46
    2.46
    2.46
   33.36
   29.22
   29.39
   28.52
   29.25
    2.44
    2.44
   16.00
    2.44
    2.44
   19.85
    2.44
    2.44
    2.44
   28.40
   12.46
   19.79
   28.57
   31.63
    2.44
    2.44
    5.61
   33.64
   33.16
   32.79
   41.77
    3.51
    2.18
    2.15
    2.49
    2.49
    2.49
    2.49
    2.49
    2.49
    2.49
    2.49
    2.49
    2.49
    2.49
    2.49
    2.49
    2.49
    2.49
    2.49
    3.14
    3.45
    3.45
    3.45
    3.45
    3.45
    3.45
    3.45
    3.45
    5.89
    4.30
    3.45
    3.45
    3.45
    3.45
    3.45
    3.45
    3.45
    3.45
    3.45
    3.45
    3.45
    3.45
    3.45
    3.45
    3.45
    3.45
    3.45
    3.45
    3.45
    3.45
    3.45
   30.38
   27.84
   28.18
   35.28
   22.17
    3.45
    3.45
   28.71
   32.20
   32.20
   28.66
   27.58
    3.45
    3.45
    3.45
   12.20
    3.45
    3.45
    3.45
    3.45
    3.45
   11.24
    6.60
    8.30
    2.97
    6.54
    6.54
    6.46
    6.43
    6.43
   23.02
   23.02
   23.45
    6.51
    2.24
    6.60
   36.76
   65.53
   28.18
   28.15
    2.18
    2.18
   23.56
   23.70
    6.68
   29.08
   29.31
    2.15
   15.43
   23.62
    2.12
    2.12
   45.31
    2.12
    2.12
    2.12
   19.09
   18.83
   19.20
   19.37
   19.28
    2.10
    2.10
    2.10
   19.40
   45.34
   55.13
   54.40
    2.07
   19.23
   19.71
   19.20
   19.20
    2.04
    2.04
   19.45
    2.04
   20.30
    2.04
    2.04
   54.54
   54.65
    2.01
    2.01
   54.85
   54.59
   72.18
   55.05
   55.30
    2.04
    2.04
   72.41
   72.89
   72.63
   73.82
   73.74
   37.97
   38.00
   73.77
   73.74
   36.95
   74.02
   10.79
    1.95
  623.88
  735.22
  425.32
  334.93
  281.78
  254.94
  188.39
   83.65
    1.30
   27.24
  141.81
  177.94
  175.79
  175.65
  175.00
  126.15
  106.27
  106.73
   90.08
   64.56
  107.55
  108.26
  108.54
  108.68
  109.27
  108.93
  109.10
  108.96
  108.79
   84.89
  109.36
  110.86
   23.19
    1.76
    1.76
    1.76
   46.35
    1.76
    1.76
   51.42
    1.76
    1.76
    1.76
   11.04
   10.82
   10.68
   10.73
   24.35
    1.76
    1.76
   10.85
   10.82
   10.59
   10.85
   28.94
   29.22
    2.35
    2.35
   11.04
  166.02
  118.48
  122.84
  123.09
  121.99
  121.37
  166.02
  181.26
  195.56
  150.50
  117.32
  116.61
  116.18
  150.39
  186.49
  183.97
  146.31
  110.01
  109.02
  105.88
   90.42
   89.85
  105.65
   84.13
   22.31
   22.31
   22.31
   22.31
   54.96
   46.98
    5.07
    3.40
    3.43
   17.73
   31.71
   30.38
   23.47
    3.43
   25.43
   75.55
  108.79
  108.26
  107.55
  106.84
   69.94
   33.70
   32.28
   33.70
   51.42
   69.09
   68.87
   23.42
    4.84
    4.84
   20.59
   36.39
   78.81
  111.12
  110.49
  109.81
  109.05
   48.14
   12.69
    6.88
    6.88
    6.88
    6.88
    6.88
    6.88
   33.95
   59.98
   58.93
   32.82
    6.88
    6.88
   55.78
   66.26
   32.28
   41.31
   29.96
    4.84
    2.32
    3.71
   20.53
   22.12
   19.40
   20.22
    2.44
    2.41
   50.74
  108.51
   73.14
   46.72
   47.80
    2.41
    2.41
    2.41
   45.96
   44.94
   52.61
   53.86
   44.66
   41.31
   52.53
   53.21
    3.11
    2.32
    2.32
    2.32
    2.32
    2.32
    2.32
    2.32
   23.56
   66.35
    3.54
    2.41
   41.48
   41.31
   41.17
   41.09
   41.54
    2.32
    2.35
   41.46
   41.51
   40.78
   41.63
   40.49
    2.29
    2.29
    2.29
   45.05
    2.29
    2.29
   23.05
    2.29
    2.29
    2.32
    2.32
    2.32
    2.32
    2.32
    2.32
    2.32
    2.32
    2.32
    2.10
    2.32
    2.32
    3.85
    2.32
    2.80
    2.32
    2.32
    2.32
    2.35
    2.35
    2.35
    2.35
    2.35
    6.57
    6.82
    6.85
    2.35
    2.35
    6.85
    6.85
   10.96
    3.34
    8.07
    2.35
    2.35
    6.68
    6.82
    6.57
   10.17
    6.68
    3.45
    2.32
    9.57
    6.51
    6.46
    6.46
    6.65
    2.32
    2.32
    6.68
    6.68
    6.71
    6.71
    6.63
    2.32
    2.32
    2.32
    6.71
    6.80
    6.80
    6.80
    2.29
    2.29
    6.77
    6.80
    6.80
    6.80
    6.74
    2.29
    2.29
    7.14
    6.71
    6.77
    6.77
    6.77
    2.27
    2.27
    6.77
    6.77
    6.31
    7.56
    6.77
    2.27
    2.27
   47.94
   56.46
    6.71
    6.60
    6.46
    2.21
    2.21
    6.71
    6.51
    6.60
    6.71
    6.57
    2.18
    2.18
    6.60
    6.68
    7.14
    6.54
    6.40
    2.21
    2.18
    6.37
    6.68
    6.68
    6.65
    6.68
    2.18
    2.27
   10.99
   11.07
   12.15
   10.85
   11.10
    2.18
    2.18
   36.76
   37.63
   37.41
   37.01
   37.38
   19.77
   20.13
   19.77
   19.71
   19.54
   19.85
   19.79
    2.04
    2.04
   10.76
   19.06
   20.53
   19.77
    2.04
    2.04
   19.65
   37.92
   38.68
   56.97
    2.01
    2.01
    2.01
    2.04
   45.73
  146.26
  190.63
  189.95
  188.51
  187.94
  186.38
  184.65
  184.77
  184.09
  182.90
  181.60
  183.15
  182.42
  180.92
  180.01
  178.96
  177.74
  135.30
   45.36
    2.52
   56.35
   46.92
   36.90
   69.60
   63.83
    1.84
    1.84
   95.91
  107.60
  109.36
  109.56
  109.76
   74.76
  108.91
  105.76
  108.91
   73.54
   73.74
   74.11
   37.94
   37.75
   91.55
   91.24
   91.49
   91.32
   91.92
   46.07
   19.11
   55.16
   17.02
   15.52
   15.35
   15.15
    1.78
    1.78
   15.23
   23.56
   24.27
   28.37
   28.91
    1.78
    1.78
   27.21
   27.64
   24.04
   23.90
   24.38
    1.78
    1.78
   15.23
   15.35
   15.94
   15.38
   14.95
    1.78
    1.81
    1.81
    1.81
    1.81
    1.84
    1.84
    1.84
    1.84
    1.84
   24.04
   32.85
   82.63
   81.95
   19.99
   19.91
   51.28
   68.41
   69.23
   68.53
   68.78
    6.23
    6.40
   15.32
   15.26
   12.49
   34.09
   33.44
    1.90
    1.90
   15.01
   15.43
    1.87
   24.32
   46.72
    1.90
    1.90
    1.90
    1.93
    1.93
    1.93
    1.93
    2.21
    1.95
   19.71
   46.33
   38.99
   37.89
   38.40
    1.93
    1.84
    6.26
    6.46
    6.17
    6.34
    6.71
    1.95
    1.95
    1.95
   19.82
   38.77
   29.36
    1.95
    1.95
    1.98
    1.98
    1.98
    1.98
    2.04
    2.04
    2.04
    2.04
    2.04
    2.04
    2.04
    2.04
    2.04
    2.04
    2.04
    2.04
    2.04
    2.10
    2.12
    2.12
    2.10
    2.10
    2.10
    2.10
    2.12
    2.12
    2.12
    2.12
    2.12
    2.12
    2.12
    2.12
    2.12
    2.12
    2.12
    2.12
    2.12
    2.12
    2.12
    2.12
    2.12
    2.12
    2.12
    2.12
    2.12
    2.12
    2.15
    2.15
    2.18
    2.18
    2.18
    2.18
    2.24
    2.24
    2.24
    2.24
    2.24
    2.27
    2.27
    2.27
    2.27
    2.29
    2.32
    2.32
    2.32
    2.32
    2.32
    2.35
    2.35
    2.38
    2.38
    2.38
    2.38
    2.38
    2.38
    2.38
    2.41
    2.41
    4.56
    6.91
    6.91
    6.91
    6.91
    6.91
    6.91
    6.91
   15.55
   24.18
   24.18
   15.55
    6.91
    6.91
   15.55
   24.18
   24.18
   24.18
   15.55
    6.88
    6.88
   15.52
   20.78
   23.87
   23.87
   15.38
    6.88
    6.88
   15.38
   23.87
   23.87
   23.87
   15.38
    6.88
    6.88
    6.88
    6.88
    6.88
    6.88
    6.88
    6.88
    6.88
    6.88
    6.88
    6.88
    5.78
    4.84
    4.84
    4.84
   13.25
    6.88
    6.88
    6.88
    6.88
    6.88
    6.88
   15.35
   23.59
   23.59
   23.59
   15.23
    6.88
    6.88
    6.88
   15.23
   23.59
   23.59
   11.98
    6.88
    6.88
   15.23
   23.59
   23.59
   23.56
   15.91
    6.82
    6.82
   15.04
   23.25
   23.25
   23.53
   15.18
    6.82
    6.82
    6.82
    6.82
    6.82
    6.82
    6.82
    6.82
    6.82
   12.40
   23.53
   22.54
   21.52
   13.17
    4.81
    4.81
    4.81
    4.81
    4.81
    4.81
    3.82
    2.18
    2.18
   21.49
   34.83
   31.23
   32.56
   19.57
    2.15
    2.24
   22.94
   53.43
   27.95
   53.58
   52.39
    2.12
    2.12
   22.46
   23.39
   23.76
   19.91
   52.05
   52.02
   51.65
   52.27
   52.47
   53.07
   52.16
   52.95
    2.07
    2.07
   51.37
   52.87
   56.92
   45.05
   55.13
   34.57
   35.06
   55.30
   55.64
   57.31
   34.01
   58.13
   35.48
   35.14
   57.40
   56.89
   58.50
   57.51
   57.09
   36.30
   31.43
   58.67
   56.46
   55.44
   50.23
   56.55
   31.04
   32.05
   56.83
   58.19
   58.05
   57.88
   57.51
    6.03
    6.09
   58.39
   58.98
   58.28
   56.83
   60.80
   56.21
   56.41
   59.64
   56.78
   58.19
   56.86
   56.69
   56.69
   56.89
   77.53
   77.31
   79.12
   79.03
   78.75
   23.19
   23.33
   66.43
   68.02
   70.17
   70.59
   70.03
   22.94
   23.13
   36.70
   40.38
   40.27
   67.93
   66.83
   53.89
   67.39
   36.27
   35.85
   58.08
   59.13
   66.94
    1.76
    1.76
    2.07
    1.78
    1.78
    1.81
    1.84
    1.84
    1.81
   27.44
   27.21
   27.33
   14.44
   15.12
    1.81
    1.81
   14.61
   14.24
    1.81
   46.07
   23.93
    1.81
    1.81
    1.81
    1.81
    1.81
    1.84
    1.84
    1.84
    1.84
   14.75
    1.84
    1.84
    1.84
    1.84
    1.87
    1.87
    1.90
    1.90
    1.90
    1.90
    1.90
    1.90
    1.90
   22.71
   23.22
    1.90
    1.93
    1.93
    1.95
    1.95
    1.95
    2.10
   35.57
  103.92
  104.80
  104.66
  104.63
  104.74
  104.91
  104.63
  104.49
  104.49
   28.20
   27.52
   45.00
   44.85
   45.51
   46.47
   45.76
    2.18
    2.18
   35.76
   66.52
   47.06
   46.47
   46.44
   33.13
    2.18
    2.18
    2.18
    2.18
    2.18
    2.18
    2.18
    2.18
   18.43
   19.43
   19.40
   19.28
   19.06
    2.32
    2.32
    2.58
   69.32
  106.61
  106.50
  106.30
  106.10
   59.07
   79.60
   24.04
   23.79
   24.38
   19.11
    2.41
    2.41
   11.21
   14.98
   41.63
   41.68
   14.89
    2.46
   21.04
   24.35
   24.18
   23.67
   24.01
   23.76
    2.38
    2.44
    2.46
   70.14
  106.24
   92.34
   23.84
    2.41
    2.41
   11.30
   11.07
   15.60
   11.27
   19.65
    2.41
    2.41
   11.02
   31.63
   11.19
   11.13
   13.42
    2.41
    2.41
   11.19
   11.84
   11.19
   11.24
   11.04
    2.41
    2.41
   19.77
   24.13
   37.80
   33.07
    2.41
    2.41
    2.38
    2.41
   20.11
   24.55
   24.58
   24.24
    2.35
    2.35
   19.94
   24.44
   24.55
   20.42
   24.15
    2.32
    2.32
   11.50
   11.24
   10.65
   11.21
   11.10
    2.32
    2.32
   11.21
   11.21
   11.27
   11.07
   11.27
    2.27
    2.27
    6.77
    6.74
    6.68
    6.65
    6.63
    2.27
    2.27
    6.68
    6.65
    6.09
    6.43
    6.00
    3.11
    3.45
    7.05
    6.77
    6.57
    6.60
    6.57
    2.24
    2.24
    6.57
    6.57
    6.60
    5.75
    6.68
    2.24
    2.24
    6.65
   14.58
   21.89
   22.65
   10.68
    2.18
    2.18
    2.18
   15.72
   16.25
   15.04
   11.19
    2.18
    2.18
    2.18
    2.18
    2.18
    2.18
    2.18
    2.18
    2.18
    2.18
    2.18
    2.18
    2.18
    2.18
    2.18
    2.18
    2.18
   11.10
    2.18
    2.18
    2.18
    2.18
    2.18
    2.18
    2.18
    2.18
    2.18
    2.18
    2.18
    2.18
   15.23
   11.02
   10.96
   10.96
   10.93
    2.15
    2.15
   10.93
   10.93
   11.13
   10.93
   10.93
    2.15
    2.15
   37.77
   37.72
   18.41
   11.10
   11.13
    2.10
    2.18
   11.04
   24.47
   41.99
   43.35
   42.25
    2.04
    2.04
   42.16
   42.31
   42.14
   42.33
   41.91
    1.98
    1.95
   41.99
   53.09
   55.61
   55.70
   55.95
   42.25
   42.25
   73.99
   68.07
   64.85
   19.82
   19.79
   19.77
   19.57
    1.81
    1.84
    1.84
    1.84
   24.32
    1.84
    1.84
   42.42
   51.56
   50.83
   51.20
   51.11
   24.15
   24.21
   68.87
   73.62
   67.93
   69.35
   68.41
    1.76
    1.76
   33.33
   51.20
   55.67
   51.11
   51.17
   37.86
   37.72
   19.71
   19.77
   19.74
   58.28
   37.89
    1.73
    1.73
   19.68
   20.93
   37.83
   37.63
   37.86
    1.73
   24.13
   69.26
   78.30
   77.79
   33.16
   33.36
   33.36
   35.42
   33.41
   37.80
  109.59
  109.59
   87.47
    2.07
    1.70
    1.73
    1.73
    1.73
    2.44
    1.78
    1.84
    1.87
   37.58
   82.43
   82.69
   82.86
   82.46
   15.26
    1.81
   46.64
   15.32
    2.12
   24.32
    2.04
   37.75
  151.41
  211.47
  219.97
  220.25
  218.15
  215.94
  165.60
   89.06
   54.45
   65.24
   29.05
  138.04
  191.62
  217.59
  215.72
  175.11
    8.72
   78.72
  113.52
  112.76
   82.20
   83.34
   86.71
   10.85
    3.85
   56.15
  112.05
  111.71
  110.75
   47.15
   48.48
   20.76
   20.53
   20.02
    1.95
    1.95
   20.05
   20.05
   19.94
   20.02
   21.15
    2.01
    2.07
   54.65
  147.50
  185.90
  185.28
  185.05
  184.23
  175.71
  182.50
   85.06
   55.93
  143.40
  181.57
  140.28
   92.45
   72.86
   88.83
  154.64
  201.13
   95.37
   83.99
  111.00
  111.00
  111.00
  111.00
  110.04
  109.59
   29.08
   28.57
   29.02
   28.91
   28.94
   69.69
   33.67
    2.21
    2.24
   15.72
   15.69
   15.52
   15.63
   15.69
    2.24
    2.24
   15.77
   11.30
   11.27
   11.33
   11.33
    2.32
    2.32
    2.32
    2.35
    9.26
    2.21
    2.35
    2.35
    2.35
    2.35
    2.35
    2.35
    2.38
    3.11
    2.38
    2.38
   19.91
    2.41
    2.41
    2.41
    2.41
    2.41
    2.41
    2.44
   15.35
   30.24
   25.00
   24.38
    2.44
    2.44
   32.62
   11.24
   11.27
   11.30
   11.13
    2.41
    2.41
   10.90
   16.31
   16.34
   11.67
   11.61
    2.41
    2.41
   53.94
   52.95
   47.35
   46.67
   47.23
    2.38
    2.38
    2.41
   20.13
   20.39
   20.90
   20.27
    2.41
    2.38
   11.38
   38.09
   20.22
   20.42
   20.19
    2.41
    2.41
   20.42
   20.30
   41.40
   33.67
   33.90
    2.41
    2.38
   33.90
   15.89
   15.89
   15.89
   24.83
    2.38
    2.41
   24.81
   24.86
   24.86
   33.87
   24.86
    2.35
    2.35
   29.36
   29.87
   29.08
   29.22
   29.34
    2.32
    2.32
    2.32
   17.05
   15.83
   15.83
   42.87
    2.32
    2.32
   20.33
   20.33
   20.16
   20.33
   20.13
    2.29
    2.29
   24.72
   24.81
   24.66
   24.24
   24.78
    2.24
    2.27
    2.27
   15.77
   15.72
   15.77
   15.77
    2.24
    2.24
    2.24
    2.24
    2.24
   29.28
    2.24
    2.24
    2.24
    6.68
    6.74
    5.61
    2.24
    2.24
    2.24
    2.24
    2.24
    2.24
    2.24
    2.24
    2.24
    2.24
   15.77
    2.24
    2.24
    2.24
   24.78
   24.47
    2.24
    2.24
   24.78
   24.78
   24.78
   24.78
   24.75
    2.21
    2.21
   33.84
   33.78
   33.75
   33.75
   33.75
    2.18
    2.18
   40.29
   40.46
   42.67
   45.02
   42.73
    2.10
    2.18
   41.60
   41.97
   40.04
   42.70
   42.67
    2.04
    2.04
   42.67
   42.67
   42.67
   65.24
   65.24
   29.05
    1.93
   64.96
   82.91
   65.13
   69.72
   68.78
   29.00
    1.84
   83.28
   83.28
   78.75
   33.47
   47.03
   47.03
   47.03
   60.63
   87.78
  110.44
  110.44
  110.44
  105.91
   19.79
  110.44
  110.44
  110.44
   78.69
   46.95
    1.61
   37.89
   46.95
   51.48
   51.48
   51.48
    1.61
    1.61
    1.61
   26.14
   24.30
   23.13
   24.30
   24.30
    1.61
    1.61
   19.71
   19.74
    1.61
    1.61
    1.61
    1.61
    1.61
    1.61
   28.83
   28.83
   28.83
   10.62
    1.61
    1.61
    1.61
    1.61
    1.64
    1.64
    1.64
    1.64
    1.64
   46.98
   51.51
   42.45
   51.48
   52.33
    1.67
    1.67
   15.26
   15.26
   15.21
   15.26
   15.26
    1.67
    1.67
   24.35
   24.35
   24.35
   24.35
   24.35
    1.70
    1.70
   19.82
   19.82
   19.82
   19.82
   19.82
    1.70
    1.70
   37.94
   10.76
   10.76
    1.70
   19.85
    1.73
    1.76
    1.76
   19.88
   19.88
   19.68
   19.88
    1.78
    1.78
   19.65
   10.59
   10.85
   42.53
   42.53
    1.78
    1.78
   10.62
   10.65
   37.89
   65.86
   82.43
   82.18
   83.14
   83.28
   78.58
   83.31
   15.26
   15.29
    1.87
    1.87
   15.35
   15.43
   15.43
   15.43
   15.43
    1.87
    1.87
    1.87
    1.90
    1.90
    1.90
    1.90
    1.90
    1.90
    1.90
    1.90
    1.90
    1.90
    1.90
    1.90
    1.90
    1.90
    1.90
    1.87
    1.90
    1.90
    1.93
    1.93
    1.93
    1.93
    1.81
    1.95
    1.95
    1.98
    2.01
    2.01
    2.04
    2.04
    2.04
    2.04
    2.04
    2.04
    2.04
    2.07
    2.07
    2.07
    2.12
    2.12
    2.12
    2.12
    2.10
    2.12
    2.12
    2.12
    2.12
    2.12
    2.12
    2.12
    2.12
    2.12
    2.15
    2.18
    2.18
    2.18
    2.18
    2.18
    2.18
    2.18
    2.18
    2.18
    2.18
    2.18
    2.18
    2.18
    2.18
    2.21
    2.21
    2.21
    2.21
    2.21
    2.21
   37.77
    2.21
    2.21
    2.21
    2.21
    2.21
    2.21
    2.21
    2.21
    2.18
    2.21
    2.21
    2.21
    2.24
    2.24
    2.24
    2.24
    2.24
    2.24
    2.24
    2.24
    2.24
    2.24
    2.24
    2.18
    2.27
    2.66
    2.38
    2.27
    2.27
    2.27
   11.02
   11.13
   10.68
   10.93
   19.77
    2.24
    2.24
   19.96
   10.79
   10.96
   12.06
   11.02
    2.24
    2.24
    2.24
    2.24
    2.24
    2.24
    2.24
    2.24
    2.24
   15.40
   15.40
    2.24
    2.24
    2.24
    2.24
    2.24
   19.79
   15.06
   28.63
   32.96
   32.85
    2.24
    2.24
   41.74
   42.33
   24.75
   24.52
   24.72
    2.18
    2.18
    2.18
    2.18
    2.46
   10.76
   15.12
    2.18
    2.18
   15.40
   15.60
   15.69
   15.72
   15.72
    2.12
    2.12
    2.12
    2.12
    2.12
    2.12
    2.12
    2.12
    2.12
    2.12
    2.12
    2.12
    2.15
    2.15
    9.91
    2.18
    2.18
   28.83
   28.40
    2.18
    2.18
    2.18
    2.18
    2.18
    2.18
    4.36
    2.18
    2.18
    2.18
    2.18
   19.96
   19.68
    2.18
    2.24
    2.41
   64.11
   54.71
  105.37
   71.98
   83.03
   81.41
   82.46
   54.79
   54.88
   61.76
   55.42
   53.72
   56.78
   55.93
    2.12
    2.12
   38.03
   38.03
   55.36
   42.16
   38.17
    2.07
    2.15
   55.47
   69.80
   69.77
   68.61
   69.32
    2.04
    2.04
    2.04
   19.62
  108.99
  110.44
   83.39
    9.06
   28.09
  108.48
  110.44
  110.44
  110.44
  110.44
   83.36
   83.36
  110.44
  110.44
  110.44
   92.37
   91.24
   83.31
   87.84
   38.45
   60.51
   74.25
   74.25
   60.68
    1.87
    1.90
   73.11
   74.25
   74.25
   73.60
   74.25
    1.81
   15.43
   83.28
   83.28
   74.22
   63.20
   64.59
    1.76
    1.76
   55.70
   56.10
   71.70
   74.22
   55.61
   55.30
   37.97
   42.50
   74.13
   74.08
   73.06
   77.70
   15.23
   15.29
    1.70
   72.80
   83.25
   83.25
   55.90
    1.70
    1.73
   60.63
   60.63
   60.63
   60.63
   83.25
   61.79
   60.63
  110.44
  110.44
   54.68
    1.76
   83.28
   83.25
   22.14
   60.63
   60.63
   64.02
   83.25
   83.25
   83.28
   42.50
   65.16
   37.97
   69.69
   87.78
   83.25
   28.91
   24.27
  110.24
  110.44
   42.25
   16.42
    6.23
    1.73
    1.76
   42.50
   42.50
   19.88
   19.88
   19.88
   15.35
   15.35
   56.10
   42.53
   42.53
   42.53
   19.88
    1.78
    1.78
   42.53
   42.53
   42.53
   42.53
   65.16
   63.63
   28.94
   65.16
    1.76
    1.76
   30.07
   65.19
   92.34
   47.06
   47.09
    1.84
    1.87
    1.87
    1.87
    1.90
    1.90
   24.44
   74.25
   46.52
   47.18
   22.31
   20.08
    2.01
    9.57
   38.17
   38.17
   74.30
   73.37
    2.10
    2.10
   54.93
   56.15
   73.74
   74.19
   20.16
   38.20
   41.48
   74.19
   76.57
   38.17
   24.61
   20.11
    2.04
    2.07
    2.07
    2.07
    2.07
   24.64
   20.13
    2.07
    2.12
    2.15
    2.21
    2.24
    2.27
    2.27
    2.29
    2.29
   50.57
   69.63
   73.26
   28.94
   29.28
    2.27
    2.29
    2.29
    2.32
   37.89
   69.89
   51.31
    2.29
    2.29
    2.32
    2.32
    2.32
    2.32
    2.35
    2.35
    2.35
   20.13
    2.35
    2.35
   11.24
    2.35
    2.38
    2.38
    2.38
   20.13
   20.13
   20.16
   20.19
    2.38
    2.38
    6.82
    6.82
    6.82
    6.82
    6.74
    2.38
    2.38
    2.38
    2.35
    2.38
   37.92
   37.55
    2.38
    2.38
   20.22
    2.38
    2.38
   19.96
   28.88
   29.25
   28.66
   18.92
   15.55
    2.32
   15.23
   15.43
    2.32
    2.32
   30.84
   11.10
    2.32
    2.32
    2.32
    2.32
    2.32
   11.21
    2.32
    2.32
    2.32
    2.32
    2.32
    2.32
    2.32
   17.92
   11.10
    2.32
    2.32
    2.32
    2.32
    2.32
    2.32
    2.38
    2.32
    2.38
    2.38
    2.38
    2.38
    2.41
    2.41
    2.41
    2.41
    2.41
    2.38
    2.38
    2.44
    2.44
    2.44
    2.44
    5.13
   20.33
   46.78
   46.92
   43.49
   46.58
   47.40
    2.38
    1.78
   36.93
   47.32
   47.35
   47.37
   33.84
    6.80
    2.32
   20.33
   20.33
   20.44
   20.19
   20.30
    2.27
    2.27
    2.27
   20.39
   20.08
   24.01
   20.08
    2.24
    2.24
   28.12
   45.53
   45.02
    2.24
    2.24
    2.24
    2.24
    2.24
   19.79
   20.27
   20.27
   20.27
    2.24
    2.24
    2.24
    2.24
    6.74
   24.81
   24.78
    2.24
    2.24
   33.81
   32.88
   38.23
   44.54
   33.78
    2.24
    2.24
   42.73
   42.82
   42.79
   42.73
   38.26
    2.18
    2.18
   46.44
   56.29
   55.81
   56.27
   56.24
    2.04
    2.04
   65.10
   65.27
   65.27
   65.07
   65.24
    1.95
    2.04
   65.24
   65.10
   65.21
   65.21
   78.78
   24.47
   19.96
   65.19
   65.21
   66.15
   65.19
   65.16
   19.88
   19.88
   65.16
   69.66
   65.16
   78.75
   83.25
   37.89
    1.73
   69.66
   70.74
   69.66
   69.66
   69.66
   19.79
   19.77
   69.63
   74.16
   69.57
   69.57
   69.63
   28.80
   28.83
   83.25
  110.44
  110.44
  110.44
  110.44
  110.44
  110.44
  110.44
  110.44
  110.44
  110.44
  110.44
   78.66
   87.75
   46.89
   30.58
   37.80
   51.42
   14.98
    1.50
    1.50
    1.50
    1.50
    1.53
    1.53
    1.53
    1.53
    1.56
    1.56
    1.59
    1.59
    1.61
    1.61
    1.64
    1.64
   69.63
   43.58
   37.92
   37.83
   95.97
   96.84
   96.84
   96.84
   65.92
   55.98
   28.60
   46.50
   46.95
   15.21
   41.65
   33.36
   24.30
   28.83
   33.36
    1.64
    1.67
   33.36
   37.75
   82.52
   82.71
   82.97
    1.70
    1.70
   27.69
   28.88
   28.37
   51.11
   47.01
    1.73
    1.73
   47.03
   47.03
   47.03
   47.03
   47.03
    1.73
    1.73
   19.88
   19.79
   19.85
   19.88
   15.89
    1.76
    1.76
   28.74
   28.94
   28.23
   28.66
   28.37
    1.81
    1.84
    1.93
   55.81
   33.56
   92.40
  110.38
  110.38
  110.32
  110.44
   74.30
   83.34
   83.34
   83.34
    2.01
    2.04
   83.34
   83.34
   83.31
   83.34
   83.34
    2.04
    2.10
    2.12
    2.07
    2.15
   87.87
   82.20
   29.19
   29.19
   60.80
   60.77
   60.77
   29.14
   29.14
    2.04
    1.98
   24.66
   38.20
   33.58
   33.67
   35.14
    2.07
    2.07
   29.17
   20.13
    2.07
    2.07
    2.07
    2.07
    2.07
    2.07
    2.07
    2.12
    2.12
    2.12
    2.12
    2.12
    2.15
    2.18
    2.18
    2.18
    2.18
    2.21
    2.32
    2.32
    2.41
   24.32
   42.08
   42.11
    2.38
    2.41
   15.72
    2.41
    2.41
    2.41
    2.41
    2.41
    2.44
   11.27
   11.38
   10.96
   10.96
   10.93
    2.41
    2.41
    2.44
   29.42
   68.58
   69.01
   37.92
    2.41
    2.41
   81.84
   82.37
   81.81
  107.60
   59.75
    2.41
    2.44
   82.43
  109.53
  110.44
  110.44
  109.98
  109.84
   99.42
  109.42
   73.60
  106.22
  109.02
   82.35
    2.35
    2.38
   55.78
   33.50
   28.77
   29.00
   27.84
    2.41
    2.41
   60.15
   65.02
   64.73
   38.11
    2.38
    2.38
    2.38
   20.27
   24.75
    2.38
    2.38
    2.38
    2.41
    2.41
   24.69
   24.69
   38.03
   29.36
   29.14
    2.32
    2.32
    2.32
   24.72
   24.83
   20.33
   20.33
    2.29
    2.29
   38.11
    2.29
    2.29
    2.29
    2.29
    2.29
    2.29
    2.21
    2.29
    2.29
    2.29
    2.29
    2.29
    2.29
    2.29
   24.75
   24.72
   24.69
   20.19
    2.27
    2.27
   42.82
   24.75
    2.27
    2.27
    2.27
    2.27
    2.27
    2.27
    2.27
    2.27
   20.30
   20.27
    2.24
    2.24
    2.24
   48.39
   20.25
    2.21
    2.21
    2.21
    2.21
   29.11
   28.91
   15.63
   15.63
   15.66
    2.18
    2.18
   15.72
   15.72
   24.75
   23.08
   24.69
    6.63
    2.12
   26.02
   24.66
    2.12
    2.12
   56.04
    2.15
    2.15
   29.22
   28.43
   33.70
    2.12
    2.12
    2.12
    2.12
   23.98
   25.94
   28.88
   15.91
   11.07
    2.12
    2.12
   73.17
  110.44
  110.44
  110.44
  109.98
  110.44
  110.44
  110.38
   98.17
  110.44
  110.44
  105.85
  100.44
  114.26
  100.58
  109.95
  110.44
  110.44
  109.98
   96.31
  110.44
  110.29
  107.94
  106.05
  110.12
  110.44
  110.44
  110.44
  110.44
  110.44
  110.44
  110.44
   95.31
   50.43
   19.20
   14.27
   13.14
    5.80
   45.05
   31.40
   35.57
   22.54
   23.36
   23.76
   19.03
   18.63
   19.00
   14.13
   13.76
   26.65
    9.83
   14.02
   14.50
   22.71
   14.19
   11.89
   49.21
   47.29
   12.71
   16.68
   14.50
   14.22
   14.05
   14.27
   14.13
   13.88
   26.90
   24.10
    1.33
    1.33
   27.81
   27.33
   27.86
   32.08
   30.13
   31.69
   31.23
   18.72
    9.91
   10.31
    1.33
    1.33
    1.33
    1.33
   10.36
   10.28
    1.36
   83.17
  110.44
  109.98
  109.50
  109.44
  108.99
   19.51
  101.06
   42.33
   37.63
   37.04
   55.93
   55.76
   55.67
   25.00
   73.74
   55.39
    1.50
   21.44
   19.60
   19.43
   19.31
   19.60
    1.50
    1.50
    1.50
    1.53
    1.56
    1.59
    1.61
   48.05
    1.61
    1.61
   33.02
   58.25
   55.42
   60.03
    1.64
    1.64
   73.71
   78.55
   51.25
   15.09
   15.04
    1.64
    1.64
    1.67
    1.67
    1.67
    1.70
    1.70
    1.70
    1.73
    1.73
    1.73
   41.71
   42.50
   42.33
   10.59
    1.81
   83.31
  110.44
  110.44
   87.02
   83.03
   55.93
   26.56
   61.25
   69.72
   69.69
    1.84
    1.90
   29.99
   28.26
   56.21
   30.21
   29.36
   27.44
   28.88
    2.01
    2.01
   28.66
   55.76
   10.93
   55.90
   58.33
    2.04
    2.10
   82.88
   73.37
   73.94
   82.09
  110.04
   39.19
   42.59
   33.22
   29.08
   45.14
   34.24
   82.86
   52.36
   82.88
  109.76
  110.07
   55.08
    2.21
    2.24
    2.27
    2.29
   65.41
   29.70
   55.02
   59.55
   56.21
   15.77
   15.52
   55.98
   54.57
   61.59
   76.57
   69.46
    2.18
    2.24
   69.86
   47.01
   60.82
    2.18
    2.18
    2.18
    2.18
    2.18
    2.18
    1.98
    2.01
    2.24
    2.24
    2.24
    2.24
    2.24
    2.24
    2.27
    2.27
    2.29
    2.32
    2.32
    2.32
    2.32
    4.90
   19.91
   81.67
   65.67
   78.01
  109.02
  108.85
  110.44
   51.34
    2.46
   29.48
   71.16
   45.36
   53.55
   65.13
   46.16
    2.41
    6.91
   20.42
   29.42
   47.43
   47.15
   46.27
    2.32
    2.35
    2.35
    2.35
    2.35
    2.35
    2.35
    2.35
    2.38
   20.16
   24.52
   11.21
    2.38
    2.38
    2.38
    2.41
    2.41
    2.41
    2.41
    2.41
    2.41
    2.41
    2.41
   11.41
   44.66
   38.17
   21.41
    2.38
    2.38
    2.38
    2.38
    2.38
    2.41
    2.41
    2.41
    2.41
    2.41
    2.41
    2.41
    2.41
    2.41
   14.47
    2.41
    2.41
   20.42
   24.98
   16.42
   16.54
   15.80
    2.41
    2.41
   47.80
   42.62
   42.79
   42.90
   29.39
    2.38
    2.38
   27.86
   29.39
   29.34
   29.02
   24.83
    2.32
    2.32
   29.34
   29.31
   29.22
   20.30
   15.66
    2.24
    2.27
    2.27
   20.08
    2.15
    2.27
   15.69
    2.27
    2.27
   42.67
   42.08
   42.48
   24.75
   24.01
    6.82
    6.82
   31.18
   29.25
   15.72
    2.18
    2.18
    2.18
    2.15
   15.69
   15.69
   15.69
   11.16
    9.57
    6.80
    6.80
    6.80
    6.80
    6.80
    6.80
    6.80
    6.80
    6.80
    6.80
   39.93
   37.83
   38.79
   17.44
    6.80
    6.80
   30.44
   28.57
   29.17
   38.17
   29.14
   20.11
   20.19
   29.11
   30.61
   28.88
   29.11
   29.08
   20.05
   20.05
   28.83
   28.80
   29.05
   29.02
   32.45
   20.02
   20.02
   29.05
   29.00
   29.00
   29.00
   29.00
   29.00
   28.88
   29.00
   31.18
   28.94
   29.90
   27.67
   28.03
   27.67
   32.54
   25.26
   15.38
   15.38
   19.65
   19.88
   19.88
   24.35
   24.15
   24.92
   28.57
   25.15
   19.88
   19.85
   24.38
   46.75
   33.44
   65.13
   56.07
   53.07
    3.94
  110.44
   78.72
   83.25
   83.00
   84.04
   10.70
   10.70
   46.98
   31.74
   28.60
   33.22
    1.64
    1.64
    1.64
   46.98
   51.34
   50.57
   51.51
    1.64
    1.64
    1.64
   37.92
   37.66
   33.39
   37.92
    1.64
    1.67
   29.62
   83.25
   47.01
   44.74
   78.72
   87.78
   74.19
   33.41
   83.25
   78.72
   83.25
   56.01
    1.73
    1.78
   78.78
  110.44
  110.44
  110.44
  103.24
   63.51
  110.32
   97.24
  110.44
  110.44
  110.44
  110.44
  110.44
  110.29
  110.44
   83.00
   54.45
   69.60
   71.44
   69.66
   42.42
   42.36
   47.03
    1.73
    1.73
    1.76
    1.76
    1.76
    1.76
   56.10
   19.88
    1.76
    1.76
    1.76
    1.76
    1.81
   38.03
   51.51
   28.57
   87.41
   83.28
    1.87
    1.87
  110.32
   92.34
   69.72
   82.29
   42.39
   19.82
   51.62
   87.81
   42.59
   47.12
    1.90
    1.93
    1.93
    1.95
   87.84
   87.84
   87.58
   87.84
   87.81
   24.52
    1.87
   10.90
   10.93
   38.09
   28.91
    1.90
    1.90
    1.90
    1.90
    1.90
    2.97
    1.93
    1.93
    1.93
    1.93
    1.93
    1.93
    1.93
    1.93
    8.72
    1.95
    1.95
    1.98
    1.98
    1.98
    2.01
    2.01
    1.93
    2.01
    2.01
    2.01
    2.04
    2.04
    2.04
    2.04
    2.04
    2.04
    2.07
    2.07
    2.15
    2.32
    2.35
    2.44
   51.88
   38.28
   78.10
   47.43
   24.92
    2.41
    2.41
   21.83
   11.19
    2.41
    2.41
   24.92
    2.41
    2.41
    2.41
    2.41
    2.44
    2.44
    2.44
    2.44
    2.44
    2.44
   15.94
    6.88
    6.94
    2.44
    2.44
    2.44
   29.36
   29.42
   20.16
   20.05
   20.13
    2.41
    2.41
   22.40
    3.26
    2.21
    2.55
    2.07
    2.10
    2.21
    2.21
    2.21
    2.32
    2.18
    2.21
    2.29
    2.32
   10.02
   74.47
  111.12
  110.78
  110.72
    4.25
    2.32
    2.27
   42.70
   50.55
   29.05
   15.91
    2.38
    2.35
    2.38
   29.53
   29.82
   61.33
   56.72
    2.29
    2.27
   25.12
   24.41
   28.83
   30.10
   30.89
    2.18
    2.29
   25.43
   24.69
   23.76
   31.52
   33.39
    2.29
    2.35
   38.14
   37.75
   38.00
   37.75
   38.88
    2.27
    2.24
   32.71
   30.13
   29.87
   37.94
   37.86
    2.15
    2.15
   29.14
   33.70
   27.50
    2.12
    2.12
    2.12
    2.12
    2.12
    2.12
    2.12
    2.12
    2.12
    2.12
    2.12
    2.12
    2.12
    2.15
    2.12
    2.55
    3.43
    3.43
    3.43
    3.43
    3.43
    3.43
    3.43
    3.43
    3.43
    3.43
    3.43
    3.43
    3.43
    3.43
    3.43
    5.80
    3.43
    3.28
    4.08
    3.43
    3.43
    3.43
    3.43
    3.43
    3.43
    3.43
    3.28
    3.43
    3.43
    3.43
    3.43
    3.43
    3.43
    3.43
    3.43
    3.43
    3.43
    3.43
    3.43
    3.43
    3.43
    3.43
    3.43
    3.43
    3.43
    3.43
    3.43
    3.43
   12.54
   10.05
    9.66
   37.24
   36.61
   42.11
   32.08
   35.08
   11.04
   18.09
   42.90
   33.61
   31.66
   19.99
   22.31
    4.08
   13.54
   21.61
    4.08
   48.39
   25.09
   22.91
   15.06
   13.22
   47.03
   46.84
   23.13
   60.77
   47.01
   13.08
   13.39
   60.34
   52.05
   47.01
    1.84
   15.18
   13.05
   12.12
   38.23
   37.35
   37.04
   38.74
   38.17
   15.35
   10.93
   37.80
   38.11
   37.75
   24.10
   24.07
   24.55
   10.39
   37.49
   37.46
   37.77
   37.86
   33.58
   15.04
   15.18
   14.87
   54.99
   28.66
   19.31
   10.39
   10.51
   10.31
   10.53
   12.49
   10.34
   10.96
   10.65
   10.48
   10.65
    9.54
   10.87
   10.08
   11.13
   11.58
   10.48
   10.22
   10.59
   15.04
   10.28
    1.67
   37.12
   10.56
   10.51
   10.56
   10.11
   15.09
   10.62
   28.74
    1.64
    1.64
    1.64
    1.64
    1.67
   48.85
   50.89
    1.64
    1.64
    1.64
    1.64
    1.64
    1.64
    1.64
    1.67
    1.67
    1.67
    1.67
    1.67
    1.67
    1.67
    1.67
    1.67
    1.70
    1.56
    1.70
    1.73
    1.76
    1.76
    1.76
    1.76
    1.78
    1.78
    1.81
    1.78
    1.78
    1.81
    1.81
    1.81
    1.84
    1.84
    1.84
    1.84
    1.84
    1.87
    1.87
    1.87
    1.87
    1.87
    1.87
    1.90
    1.87
    3.00
    3.40
   11.81
    7.67
    3.40
    3.40
    3.40
    3.40
    3.40
    3.40
   17.47
   56.66
   41.80
   64.11
   84.67
   81.58
   47.03
   14.78
    2.04
    1.98
    2.10
    2.21
  109.13
  110.89
  110.32
   96.31
  110.04
  109.84
   82.52
   81.78
  109.81
  110.01
    2.35
    2.21
   64.87
   59.81
   64.68
   64.65
    2.18
    2.21
    2.21
   53.97
   91.94
   73.54
   55.84
   28.97
    2.18
    2.21
   19.77
   15.74
   11.04
   10.70
   10.90
    2.21
   25.12
   15.60
    6.63
    2.21
   10.90
   24.07
    2.21
    2.21
    2.21
    2.21
    2.21
    2.21
    2.21
    2.24
    2.24
    2.24
    2.24
    2.24
    2.24
    2.24
    2.24
    2.24
    2.27
    2.27
    2.27
    2.72
   17.16
    2.27
    2.27
   12.97
    2.27
    2.27
    2.27
    2.27
    2.27
    2.27
   19.85
   19.71
    2.27
    2.27
    2.27
    2.27
    2.27
    2.27
    2.29
   75.52
   52.05
   45.62
    2.29
    2.29
   42.45
   46.64
   15.91
   59.86
   28.68
    2.27
    2.29
    2.29
    2.29
   15.55
    2.29
    2.29
    2.29
    2.29
   23.96
   29.59
   24.92
    2.32
   20.64
    2.27
    2.27
    9.00
   10.76
    2.27
    2.27
    2.27
    2.27
    2.27
    2.27
   24.44
    2.27
    2.27
    2.27
    2.27
    2.27
   20.16
    2.27
   46.04
   20.05
   20.08
    2.27
    2.27
   38.71
   28.68
   24.81
   29.42
   29.05
    2.21
    2.21
   24.49
   28.43
   29.34
   29.36
    2.18
    2.18
    2.18
    2.18
   15.72
    2.18
    2.18
    2.46
    2.18
    2.24
   20.76
   51.34
   56.32
   29.17
   15.63
    2.15
    2.15
    2.15
    2.15
    2.15
    2.15
    2.15
    2.15
    2.15
    2.15
   29.22
   25.06
   24.47
    2.12
    2.12
    2.12
   17.56
   29.19
   19.68
   10.85
    2.12
    2.12
    2.12
    2.15
    2.12
    2.12
    2.12
   29.70
    2.12
    2.12
   24.66
   27.72
   49.13
   29.08
    2.10
    2.10
    2.10
   43.49
   33.47
    2.10
    2.07
    2.07
    2.07
    2.07
   51.62
   55.25
   29.05
   26.31
   18.41
    2.10
    2.04
   50.94
   28.88
   28.80
   29.70
   23.90
    2.01
    2.07
   24.52
   28.06
   34.83
   54.76
   23.96
    1.95
    1.95
   57.12
   28.85
   55.47
    1.93
    1.95
   56.01
    1.95
   27.50
   79.06
   72.35
   60.31
   28.18
   51.00
   23.50
   55.76
   54.37
   51.06
   38.00
    2.27
    2.27
    2.27
   28.68
   28.77
    2.27
   29.28
   82.60
    2.27
    2.27
   55.50
   28.15
   28.66
   56.15
   74.30
    2.27
    2.27
    2.27
   87.10
   50.26
   24.41
    1.70
    1.70
   28.57
   96.73
  109.84
   86.82
   92.34
  110.66
   82.97
   15.06
   24.86
   92.28
   47.37
   83.11
   19.57
    1.70
    1.70
    1.70
   87.30
   82.52
   49.61
    1.64
    1.64
    1.64
    1.67
    1.67
    1.67
    1.67
    1.67
    1.67
    1.67
    1.67
    1.67
    6.29
    6.71
    1.70
    1.76
    1.81
   73.37
   73.31
   77.53
   48.82
   42.31
    1.78
   26.82
    1.78
   50.91
    1.84
    1.78
   33.07
   46.61
    1.78
   30.19
   49.30
    1.78
    1.78
    1.78
    1.81
   14.47
   28.20
   28.63
   28.15
    1.84
    1.90
    1.98
   87.30
  109.67
  113.89
  119.70
  119.27
  119.16
  118.79
   40.07
    2.04
    2.04
    6.12
    6.17
   52.87
  110.24
  109.98
  110.04
  109.78
   31.91
   81.33
   78.35
    1.95
    1.95
   28.97
   15.66
   28.91
   45.90
   28.32
    1.98
    1.98
   78.30
   32.93
   55.78
   55.19
   55.39
    2.04
    2.07
   55.30
   28.91
  100.98
   55.76
   73.48
    2.01
    1.93
    2.46
    2.01
    2.18
    2.04
    2.04
    2.04
    2.04
    2.04
    3.40
    3.88
    5.97
    6.60
    2.12
    2.15
    2.18
    3.65
    7.45
    2.18
    5.80
    2.21
    2.21
    2.38
    2.18
    2.21
    2.24
    2.15
    2.24
    2.24
   25.32
   26.22
   28.91
   26.67
   26.82
    2.21
    2.21
   23.25
    6.37
    6.68
    6.68
    7.05
    2.24
    2.24
    6.74
    7.96
   26.53
    6.54
    6.80
    2.27
    2.27
    2.27
    2.27
    2.38
    2.24
    4.16
    2.24
    2.24
    2.24
    5.86
    4.39
    2.24
    2.24
    2.24
    2.24
    2.27
    2.27
    2.29
   27.07
   36.44
    2.27
    2.27
   28.85
   25.97
   27.95
   27.38
    2.27
    2.27
    2.27
   23.16
   27.13
   23.62
   19.28
   14.75
    2.29
    2.29
   10.70
   14.33
   14.72
   10.36
    2.29
    2.29
    2.29
   64.62
   39.90
    2.29
    2.29
   36.81
    2.29
    2.29
   35.93
   33.58
   35.20
   27.33
    2.29
    2.29
    2.29
   27.95
   27.41
   28.15
   25.91
    2.27
    2.27
    2.27
   23.45
   19.37
   19.37
   14.92
   14.89
    2.27
    2.27
   19.34
   36.33
   38.62
   27.21
   27.98
    2.27
    2.27
   36.87
   36.70
   36.44
   36.87
   28.20
    2.24
    2.27
    2.38
   53.38
   53.35
   53.35
   32.25
    2.27
    2.35
   49.13
   49.70
   49.53
   53.32
   28.03
    2.24
    2.24
   52.92
   88.69
   37.29
   53.01
   31.80
    2.18
    2.21
    2.21
   50.49
   27.27
    2.21
   39.93
    2.21
    2.21
   78.18
   70.37
   53.21
   79.83
   25.37
    2.12
    2.12
    2.86
   35.96
    2.12
    2.12
    2.15
    2.15
    2.15
    2.29
   10.82
    2.29
    2.18
    2.18
    2.18
    2.18
    2.24
   52.53
   27.55
    2.15
    2.15
    2.15
    2.15
   76.94
   81.33
   17.61
   15.15
    2.12
    2.12
    2.15
   27.95
   28.94
   28.91
    2.12
    2.12
    2.15
   15.06
   77.28
   78.04
   19.54
   38.34
   57.37
    2.07
    2.21
   78.49
   78.52
   44.91
    2.04
   51.88
    2.01
    2.01
    2.01
   73.88
    2.27
   30.44
   63.03
   26.16
    1.95
   54.17
   54.31
  104.18
   52.87
    2.04
    1.90
    1.90
   24.55
    2.66
    1.90
    1.90
    1.90
    1.90
   52.13
   57.68
   78.18
   82.83
   69.74
   60.71
    2.01
    1.87
    1.90
    1.90
    1.90
    1.90
   49.55
   42.31
   32.62
  105.59
   78.69
   49.16
   15.49
   42.11
  104.21
  104.09
  104.77
  104.77
  104.74
  104.52
  105.11
   79.74
   78.72
   78.64
   78.35
   78.47
   86.99
   79.40
   78.15
   79.09
   78.69
   82.88
   83.62
   52.61
   44.26
   18.83
    1.67
    1.67
    1.67
    1.64
    1.67
    1.70
    1.70
    1.70
   35.91
    1.67
   10.42
   10.42
    1.67
   40.75
   79.12
   70.54
   95.57
    9.88
    1.90
  131.31
  213.31
  212.23
  191.25
  205.27
  205.44
  137.79
  107.07
   92.48
   92.71
   93.42
   92.71
   90.19
   79.00
   27.24
    1.87
    9.94
   70.03
   99.17
    2.07
    1.84
    1.87
    1.87
    1.87
   19.03
    3.79
    1.93
    1.90
    1.93
    1.90
    1.90
    1.90
    1.93
   73.65
   74.28
   73.99
    1.87
    1.84
    1.87
    1.87
    1.87
    1.87
    1.87
    1.90
    1.90
   10.82
    1.90
   28.88
    1.90
    1.90
    1.93
    1.93
    1.98
   63.94
   15.32
   76.54
   99.34
   99.48
   99.68
   56.04
    2.27
   51.11
   53.38
    2.27
    2.27
    2.27
   80.11
   98.03
  101.97
  105.23
  105.14
  105.23
   68.64
  105.85
    2.46
   33.81
    3.96
    2.21
    2.21
    2.21
   35.91
   79.23
   75.32
   30.38
   20.56
    2.18
    2.18
    2.18
    2.18
    2.21
    2.21
    2.21
    2.21
    2.21
    2.21
    2.21
    2.24
   25.03
    2.29
    2.29
    6.82
   78.35
   95.57
  101.03
  107.60
   77.87
    2.38
    2.32
   66.37
   57.62
   44.77
   73.20
   61.82
    2.29
   11.89
    2.29
   73.51
    2.27
    2.27
    2.29
    2.29
    2.29
    2.29
    9.68
    2.29
    2.29
   44.09
    2.29
    2.29
   49.27
   76.46
    2.29
    2.29
    2.29
    2.29
    2.29
   10.59
    2.29
   23.67
    2.29
    2.27
    2.27
   10.73
    2.69
    2.27
    2.32
    2.27
    2.29
    2.29
    2.29
    2.29
   54.40
    2.27
    2.29
    2.32
    2.27
    2.27
    2.27
    2.27
   15.63
    2.29
    2.35
    2.32
    2.29
    7.59
   74.50
   84.78
   41.46
    2.61
    2.27
    2.27
    2.24
    2.32
    2.29
    2.24
    2.35
    2.35
    2.29
    2.29
    2.29
   11.86
    6.37
    7.36
    2.38
    2.44
   51.14
   28.18
    2.35
    2.27
   31.88
    2.46
    2.27
   15.09
    2.21
    2.21
    2.21
    2.21
    2.21
    2.21
    2.21
   27.72
   23.84
    2.18
    2.18
    2.18
    2.12
   31.15
   27.92
    2.18
   28.54
   28.77
    2.15
    2.18
    2.18
   10.76
    2.35
    2.18
    2.18
    2.18
    2.15
    2.15
   28.29
   28.57
   11.02
   24.10
    2.15
    2.12
    2.24
    2.27
    2.44
    2.12
    2.15
    2.12
    2.12
    2.12
   17.90
   29.45
   27.75
   24.32
    2.12
    2.12
   53.26
   24.44
   10.05
    2.10
   16.51
    2.12
    2.12
    2.12
   68.07
   29.62
   11.10
    2.10
    2.10
    2.10
    2.10
    2.10
    2.10
    2.10
    2.10
    2.10
    2.10
    2.10
    2.10
    2.10
    2.10
    2.10
    2.10
    2.10
   79.00
    2.10
   89.48
  109.19
   55.67
    2.01
    2.10
   81.86
   81.84
   82.63
   68.64
    2.01
   28.43
   63.57
    1.95
   77.14
   32.42
    1.95
    2.01
    1.95
    1.98
   46.27
   64.31
   56.63
   45.76
   43.52
   14.89
   14.98
   46.92
   45.51
   45.51
   45.22
   45.17
   44.71
   45.84
   51.31
   45.25
   45.34
    1.84
    1.84
    1.84
    1.84
   60.65
   61.16
   58.98
   53.01
   58.98
   57.91
    2.04
    1.78
    1.78
    1.81
   64.79
   75.32
   70.62
   70.48
   71.19
   69.06
   75.44
   71.05
   71.50
   57.94
   53.29
   50.40
   54.31
   55.61
   54.59
   88.29
   84.41
   84.47
   94.30
   58.93
    1.70
   58.81
   59.86
   28.57
    1.70
   30.16
   28.09
   28.49
    1.70
    1.70
    1.70
    1.70
   37.18
   35.68
   38.48
   37.24
   38.91
   32.96
   32.79
   32.90
   28.35
   28.32
   28.01
   38.00
   29.45
    1.64
   33.05
    1.64
    1.64
    1.64
    1.67
    1.67
    1.70
    1.70
    1.70
    1.70
   81.67
   34.66
    1.70
    1.73
   28.74
   28.68
   55.22
   29.90
    1.73
    1.84
    1.98
    2.10
   27.95
  158.09
  193.55
  108.31
   20.95
  107.07
  155.32
  195.44
  194.17
  113.27
  107.46
  107.12
  107.32
  108.03
  107.69
  107.52
  107.66
  107.46
   80.62
   80.28
   80.76
   80.25
   80.99
   82.01
   80.90
    1.90
    1.90
   54.96
    1.90
    1.90
    1.93
    1.93
    1.93
    1.95
    1.95
    1.95
   76.12
   71.78
   76.74
   27.52
    1.90
    1.90
   15.60
    1.90
    1.93
    1.93
    1.93
   17.84
    1.95
    1.98
    2.01
    2.04
    2.04
    2.07
    2.07
    2.35
    2.55
    2.55
    2.32
    2.10
    2.12
    2.12
    2.12
    2.12
    2.12
    2.12
    2.15
    2.15
    2.15
    2.15
    2.55
    2.69
    2.44
    2.18
    2.18
    2.18
    2.18
    2.27
  159.93
  439.51
  201.67
  200.71
  200.06
  200.14
  198.98
  151.24
  105.00
  106.22
   97.35
   30.21
   47.97
   87.44
   79.20
   78.69
   62.01
    2.41
    2.41
    2.41
   61.90
   61.33
   61.28
   48.82
    2.41
    2.41
    8.16
   32.14
   18.41
   23.59
   23.67
    2.41
    2.41
   25.99
   15.01
   15.04
   26.90
   66.32
    2.41
    2.41
   19.40
    2.41
   15.01
   45.31
    2.41
    2.41
    2.41
    6.46
    6.63
   19.71
    7.65
    2.41
    2.41
    2.41
   73.14
   59.04
   81.78
   45.48
    2.41
    2.41
    2.41
   53.26
   61.90
   66.54
   66.86
   66.97
    2.41
    2.41
   45.59
   79.80
   64.42
   51.68
   31.21
    2.41
    2.41
   18.66
    2.55
   47.57
   96.28
   38.14
    2.41
    2.41
   62.67
   75.44
   84.64
   76.37
   55.05
    2.41
    2.41
   47.15
   80.36
   81.38
   80.48
   51.11
    2.41
    2.41
   55.59
   53.69
   49.98
   44.15
   40.41
    2.41
    2.41
   51.48
   51.85
   57.14
   51.59
   41.97
    2.41
    2.41
   43.07
   45.59
   43.55
   39.08
   26.48
    2.41
    2.41
    2.41
   20.05
   19.94
   28.18
    6.48
    2.41
    2.41
    6.65
    6.85
    6.20
    9.63
    2.41
    2.41
    2.41
   19.00
    2.41
    2.41
    2.41
   13.56
    2.41
    2.41
    2.41
    2.32
    2.15
   37.21
   35.91
    2.12
    2.15
   77.47
    2.12
    2.12
    2.12
    2.15
    2.12
    2.12
    2.12
   63.60
   70.71
   50.26
   10.25
    2.10
   24.04
   48.31
   81.13
    2.04
    2.04
    2.07
    2.07
    2.07
   23.64
   28.37
    2.04
   74.25
    2.04
    2.04
    2.12
   70.00
   34.15
   79.88
   24.81
   24.86
    1.98
    1.98
   63.66
   45.68
   23.93
   49.10
    1.93
   60.43
    1.93
    1.93
   74.78
   33.73
    1.90
   63.17
    1.87
   24.32
   28.83
    1.81
    1.81
    1.81
   55.76
    1.81
    1.81
  110.21
  110.92
  110.49
    3.99
   83.48
    2.55
    2.55
   55.33
   65.38
  111.31
   83.14
   82.12
   68.22
   28.71
   81.27
    6.09
   54.14
   54.59
   94.75
   81.98
   29.34
    1.70
   23.42
   81.61
   82.26
   79.00
   89.54
  107.07
   89.45
    1.70
   48.82
    1.61
    1.61
    1.61
    1.64
   19.00
   74.42
    1.64
    1.64
    1.67
    1.67
    1.67
   79.40
   84.07
   52.95
   41.23
   75.35
   18.41
   34.15
    1.64
    3.74
    1.64
   18.89
   14.33
    1.64
    1.64
   48.68
   35.03
    2.27
    2.27
    2.27
    2.27
    2.27
    2.27
    2.27
    2.27
    2.27
    2.07
    1.73
    1.90
    1.73
    1.73
    1.73
    1.73
   49.81
  134.79
  136.54
  135.24
  133.51
  132.18
  130.63
  129.12
  127.28
  125.30
  124.57
   70.31
   16.14
   38.68
   61.16
   60.99
   60.71
   34.89
   21.46
   30.27
   30.19
   30.02
   30.02
   30.13
   30.24
   23.25
   30.95
   47.54
   25.12
    1.70
    1.70
   61.73
  120.88
  124.65
  123.18
  114.99
  115.96
  115.82
  113.30
  110.92
  109.81
  108.77
   44.77
    1.70
    1.70
    1.70
    1.70
    1.70
    1.70
    1.70
    1.70
    1.70
    1.70
    1.70
    1.70
    1.70
    1.70
    1.70
    1.64
    2.27
    2.27
    2.27
    2.27
    2.27
    2.27
    2.27
    2.27
    2.27
    2.27
    2.27
    2.27
    2.27
    2.27
    2.27
    2.27
    2.27
    2.27
    2.27
    2.27
    2.27
    2.27
    2.27
    2.27
   13.28
    2.27
    2.27
    6.14
    2.27
    2.27
    2.27
    3.11
    5.38
    2.27
    2.27
    2.27
    2.61
    3.17
    3.34
    2.69
    2.69
    2.69
    3.85
    4.81
    5.92
    6.80
    6.80
    6.80
    6.88
    6.80
    6.80
    6.80
    6.80
    6.80
    6.80
    6.80
    6.80
   43.49
   79.94
   27.35
    6.80
    6.80
    6.80
   15.26
   24.07
   24.07
   24.07
   11.84
    6.80
    6.80
    6.80
    6.80
    6.80
    6.80
    6.80
    6.80
    6.80
    6.80
    6.88
    6.80
   48.42
   50.04
   43.61
  112.98
  112.98
  134.14
  150.93
  118.45
   79.88
    6.80
   15.57
   66.97
   82.83
  108.91
   96.14
   81.89
    1.84
    1.84
   64.56
   53.49
   77.42
  108.85
   69.09
    2.27
    2.27
   37.60
   49.67
   59.32
   20.05
   54.93
    2.27
    2.27
    2.27
    2.27
    2.27
   85.21
   32.62
    2.27
    2.27
   49.10
   19.79
   74.95
   28.85
   46.50
    2.27
    2.27
   72.18
    2.27
    2.27
    2.27
    2.27
    2.27
    2.27
    2.27
   55.25
   73.99
   34.89
    2.27
    2.27
    2.27
   29.05
    2.44
    2.27
    2.27
    2.27
    2.27
    2.27
   27.44
   83.36
    2.52
   48.39
   56.01
    2.27
    2.27
    2.27
    2.27
    2.27
   10.42
   16.37
    2.27
    2.27
   33.53
   33.53
   65.61
   57.71
    9.94
    2.27
    2.27
   54.88
   77.11
   73.14
   64.70
   55.87
    2.27
    2.27
   55.93
   42.56
   41.09
   42.56
   24.69
    2.27
    2.27
   37.92
   22.63
   23.96
   77.79
    2.27
    2.27
    2.27
   19.68
    2.27
    2.27
    2.27
   83.08
    2.27
    2.27
   78.32
   11.24
    2.27
   82.91
   56.35
    2.27
    2.27
   55.98
  105.17
   83.73
   93.93
   55.61
    2.27
    2.35
   60.40
   31.06
    4.93
   83.68
   83.08
    2.27
    2.27
   53.75
   42.53
   29.39
   74.19
   21.32
    2.27
    2.27
   54.00
   69.43
   66.71
   67.28
   67.25
    2.27
    2.27
   66.46
    2.69
    2.27
    2.27
    2.27
    2.27
   53.21
   78.86
    2.27
   17.92
   80.56
  103.55
  103.70
  103.87
   62.44
    2.27
   77.22
  107.29
  193.91
  271.42
  269.75
  267.71
  265.95
  263.52
  191.45
  146.65
  146.00
  145.61
  145.61
  130.82
  112.96
  113.01
  113.04
  113.13
  112.70
  111.57
  110.35
  110.35
  110.44
   92.51
   96.87
   96.73
   97.07
  111.20
  111.29
   61.08
   65.30
   56.61
   56.86
   88.41
   92.96
  111.65
   61.50
   59.95
   29.34
   33.87
   61.08
   38.40
   52.16
   52.05
   56.66
   16.23
   29.79
   75.01
   74.44
   26.73
    2.27
   11.04
   15.35
    2.27
    2.27
    2.27
    2.27
    2.27
    2.27
   38.26
    2.27
    2.27
    2.27
    2.27
    2.27
   19.23
    2.27
    2.27
    2.27
    2.27
    2.27
    2.27
    2.27
    2.27
    2.27
   37.66
   40.01
   36.59
   65.19
   85.01
   34.01
   22.99
   42.53
   84.21
   56.61
   54.51
   54.37
    2.27
    2.27
   15.72
   15.63
   16.74
   14.47
   15.15
    2.27
    2.27
   11.38
    2.27
   27.41
    2.27
    2.27
    2.27
    2.27
    2.27
    2.27
    2.27
    2.27
    2.27
    2.27
    2.27
    2.27
    2.27
    2.27
    2.27
    2.27
    2.27
    2.18
    2.27
    2.27
    2.27
    2.27
    2.27
    2.27
    2.27
   61.31
   66.91
   53.41
   50.55
   55.50
    2.27
    2.27
    2.27
    2.27
    2.27
   11.89
    2.27
    2.27
    2.27
    2.27
    2.27
    2.27
    2.27
    2.27
    2.27
    2.27
    2.27
    2.27
    2.27
    2.27
    2.27
    2.27
    2.27
    2.27
    3.00
    2.27
    2.27
    2.27
    2.27
    2.27
    2.27
    2.27
    2.27
    2.27
    2.27
    2.27
    2.27
    2.27
    2.27
    2.27
    2.27
    2.27
    2.27
    2.27
    2.27
    2.27
    2.27
    2.27
   15.83
    2.27
    2.27
    2.27
    2.27
    2.27
   19.74
   25.77
    2.27
    2.27
    2.27
    2.27
    2.27
    2.27
    2.27
    2.27
    2.27
    2.27
    2.27
   21.72
    9.83
   20.16
    2.27
    2.27
   15.74
   12.23
   10.90
   10.90
   10.93
    2.27
    2.27
    2.27
   10.87
   11.04
   11.10
   11.07
    2.27
    2.27
    4.36
    6.68
   11.07
   11.07
   11.04
    2.27
    2.27
   15.52
   21.18
   19.96
   18.35
   19.99
    2.27
    2.27
   29.99
   28.94
   19.99
   19.77
   20.33
    2.27
    2.27
   10.87
   10.87
   13.05
   14.41
   10.99
    2.27
    2.27
   15.63
   15.40
   15.57
   15.63
   15.57
    2.27
    2.27
   10.90
   10.96
   11.04
   11.04
   11.02
    2.27
    2.27
   11.07
   10.87
   11.10
   10.99
    9.23
    2.27
    2.27
   10.87
   10.65
    9.17
   10.90
   10.05
    2.27
    2.27
    2.27
    9.97
   11.16
   11.36
   19.96
    2.27
    2.27
    2.27
    2.27
   20.67
   21.15
   21.12
    3.40
    3.40
   21.15
   21.10
   21.07
   21.07
   17.92
    3.40
    3.40
   21.89
   19.51
   20.76
   20.73
   21.29
    3.40
    3.40
   26.02
   24.89
   25.49
   25.40
   25.54
    3.40
    3.40
   25.40
   25.71
    3.40
    3.62
   14.58
    3.40
    3.40
   56.89
   83.76
   57.26
   53.63
    3.60
    3.40
    3.40
   34.07
   34.41
   38.79
   38.85
   40.83
    3.40
    3.54
   34.57
   83.90
   43.30
   55.22
    3.40
    3.40
    3.40
    3.40
   79.97
   77.79
   13.93
   29.36
    3.40
    3.40
    3.40
   77.67
   66.94
  109.10
  106.92
    3.65
   21.07
   82.32
   56.61
  108.40
    3.51
   16.85
    3.40
    3.40
  106.19
  109.61
  109.22
  109.61
  109.67
    3.57
    3.40
   30.44
   25.74
    3.40
    3.40
    3.40
    3.40
    3.40
    3.40
    3.40
    3.40
   39.76
   97.38
    3.60
    3.40
   57.17
   57.12
   16.76
    3.40
    3.40
    3.40
    3.40
    3.40
    3.40
    3.40
    3.40
    3.40
    3.40
    3.40
    3.40
    3.40
    3.40
    3.40
   25.40
    3.40
    3.40
    3.40
    3.40
    3.40
    3.40
    3.40
    3.40
    3.40
    3.40
    3.40
   48.82
   43.15
   46.78
   16.25
    3.40
    8.61
   80.67
   50.63
   59.04
   59.01
    3.40
    3.40
   57.99
   54.71
   50.06
    3.40
    3.40
    3.40
   42.16
   42.53
   51.34
   60.12
   32.45
   34.15
   29.45
   29.51
   59.78
   60.26
    3.40
    3.40
    3.40
   31.15
    3.40
   55.90
   29.62
    3.40
    3.40
    3.40
    3.40
    3.40
   29.56
   29.56
    3.40
    3.40
    3.40
    3.40
    3.40
    3.40
    3.40
    3.40
    3.40
    3.40
    3.40
    3.40
    3.40
    3.40
   55.50
   31.23
    3.40
    3.40
    3.40
    3.40
    3.40
    3.40
    3.40
    3.40
    3.40
    3.40
    3.40
    3.40
    3.40
    3.40
    3.40
    3.40
    3.26
    3.40
    3.40
    3.40
    3.40
    3.40
    3.40
    3.40
    3.40
    3.40
    3.40
    3.40
    4.79
    3.40
    3.40
    3.40
    3.40
    3.40
    3.40
    3.40
    3.40
    3.40
   15.69
   57.51
   12.12
   11.75
    3.40
    3.40
    3.40
   19.06
   19.74
   18.66
   20.13
   20.25
    3.40
    3.40
    3.40
    3.40
    3.40
    3.40
    3.40
    3.40
    3.40
    3.40
    3.40
    3.40
    3.40
    3.40
    3.40
    3.40
    3.40
    3.40
    2.92
    2.55
    2.61
    2.55
    2.55
    2.55
    2.55
    2.55
    2.55
    2.55
    2.55
    2.55
    2.55
   19.60
   19.60
   19.57
   19.57
    2.55
    2.55
   10.87
   11.07
   10.99
   10.85
   10.79
    2.55
    2.55
   10.73
    2.55
    2.55
    2.55
    2.55
    3.34
    3.40
    3.40
    3.40
    3.40
    3.40
    3.40
    3.40
    3.40
    3.40
    3.40
    3.40
    3.40
    3.40
    3.40
    3.40
   20.42
   21.75
   20.08
   20.50
   20.11
    3.40
    3.40
   12.03
   16.28
   16.14
   16.00
    3.40
    3.40
    3.40
    3.40
    3.40
    3.74
    3.91
    3.91
    3.91
    3.91
   16.37
   16.79
   16.62
   16.82
   16.57
    3.91
    3.91
    3.91
    3.91
    3.91
    3.91
    3.91
    3.91
    3.91
    3.91
    3.91
    3.91
    3.91
    3.91
    3.91
    3.91
    3.91
    3.91
    8.16
    8.16
    8.18
    3.91
    3.91
    8.16
    8.18
    3.91
    9.68
    8.18
    3.91
    3.91
    3.91
    8.21
    8.13
    8.18
    8.13
    3.91
    3.91
    7.96
    3.91
    8.04
    3.91
    8.07
    3.91
    3.91
    8.13
    3.91
    8.21
    3.91
    8.04
    3.91
    3.91
    7.93
    8.04
    7.99
    8.35
    8.07
    3.91
    3.91
    8.07
   21.07
   21.07
   21.29
   21.12
    3.91
    3.91
    8.04
    6.94
    3.91
    7.93
    8.10
    8.10
    3.91
   21.18
    3.91
   20.76
   20.70
   12.32
    3.91
    3.91
   47.60
   51.23
   60.68
   29.82
   26.36
    3.40
    3.62
   34.32
   38.09
   39.25
   42.67
   38.77
    3.40
    3.40
   35.20
   44.26
   25.85
   23.62
   21.55
   12.52
   12.66
   39.47
   42.11
   16.57
   19.91
   45.84
   42.22
   39.93
   46.21
   47.26
   45.17
   20.33
   20.59
   20.44
   20.59
   51.11
   54.99
   48.03
   47.32
   47.71
   39.19
   39.73
   58.50
   26.25
   49.36
   49.67
   49.55
   47.88
   21.18
   30.19
   30.16
   30.21
   29.73
   29.31
    3.40
    3.40
    3.40
    3.40
    3.40
   20.61
    3.40
    3.40
    3.40
    3.40
   37.58
   29.25
   16.37
   14.27
    3.40
    3.40
    3.40
   29.14
   29.11
   59.21
   55.53
   25.29
   20.90
   61.56
   61.45
   59.98
   59.95
   55.61
    3.40
    3.40
   42.42
   56.15
   53.58
   54.00
   54.23
    3.40
    3.40
    7.76
    7.59
    7.48
    7.53
    7.48
    3.40
    3.40
    3.40
    7.53
    7.56
    7.56
    7.56
    3.40
    3.40
   45.14
   41.34
   38.60
   41.60
   29.00
    3.40
    3.40
    3.40
    3.40
    3.40
   12.12
   11.89
    3.40
    3.40
    3.40
    3.40
    3.40
    3.40
    3.40
    3.40
    3.40
    3.40
    3.40
    3.40
    3.40
    3.40
    3.40
    3.40
    3.40
    3.40
    3.40
    3.40
    3.40
    3.40
    3.26
    3.40
    3.40
    3.40
    3.40
    3.40
    3.40
    3.40
    3.40
    3.40
    3.40
    3.40
    3.40
    3.40
    3.40
    3.40
    3.40
    3.40
    3.40
    3.40
    3.40
    3.40
    3.40
    3.40
    3.40
    3.40
    3.40
    3.40
    3.40
    3.40
    3.40
    3.40
    3.40
    3.40
    3.40
    3.40
    3.40
    3.40
    3.40
    3.40
    3.40
    3.40
    3.40
    3.40
    3.40
    3.40
    3.40
    3.40
    3.40
    3.40
    3.40
    3.40
    3.40
    3.40
    3.40
    3.40
    3.40
    3.40
    3.40
    3.40
    3.40
    7.79
    3.40
    3.40
    3.40
    3.40
    4.02
    4.25
    4.25
    4.25
    4.25
    4.25
    4.25
    4.25
    4.25
    4.25
    4.64
    4.47
    4.25
    4.25
    4.25
    4.47
    4.81
    4.81
    4.81
    4.81
    4.81
    4.81
    4.81
    4.81
    4.81
    4.81
    4.81
    4.81
    4.81
    4.81
    4.81
    4.81
    4.81
    4.81
    4.81
    4.81
    4.81
    4.81
    4.81
    4.81
    4.81
    4.81
    4.81
    4.81
    4.81
    4.81
    4.81
    4.81
    4.81
    4.81
    4.81
    4.81
    4.81
    4.81
    4.81
    4.81
    4.81
    4.81
    4.81
    4.81
    4.81
    4.81
    4.81
    4.76
    4.81
    4.81
    4.81
    4.81
    4.81
    4.81
    4.81
    4.81
    4.81
    4.81
    4.81
    4.81
    4.81
    4.81
    4.81
    4.81
    4.81
    4.81
    4.81
    9.40
    4.36
    4.64
    4.81
    4.81
    4.81
    4.81
    4.81
    4.81
    4.81
    3.85
    2.78
    2.78
    2.78
    2.78
    2.78
    2.78
    2.78
    2.75
    2.46
    2.44
    2.41
    2.41
    2.41
    2.41
    2.41
    2.41
    2.41
    2.41
    2.41
    2.41
    2.41
    2.41
    2.41
    2.41
    2.41
    2.41
    2.41
    2.41
    2.41
    2.41
    2.41
    2.41
    2.41
    2.41
    2.41
    2.41
    2.41
    2.41
    2.41
    2.41
    2.41
    2.41
    2.41
    2.41
    2.41
    2.41
    2.41
    2.41
    2.41
    2.41
    2.41
    2.41
    2.41
    2.41
    2.41
    2.63
    2.69
    2.69
    2.69
    2.69
    2.69
    2.46
    2.41
    2.41
    2.41
    2.41
    2.41
    2.41
    2.41
    2.41
    2.41
    2.41
    2.41
    2.41
    2.41
    2.41
    2.41
    2.41
    2.52
    2.41
    2.41
    2.41
    2.41
    2.41
    2.41
    2.41
    2.41
    2.41
    2.41
    2.41
    2.41
    2.41
    2.41
    2.41
    6.51
    2.41
    2.41
    2.41
    2.41
    2.41
    2.41
    2.41
    2.41
    2.41
    2.41
    2.41
    2.41
    2.41
    2.41
    2.41
    2.41
    2.41
    2.41
    2.41
    2.41
    2.41
    2.41
   10.76
    2.41
    2.41
    2.41
    2.41
    2.41
    2.41
    2.41
    2.41
    2.41
    2.41
    2.41
    2.41
    2.41
    2.41
    2.41
    2.41
    2.41
    2.41
    2.41
    2.41
    2.41
    2.41
    2.41
    2.41
    2.41
    2.41
    2.41
    2.41
    2.41
    2.41
    2.41
    2.41
    2.41
    2.41
    2.41
    2.41
    2.41
    2.41
    2.41
    2.41
    2.41
    2.41
    2.41
    2.41
    2.41
    2.41
    2.41
    2.41
    2.41
    2.41
    2.41
    2.41
    2.41
    2.41
    2.41
    2.41
    2.41
    2.41
    2.41
    2.41
    2.41
    2.41
   27.92
   31.12
    2.41
    2.41
    2.41
   26.84
   29.17
   28.49
   28.01
    2.41
    2.41
   24.35
   24.49
   22.40
   24.64
   24.52
    2.41
    2.41
   12.86
   18.26
   29.02
   31.46
   28.94
    2.41
    2.29
    2.41
   25.94
   30.47
   28.91
   19.11
    2.83
    2.83
   16.28
   17.33
   16.20
   15.21
   15.26
    2.83
    2.83
   16.40
   16.08
   16.11
    2.83
    2.83
    2.83
    2.83
    2.83
    2.83
    2.83
    2.83
    2.83
    2.83
    2.83
   81.55
   87.16
   13.45
   28.74
   82.26
   45.70
   48.05
   48.42
   46.27
   35.74
   36.05
   39.67
    2.83
    2.83
   26.87
   24.64
   27.75
   22.09
   25.71
    2.83
    2.83
   37.29
   40.97
   46.92
    2.83
    2.83
    2.83
    2.83
    2.83
    2.83
    2.83
    2.83
    2.83
    2.83
    2.83
    2.83
    2.83
    2.83
    2.83
    2.83
    2.83
    2.83
    2.83
    2.83
    2.83
    2.83
    2.83
    2.83
    2.83
    2.83
    2.83
    2.83
    2.83
    2.83
    2.83
    2.83
    2.83
    2.83
    2.83
    8.61
    9.74
    4.67
    4.67
   13.59
   14.24
   14.05
   13.48
   14.16
    5.66
    5.66
   16.25
   14.78
   14.75
   16.14
   14.95
    5.66
    5.66
   15.18
   15.23
   14.81
   14.41
   14.07
    5.66
    5.66
   14.38
   14.55
   14.92
   12.94
    5.66
    5.66
    5.66
   16.00
   15.66
   15.23
   14.55
   14.98
    5.66
    5.66
   14.64
   21.41
   15.55
   14.50
   18.43
    5.66
    5.66
   14.50
   15.52
   14.92
   15.74
   13.99
    5.66
    5.66
   16.99
   14.33
   14.75
   14.67
   10.39
    5.66
    5.66
   14.64
   13.39
   14.95
   15.89
   10.11
    5.66
    5.66
    7.84
   10.11
   14.19
   10.65
   10.11
    5.66
    5.66
   14.81
   10.70
   10.79
   14.64
   13.76
    8.35
    5.66
   11.38
    5.66
    5.66
    5.66
    5.66
    5.66
    5.66
    5.66
    5.66
    5.66
    5.66
    5.66
    5.66
    5.66
    5.66
    5.66
    5.66
    5.66
    5.66
    5.66
    5.66
    5.66
    5.66
    5.66
    5.66
    5.66
    5.66
    5.66
    5.66
    5.66
    5.66
    5.66
    5.66
    5.66
    5.66
    5.66
    5.66
    5.66
    5.66
    5.66
    5.66
    5.66
    8.38
    5.66
    5.66
    5.66
    8.01
    5.66
    5.66
    5.66
    5.66
   14.61
   18.24
   17.58
   13.03
   13.03
   18.15
   26.33
   22.57
   21.18
   20.90
   13.31
   13.31
   13.31
   13.31
   18.75
   26.39
   13.37
   13.03
   13.56
   27.13
   25.88
   26.28
   21.86
    8.44
    6.80
    6.80
    6.80
    6.80
    2.55
    5.38
    6.80
    6.80
    6.80
    6.80
    6.80
    6.80
    6.80
   12.80
   26.11
   23.81
   43.21
   43.83
   41.37
   39.67
   42.70
   24.72
   24.81
   42.87
   44.40
   42.96
   41.20
   45.59
   22.74
   21.86
   43.44
   22.80
    3.68
   18.60
    0.00
   75.07
   75.04
  100.10
   87.16
   81.52
   83.93
    2.83
    2.83
   34.72
   96.53
   96.96
   96.62
   95.37
   95.88
   85.86
   95.40
   95.85
   87.24
   78.30
   78.98
   78.24
   38.28
   38.26
   60.17
   25.06
    2.80
   81.86
   82.86
   82.03
   87.24
   83.03
   82.32
   82.88
   81.86
   91.12
   46.58
   55.87
   69.12
   69.29
   67.99
   69.35
   65.55
   43.44
   35.06
   47.32
   55.81
   54.91
   56.95
   55.87
   20.50
   20.84
   16.40
    7.28
    7.25
   12.12
   12.06
    2.69
   18.18
   23.02
   28.29
   29.62
   29.56
   28.80
    2.69
    2.69
    2.75
    2.69
    3.85
    2.69
    3.31
    2.69
    2.69
    2.69
    2.69
    2.69
    2.69
    2.69
    2.69
    2.69
   11.75
    2.69
    2.69
    2.69
    2.69
    2.69
    2.69
    2.69
    2.69
    2.69
    2.69
    2.69
    2.69
    2.69
    2.69
    2.69
    2.69
    2.69
    2.69
    2.69
    2.69
   17.02
    4.81
    4.81
    4.81
    3.51
    2.83
    2.83
    2.83
    7.33
    7.39
    7.36
    7.39
    2.83
    2.83
   25.00
   29.42
   29.31
   28.54
   29.17
   16.25
   17.36
   81.18
   82.74
   56.01
   56.52
   55.93
   29.45
   29.00
   53.94
   56.52
   54.93
   55.93
   82.03
   29.05
   29.22
   81.50
   38.65
   22.09
   19.57
    2.97
    3.11
    3.31
   51.51
  156.88
  128.45
  180.18
  179.08
  179.30
  178.17
  177.49
  176.53
  175.59
  174.52
   98.32
    6.51
    6.51
    6.51
    6.51
    6.51
    6.51
    6.51
    6.51
    6.51
    6.51
    6.51
    6.51
    6.51
    6.51
    6.51
    6.51
    7.22
    7.93
    7.93
    7.93
    7.93
    7.93
    7.93
    7.93
    7.93
    7.93
    7.93
    7.93
    7.93
    7.93
    6.23
    5.21
    5.95
    5.95
    5.95
    5.95
    5.95
    5.95
    5.95
    5.95
    5.95
    5.95
    5.95
    5.95
    5.95
    5.95
    5.95
    5.95
    5.95
    5.95
    5.95
    5.95
    5.95
    5.95
    5.95
    5.95
    5.95
    5.95
    5.95
    5.95
    5.95
    5.95
    5.95
    5.95
    5.95
    5.95
    5.95
    5.95
    5.95
    5.95
    5.95
    5.95
    5.95
    5.95
    5.95
    5.95
    5.95
    5.95
    5.95
    5.95
    5.95
    5.95
    5.95
    5.95
    5.95
    5.95
    5.95
    5.95
    5.95
    5.95
    5.95
    5.95
    5.95
    5.95
    5.95
    5.95
    5.95
    5.95
    5.95
    5.95
    5.95
    5.95
    5.95
    5.95
    5.95
    5.89
    5.95
    5.95
    5.95
    5.95
    5.95
    5.95
    5.95
    5.95
    5.95
    5.95
    5.95
    5.95
    5.95
    5.95
    5.95
    8.24
    5.95
    5.89
    5.64
    5.95
    5.95
    5.95
    5.95
    5.95
    5.95
    5.95
    5.95
    5.95
    5.95
    5.95
   10.70
   13.31
   13.31
   13.31
   13.31
   13.31
   13.31
   13.34
   13.62
   13.56
   13.54
   13.59
   13.59
   13.59
   13.59
   20.84
   28.32
   28.32
   28.32
   28.32
   28.32
   24.07
   47.63
  107.63
  108.00
   47.69
   55.90
  107.38
  108.93
  109.05
  109.19
   51.73
    2.83
    2.94
   55.81
  109.30
  109.50
  109.42
   39.39
    2.83
    2.83
   56.35
   46.24
    2.83
    2.83
   73.31
  108.88
  108.79
  109.25
  108.79
  109.10
   56.52
   56.89
    2.69
    2.69
   52.33
   52.10
   51.96
    2.69
    2.69
    2.69
    2.69
   29.76
   32.05
   30.21
   29.93
   29.22
    2.69
    2.69
   62.67
   34.46
   29.79
   58.67
   67.82
   84.47
   79.71
   92.23
   92.96
  110.75
  109.90
   14.50
   82.26
   83.00
   89.85
  108.60
  108.93
   83.90
   56.83
   37.75
   33.64
   87.10
   82.35
   83.03
   88.55
   86.76
   56.89
   56.52
   29.73
   29.68
   16.51
   16.48
   16.28
    2.69
    2.69
    2.69
    2.69
    3.94
    2.69
    2.69
    2.69
    2.69
    2.69
    2.69
    2.69
    2.69
   54.45
   47.09
   16.17
   82.23
  109.10
  108.65
  108.85
  108.74
  109.39
  109.61
  109.56
  109.33
  109.02
  109.73
  109.59
  110.10
  109.22
  109.08
  109.78
  110.32
  109.36
  109.25
   43.47
   43.47
   43.27
   43.13
   43.01
   42.93
   42.90
   20.64
   20.42
   42.56
   42.98
   25.49
   25.09
   16.14
    2.75
    2.69
    2.69
    2.69
    2.69
    2.69
    2.69
    2.69
    2.69
    2.69
    2.69
   35.06
   39.53
   31.71
    2.69
    2.80
    2.83
   20.87
   26.76
   20.47
   20.08
    3.06
    2.83
    2.83
    2.83
    2.83
    2.83
    2.83
    2.83
    2.83
    2.83
    2.83
    2.83
    2.83
    2.83
    2.83
    3.26
   37.86
   46.01
   32.85
   28.29
   28.91
    2.83
    2.83
    2.83
    2.83
    2.89
    2.83
    2.83
    2.83
    2.83
    2.83
    2.83
    2.83
    2.83
    2.83
    2.83
    2.83
    2.83
    2.83
    2.83
    2.83
    2.83
    2.83
    2.83
    2.89
    2.83
    2.83
    2.83
    4.90
    6.80
    6.80
    6.80
   15.86
   20.39
   20.39
   20.39
   20.39
   20.39
   20.39
   20.39
   19.88
   20.39
   20.39
   20.39
   20.39
   20.39
   20.39
   20.39
   20.39
   11.38
    6.80
    6.80
    6.80
    6.80
    6.80
    6.80
    6.80
    6.80
    6.80
    6.80
    6.80
    8.35
    9.94
   10.19
   10.19
   10.19
   25.12
   32.88
   33.84
   40.89
   27.75
    6.80
    6.80
   12.40
    6.80
    6.80
    6.80
    6.80
    6.80
    6.80
    6.80
    6.80
    6.80
    6.80
    6.80
    6.80
    6.80
    6.80
    6.80
    6.80
    6.80
    6.80
    6.80
    6.80
    6.80
    6.80
    6.80
    6.80
    6.80
    6.80
    6.80
    6.80
    6.80
    6.80
    6.80
    6.80
    6.80
    6.80
    6.80
    6.80
    6.80
    6.80
    6.80
    6.80
    6.80
    6.80
    6.80
    6.80
    6.80
    6.80
    6.80
    6.80
    6.80
    6.80
    6.80
    6.80
    6.80
    6.80
    6.80
    6.80
    6.80
    6.80
    6.80
    6.80
    6.80
    6.80
    6.80
    6.80
    6.80
    6.80
    6.80
    6.80
    6.80
    6.80
    6.80
    6.80
    6.80
    6.80
    6.80
    6.80
    6.80
    6.80
    6.80
    6.80
    6.80
    6.80
    6.80
    6.80
    6.80
    6.80
    6.80
    6.80
    6.80
    6.80
    6.80
    6.80
    6.80
    6.80
    6.80
    6.80
    6.80
    6.80
    6.80
    6.80
    6.80
    6.80
    6.80
    6.80
    6.80
    6.80
    6.80
    6.80
    6.80
    6.80
    6.80
    6.80
    6.80
   11.02
    6.80
    6.80
    6.80
    6.80
    6.80
    6.80
    6.80
    6.80
    6.80
    6.80
    6.80
    6.80
    7.31
   42.70
   43.04
   43.04
    6.88
    6.80
    6.80
   35.11
  104.86
  104.06
   35.62
    6.80
    7.08
    6.80
   72.15
  106.05
  106.10
   81.47
    6.51
    6.51
    6.51
    6.51
    6.51
   73.23
    6.85
    6.51
    6.51
   73.54
  107.94
  106.92
   31.88
    6.51
    6.51
    6.51
    6.51
   18.77
    6.51
   81.27
  106.61
  107.12
  107.66
  108.57
  109.36
  110.32
  110.55
   85.40
    6.37
    6.37
   49.89
  111.12
  110.69
  110.18
   84.61
    6.23
    6.23
   85.04
   58.90
    6.09
    6.09
    6.09
    6.14
    6.23
    6.23
   66.80
    6.09
    6.09
    6.09
    6.20
    6.23
   75.86
  110.24
  110.44
  110.27
   84.33
    6.09
    6.12
    6.23
    6.23
    6.23
    6.23
   16.62
    6.23
    6.23
    6.23
    6.23
    6.23
    6.23
    6.23
    6.23
    6.23
    6.23
   72.46
    6.23
    6.23
    6.23
    6.23
    6.23
    6.23
    6.23
    6.34
    6.37
    6.37
    6.37
    6.37
   70.51
   70.71
    6.80
    5.18
    7.99
    6.37
    6.37
    6.37
    6.37
    6.37
    6.37
    6.37
    6.37
    6.37
    6.37
    6.37
    6.37
    6.37
    6.37
    6.37
    6.37
    6.37
    6.37
    6.37
    6.37
    6.37
    6.43
    6.51
   70.34
  108.34
   12.23
   83.96
   84.47
    6.80
    6.51
   66.60
  109.64
  109.13
  108.88
   74.78
    6.51
    6.51
   74.78
  109.56
  109.10
   32.28
    6.51
    6.51
    6.51
    6.51
    6.51
    6.74
    6.80
    6.80
    6.80
    6.80
    8.35
   72.26
   62.64
   56.92
   56.92
   56.92
   56.92
   56.92
   56.92
   56.92
   56.78
   56.72
   57.23
   57.62
   57.85
   58.05
   57.79
   57.88
   57.77
   57.77
   57.77
   39.62
    6.51
    6.51
   68.10
  112.33
  112.08
  112.16
  112.59
   70.99
   42.76
   42.76
   64.11
   82.52
   82.23
   71.53
   59.92
   48.85
   42.19
   42.19
   42.19
   41.94
   41.91
   41.74
   41.48
   24.64
    9.91
    9.91
    9.91
    9.91
    9.91
    9.91
    9.91
    9.91
    9.91
    9.91
    9.91
    9.91
    9.68
    9.91
    9.91
    9.91
    9.91
    9.91
    8.30
    9.91
   10.11
    9.91
    9.91
    9.91
    9.91
    9.91
    9.91
    9.91
    9.91
    9.91
    9.91
    9.91
    9.91
   21.21
   28.32
   51.99
   59.52
   69.29
   66.32
   68.64
   68.24
   67.51
   39.87
    9.91
    9.91
    9.91
    9.91
   40.83
   58.33
   26.53
    9.91
    9.91
    9.91
    9.91
    9.91
    9.91
    9.91
    9.91
    9.91
    9.91
    9.91
    7.36
    9.91
    9.91
    9.91
    9.91
    9.91
    9.91
    9.91
    9.91
    9.91
    9.91
    9.91
    9.91
    9.91
    9.91
    9.91
    9.91
    9.91
    9.91
    9.91
    8.33
    7.08
    7.08
    7.08
    7.08
    7.08
    7.08
    7.08
    7.08
    7.08
    7.08
    7.08
    7.08
    7.08
    7.08
    7.08
    7.08
    7.08
    7.08
    7.08
    7.08
    7.08
    7.08
    7.08
    7.08
    7.08
    7.08
    7.08
    7.08
    7.08
    7.08
    7.08
    7.08
    7.08
    7.08
    7.08
    7.08
    7.08
    6.65
    7.08
    7.08
    7.08
    7.08
    7.08
    7.08
    7.08
    7.08
    7.08
    7.08
    7.08
    7.14
    7.08
    7.08
    7.08
    7.08
    7.08
    7.08
    7.08
    7.11
    7.08
    7.08
    7.08
    7.08
    7.08
   17.58
   23.79
   23.79
   23.79
   23.62
   23.50
   23.50
   13.05
    6.80
    6.80
    6.80
    6.80
    6.80
    6.80
    6.80
   17.13
   23.50
   23.50
   23.50
   13.03
    6.80
    6.80
    6.51
    6.80
    6.80
    7.08
   31.66
   90.39
  107.07
  107.07
   70.03
    2.83
    2.83
   72.89
  106.98
  107.35
  107.35
   68.36
    2.83
    2.83
    2.83
    2.83
   60.74
  107.72
   85.86
    2.83
    2.83
    2.83
    8.16
   59.72
  107.18
  106.67
  107.09
   85.89
    2.83
    2.83
    2.83
    2.83
   60.26
  107.55
  108.03
  107.58
  107.49
  107.69
  107.21
  107.26
  108.03
  107.58
  107.18
  107.09
  106.36
  106.67
  107.09
  107.09
  106.19
  106.02
  106.22
  106.87
  106.56
   85.29
   41.17
   42.19
   41.23
   50.49
  106.98
  106.58
   76.65
   20.30
   20.36
   26.48
   28.88
   54.45
   55.33
   29.53
   24.66
   24.92
   72.60
  106.10
  101.26
  106.24
   72.92
    2.83
    2.83
   79.71
  105.74
  104.26
    2.83
   54.93
   55.87
   54.88
   76.40
  106.02
  106.07
   81.04
   63.06
    2.83
    2.83
   54.79
   54.96
   56.80
   54.88
   54.88
    2.83
    2.83
   39.28
   38.88
   37.58
   22.43
   24.78
    2.83
    2.83
   33.98
   33.58
   33.30
   33.47
   33.30
    2.83
    2.83
   20.59
   20.36
   18.07
    2.83
    2.83
    2.83
    2.83
   29.45
   29.02
   29.82
   29.08
   29.39
    2.83
    2.72
   36.39
   33.95
   21.12
   21.15
   37.49
    2.83
    2.83
    2.83
    2.89
    2.83
    3.23
    2.83
    2.83
    2.83
    2.83
    2.83
    2.83
    2.83
    2.83
    2.83
    2.83
    2.83
    2.83
    2.83
    2.83
    2.83
    2.83
    2.83
    2.83
    2.83
    2.83
    2.83
    2.83
    2.83
    2.83
    2.83
    2.83
    2.83
    2.83
    2.83
    2.83
    2.83
    2.83
    2.83
    2.83
    2.83
    2.83
    2.83
    2.83
    2.83
    2.83
    2.83
    2.83
    2.83
    2.83
    2.83
    2.83
    2.83
    2.83
    2.83
    2.83
    2.83
    2.83
    2.83
    2.83
    2.83
    2.83
    2.83
    2.83
    2.83
    2.83
    2.83
    2.83
    2.83
    2.55
    2.41
    2.41
    2.41
    2.41
    2.41
    2.41
    2.41
    2.41
    2.41
    2.41
    2.41
    2.41
    2.41
    2.41
    2.41
    2.41
    6.57
    2.83
    2.83
    2.83
    3.91
    5.95
    5.95
    5.95
    5.04
    3.40
    3.40
    3.88
    4.53
    4.53
    3.94
    3.68
    3.68
    3.68
    4.47
    3.68
    3.68
    3.68
    3.68
    3.68
    3.31
    2.92
    2.83
    2.83
    2.83
    2.83
    2.61
    2.41
    2.41
    2.41
    2.41
    2.41
    2.41
    2.41
    2.41
    2.41
    2.49
    2.55
    2.55
    2.55
    2.55
    2.55
    2.55
    2.55
    2.55
    2.55
    2.55
    2.55
    2.55
    2.55
    2.55
    2.55
    2.55
    2.55
    2.55
    2.55
    2.55
    2.55
    2.55
    2.55
    2.55
    2.55
    2.55
    2.55
    2.55
    2.55
    2.55
    2.55
    2.55
    2.55
    2.55
    2.55
    2.55
    2.55
    2.55
    2.55
    2.55
    2.55
    2.55
    2.55
    2.55
    2.55
    2.55
    2.55
    2.55
    2.55
    2.55
    2.55
    2.55
    2.55
    2.55
    2.55
    2.55
    2.55
    2.55
    2.55
    2.55
    2.55
    2.55
    2.55
    2.55
    2.55
    2.55
    2.55
    2.55
    2.55
    2.55
    2.55
    2.55
    2.55
    2.55
   18.41
   27.75
   27.75
   27.75
   27.75
   27.75
   27.78
   27.58
   27.47
   27.47
   27.47
   27.47
   27.47
   27.47
   27.47
   27.47
   27.47
   27.47
   27.47
   16.85
   14.72
   27.47
   27.47
   27.47
   27.30
   27.18
    6.80
   18.94
   11.78
   64.85
   20.19
   20.27
   73.37
   86.11
  106.33
   84.67
   80.19
    2.83
    2.83
   58.33
   57.65
   77.59
   80.50
   80.99
    2.83
    2.83
   54.03
   54.00
   32.08
    2.83
    2.83
    2.83
    2.83
   47.86
   63.94
   63.54
   64.19
   61.70
    2.83
    2.83
   64.59
   63.09
   64.39
   63.94
   67.39
    3.09
    2.83
   41.48
   42.39
   41.65
   42.14
   50.04
    2.83
    2.83
   55.22
   64.53
   73.71
   73.09
   80.42
    2.83
    2.83
    2.83
    2.83
    2.83
   81.38
   80.59
   55.50
   55.61
   55.61
   64.70
  109.39
  108.11
  107.12
   57.51
   54.14
   80.22
   77.84
   28.85
    2.83
    2.83
    2.83
    2.83
    2.83
    2.83
    2.83
    2.83
    2.83
    2.83
    2.83
   80.25
  106.58
  106.87
  106.53
  106.95
  107.32
  106.81
  106.61
  102.76
    2.83
    2.83
  105.48
  106.53
  106.50
  107.24
  106.61
  106.95
  102.68
   82.97
  106.05
  106.41
  106.33
  106.19
  106.02
  106.22
  106.33
   55.47
   55.33
   54.96
   54.99
   29.17
   28.85
   29.00
    2.83
    2.83
    2.83
    7.67
    2.83
    2.83
    2.83
    2.83
    2.83
    2.83
   12.69
    2.83
    2.83
    2.83
    2.83
    2.72
   28.83
   30.27
   29.00
   28.66
   28.71
    2.83
    2.83
    2.83
    2.86
    2.83
   16.48
    2.83
    2.83
    2.83
   54.74
   54.65
   51.56
   50.23
   54.76
   69.69
   72.35
    2.83
    2.83
    2.83
    2.83
    2.83
    2.83
    2.83
    2.83
    2.83
    2.83
    2.83
   20.67
   20.16
   20.25
   28.91
   28.94
   28.94
   29.00
   28.80
   28.01
   25.77
   12.23
   12.03
    2.83
    7.90
   12.74
   12.74
   12.91
   58.84
  141.27
  148.38
  157.36
  156.25
   93.81
   78.30
   79.77
  131.96
  159.96
  159.00
  157.95
  156.76
  155.37
  101.60
   77.22
   76.94
   76.63
   76.34
   76.03
   75.72
   75.38
   32.20
    2.83
    2.83
    2.83
    2.83
    2.83
    2.83
    2.83
    6.12
    9.34
    9.34
    9.34
    9.34
    9.34
   42.39
   70.37
   74.50
   53.46
    6.80
    6.91
    7.08
    7.08
   52.22
   79.32
   57.51
    7.08
    7.08
    7.08
   65.84
  120.01
  119.58
  119.02
  118.19
  117.20
   72.21
   33.98
   33.98
   33.98
   19.79
    6.80
    6.80
    6.80
    6.80
    6.80
    6.80
   41.17
   78.58
   79.00
   79.00
  102.48
  117.03
  117.63
  117.80
  117.54
  116.64
  115.87
   87.58
   32.20
    9.91
    9.91
    9.91
    9.91
    9.91
    9.91
    9.91
    9.91
    9.91
    9.91
    9.91
    9.91
    9.91
    9.91
    9.91
    9.91
    9.91
    9.91
   46.50
   82.88
   82.52
   82.23
   38.23
    9.91
    9.91
    9.91
   35.59
   66.52
   66.23
   37.77
    9.91
    9.91
    9.91
    9.91
    9.91
    9.91
    9.91
    9.91
    9.91
    9.91
    9.91
    9.91
    9.91
    9.91
    9.91
    9.91
    9.91
    9.91
    9.91
    9.91
    9.91
    9.91
    9.91
    9.91
    9.63
    9.91
    9.91
    9.91
    9.91
    9.91
    9.91
    9.91
    9.51
    9.91
    9.91
    9.91
    9.91
    9.91
    9.91
    9.94
    9.91
    9.91
    9.91
    9.91
    9.91
    9.91
    9.91
    9.91
    9.91
    9.91
    9.91
    9.91
   11.16
    9.91
   11.27
    9.91
    9.91
    9.91
    9.91
    9.91
    9.57
    9.09
    9.91
    9.91
    9.91
   49.38
   55.42
   52.16
   40.92
  103.70
    6.80
    6.80
   49.02
   55.30
   54.17
   55.56
   49.61
   60.29
   57.43
   54.82
   46.55
   54.00
   55.53
   55.08
   55.47
   53.89
   51.51
   51.85
   48.25
   50.35
   51.31
   27.81
   27.35
   38.11
   38.14
   38.43
   38.06
   36.87
   29.34
   30.41
   38.45
    2.83
   43.78
   38.20
   34.83
   29.68
   28.01
   33.95
   35.17
   41.17
   16.25
   29.56
    2.83
    2.83
   41.00
   51.48
   52.50
   54.06
   53.15
   42.82
   43.86
   56.01
   55.76
   53.18
   53.86
   57.43
   44.74
   45.08
   54.85
   57.26
   50.97
   52.87
   52.07
   29.19
   29.51
   59.83
