19850101
  393.49
  789.45
  853.04
  818.73
  777.18
  988.37
  874.76
  844.07
  853.53
  786.16
  744.96
  533.06
  410.59
  557.25
  739.78
  631.95
  524.68
  416.74
  317.74
  437.61
 1042.17
 1060.69
  523.27
  472.55
  314.32
  193.26
  328.48
  468.16
  549.29
  454.26
  550.28
 1042.29
 1554.37
 1441.33
 1252.68
 1121.01
  904.72
  933.15
  958.41
  971.98
  755.24
  908.26
  873.69
  970.56
 1022.12
 1032.38
  866.61
  773.53
  780.36
  780.95
  911.69
  954.76
  882.07
  558.78
  320.09
  694.47
  636.19
  702.37
  686.80
  649.05
  854.35
  407.54
  591.82
  560.45
  592.90
  756.29
  761.38
  324.68
  214.16
  368.60
  362.94
  657.32
  776.36
  497.67
  311.71
  209.91
  526.69
  458.51
  442.56
  403.18
  339.69
  212.04
  212.86
  333.32
  316.44
  355.86
  588.51
  574.49
  301.23
  274.56
  330.49
  266.40
  241.51
  167.66
  170.84
  159.51
  165.54
  249.24
  187.49
  216.14
  201.16
  292.26
  121.99
  152.91
  164.24
  216.40
  268.67
  287.90
  304.63
  169.19
  162.71
  258.62
  315.51
  130.97
  121.99
  136.86
  112.79
  123.40
  124.48
  142.41
  153.02
  156.56
  153.99
  156.82
  160.81
  247.18
  206.49
  171.91
  147.25
  168.60
  102.31
  162.11
  154.21
  201.53
  543.09
  239.73
  206.37
   93.67
   98.51
  126.94
  273.97
  327.43
  490.11
  153.28
  115.50
   78.35
  109.61
  357.02
  316.67
  370.70
  462.87
  292.85
   98.77
  549.12
  620.25
  551.47
  796.30
  689.03
  237.86
   81.78
  443.75
  441.03
  186.30
  203.17
  264.99
  276.68
  180.52
  474.79
  217.11
   87.30
  157.64
  185.14
  574.49
  420.28
  265.13
  426.88
  598.19
  649.65
  490.25
  282.94
  124.11
  244.46
   92.40
  344.50
  275.38
  488.58
  241.40
  247.18
  282.94
  283.51
  268.53
  301.57
  519.02
  556.20
  397.85
  380.38
  362.57
  241.51
  176.05
  545.10
  445.17
  453.55
  562.80
  426.88
  507.47
  482.58
  608.81
  308.31
  385.11
  398.33
  504.63
  520.92
  642.31
  740.71
  510.41
  418.15
  421.58
  535.90
  512.42
  514.06
  520.10
  588.40
  589.47
  599.72
  601.51
  669.35
  618.61
  439.85
  632.99
  659.90
  595.48
  748.87
  594.06
  542.15
  587.46
  504.04
  375.57
  723.98
  936.95
  879.83
  848.09
  833.34
  827.33
  518.31
  417.56
  427.47
  561.61
  575.65
  526.81
  578.60
  652.48
  556.43
  590.89
  596.44
  565.52
  593.24
  361.52
  346.99
  360.81
  360.22
  564.44
  582.62
  690.93
  480.40
  348.07
  347.48
  362.57
  367.07
  415.55
  439.39
  320.57
  217.56
  525.05
  689.52
  861.54
  617.79
  511.94
  347.11
  264.99
  511.60
  715.60
  593.01
  597.85
  404.11
  331.90
  227.95
  500.27
  391.96
  385.34
  585.22
  577.18
  442.34
  292.37
  332.61
  433.36
  486.34
  607.99
  507.10
  232.57
  206.37
  353.25
  367.52
  274.67
  271.95
  268.90
  221.47
  203.88
  374.15
  535.67
  586.27
  666.64
  673.35
  640.07
  488.35
  622.04
  621.67
  511.94
  483.88
  453.78
  289.31
  241.40
  370.24
  529.41
  513.36
  538.50
  575.77
  462.64
  366.00
  514.77
  530.12
  434.07
  268.53
  658.14
  782.48
  844.32
  877.34
  947.91
 1001.00
  997.35
  928.57
  671.59
  461.34
  607.06
  552.29
  835.35
  867.91
  996.64
  812.69
  547.82
  954.87
  873.94
  801.37
  814.22
  812.58
  497.19
  440.44
  295.09
  416.97
  741.08
  804.68
  570.47
  315.85
  263.01
  276.20
  397.85
  345.24
  341.10
  566.00
  320.91
  252.95
  566.93
  542.38
  569.88
  497.56
  409.18
  300.27
  142.66
  392.78
  496.73
  417.79
  374.97
  363.98
  207.65
  157.16
  371.18
  380.15
  348.67
  284.36
  311.15
  191.14
  136.40
  781.43
  992.28
  763.14
  453.18
  388.42
  170.27
  160.10
  275.86
  225.01
  273.74
  450.83
  526.47
  390.55
  374.38
  394.43
  833.70
  950.03
  917.95
  580.61
  378.96
  299.22
  420.39
  845.37
  995.45
  991.46
  980.36
  475.72
  406.83
  561.86
  595.48
  548.04
  524.68
  512.42
  473.71
  297.81
  287.78
  785.57
  791.34
  842.79
  814.93
  327.77
  186.78
  473.60
  489.40
  483.51
  655.42
  512.90
  296.62
  204.11
  352.43
  418.38
  445.65
  834.16
  853.53
  958.64
  734.00
  363.05
  262.30
  237.75
  239.28
  263.35
  151.72
  145.72
  160.47
  142.52
  163.05
  169.19
  160.70
  141.81
   88.49
  180.29
  170.84
  205.67
  209.43
  246.02
  146.06
  141.10
  137.22
  139.46
  146.43
  149.48
  154.33
  149.97
  147.47
  150.45
  150.67
  162.94
  130.97
  135.69
  127.91
  140.76
  136.40
  124.71
  142.77
  144.90
  142.52
  120.35
  125.53
  157.75
  141.10
  116.81
  175.34
  230.67
  196.58
  192.78
  189.50
  173.21
  182.53
  184.40
  186.07
  184.29
  182.53
  185.96
  194.57
  179.59
  194.57
  182.53
  157.27
  183.72
  227.47
  224.41
  180.52
  218.97
  260.63
  241.88
  190.91
  192.55
  195.50
  166.73
  171.54
  166.36
  154.33
  158.23
  163.30
  151.38
  145.83
  130.14
  192.67
  204.70
  191.37
  395.95
  374.38
  397.37
  207.93
  316.30
   70.79
   88.26
  294.16
  595.25
  448.82
  484.70
  187.71
  231.97
  228.32
  355.86
  385.00
  338.05
  284.95
  149.37
  143.23
  145.24
  418.61
  527.63
  534.14
  409.55
  574.01
  165.88
  228.66
  497.78
  318.93
  506.53
  566.45
  602.44
  140.54
  144.64
  423.11
  500.61
  543.09
  670.17
  488.47
  192.07
  187.60
  387.94
  326.95
  337.20
  414.02
  445.88
  132.15
  143.37
  341.10
  329.07
  330.37
  362.57
  193.49
  140.54
  139.83
  311.00
  283.99
  363.87
  339.21
  388.31
  309.96
  140.06
  324.34
  333.54
  475.72
  320.57
  282.46
  135.81
  135.44
  474.42
  447.29
  444.80
  485.15
  545.33
  191.96
  198.22
  392.30
  415.44
  486.12
  572.00
  677.14
  219.57
  138.27
  390.55
  443.64
  556.79
  596.55
  543.09
  138.98
  139.94
  375.57
  538.61
  489.06
  538.50
  402.69
   95.94
   84.24
  278.10
  451.06
  581.09
  723.50
  693.05
  142.77
  144.78
  331.79
  371.77
  443.87
  497.33
  523.64
  364.81
  363.87
  420.28
  398.93
  302.06
  272.92
  283.65
  156.45
  156.22
  170.13
  256.98
  289.65
  353.25
  325.64
  140.88
  139.23
  595.36
  588.65
  615.89
  619.91
  629.57
  428.07
  526.21
  309.02
  453.07
  423.22
  414.50
  427.47
  239.87
  234.69
  546.88
  535.78
  591.48
  541.08
  513.98
  498.26
  314.32
  456.50
  485.46
  527.63
  891.39
  968.44
  703.79
  542.04
  643.16
  636.19
  633.96
  644.92
  438.57
  433.13
  304.63
  781.32
  654.12
  759.83
  539.10
  705.68
  566.45
  499.91
  775.29
  914.04
  905.43
  907.55
  743.20
  776.25
  832.18
  913.22
  956.51
  766.08
  714.29
  760.90
  705.57
  770.81
  896.34
  962.77
  978.83
 1001.71
 1013.04
  828.64
  846.67
 1037.33
 1094.33
 1095.04
 1002.64
  916.87
  863.32
  869.81
  856.10
  940.12
  995.71
 1069.19
 1107.08
 1021.76
  901.55
  720.78
  800.77
  888.92
  865.90
  876.89
  590.63
  540.26
  538.61
  599.61
  644.43
  477.51
  514.18
  465.59
  443.16
  851.40
  863.89
  692.23
  618.02
  638.54
  905.43
  929.27
 1032.52
  952.64
  784.74
  809.86
  815.41
  779.08
  908.97
 1032.04
  979.65
  971.75
  966.09
  940.12
  821.90
  710.27
  983.19
 1000.07
  885.01
  873.69
  857.77
  403.88
  273.97
  503.81
  623.20
  736.95
  823.31
  955.58
  841.72
  367.64
  771.63
 1101.41
  941.65
  944.59
 1789.74
 1994.44
 1650.76
 1532.54
 1671.77
 1673.04
 1457.72
 1255.37
 1249.25
 1163.71
 1244.19
 1245.46
 1247.84
 1150.15
 1232.49
 1140.46
 1154.51
  749.09
  727.63
  965.01
  648.34
  692.83
  397.51
  255.22
  441.74
  568.35
  637.84
  519.13
  678.19
  342.29
  250.97
  305.71
  675.95
  560.90
  490.48
  534.71
  513.84
  297.10
  248.85
  427.47
  538.95
  377.21
  252.13
  165.88
  161.89
  261.59
  435.14
  531.31
  572.23
  674.76
  702.14
  720.32
  945.78
  659.07
  649.39
  780.95
  625.92
  606.58
  677.85
  674.31
  758.30
  820.00
  807.96
  807.96
  473.37
  536.01
  610.94
  560.79
  787.10
  732.70
  578.15
  303.36
  138.53
  735.30
  705.09
  700.62
  673.60
  573.42
  223.11
  192.44
  581.43
  555.01
  638.91
  826.51
  664.62
  757.48
  193.86
  347.11
  685.38
  714.89
  745.67
  787.32
  553.25
  349.94
  660.15
  661.91
  645.85
  513.24
  378.51
  290.47
  296.14
  757.36
  684.08
  689.63
  521.40
  453.78
  500.87
  382.76
  568.57
  574.95
  535.90
  515.59
  428.41
  437.61
  312.19
  541.56
  619.80
  480.57
  502.74
  420.51
  244.71
  225.83
  515.73
  631.95
  443.39
  581.57
  507.24
  286.00
  320.91
  687.39
  766.91
 1089.97
  886.32
  738.84
  392.19
  543.09
  727.03
  780.02
  659.56
  803.86
  809.98
  669.35
  463.91
  695.41
  719.96
  684.56
  684.56
  670.17
  670.29
  597.97
  706.62
  722.67
  712.88
  673.60
  765.26
  915.82
  918.54
  738.14
  783.07
  629.23
  582.02
  600.91
  815.19
  646.70
  734.34
  747.93
  735.76
  690.11
  720.66
  718.06
  728.93
  641.38
  626.74
  627.81
  630.53
  657.43
  508.17
  508.40
  562.68
  663.92
  667.23
  639.73
  523.15
  559.74
  294.98
  508.66
  321.06
  321.51
  269.94
  308.88
  311.26
  327.88
  390.66
  490.59
  505.23
  490.36
  544.76
  451.06
  354.89
  463.80
  556.43
  620.03
  551.70
  345.95
  601.03
  353.85
  513.13
  537.31
  599.01
  620.62
  431.72
  275.04
  205.07
  455.67
  550.17
  421.69
  732.81
  775.88
  597.26
  234.69
  646.45
  628.04
  761.38
  753.23
  704.75
  477.62
  311.26
  606.35
  722.19
  715.93
  757.14
  584.74
  243.19
  138.27
  419.57
  395.25
  486.94
  775.06
  866.98
  119.04
   93.90
  285.77
  304.63
  314.69
  325.05
  275.75
  212.97
  240.10
  341.10
  255.22
  283.39
  326.95
  568.94
  451.31
  234.92
  284.81
  340.28
  382.99
  581.68
  395.13
  328.36
  235.74
  357.39
  345.24
  611.53
  730.46
  753.60
  476.20
  281.87
  454.15
  377.69
  452.96
  197.17
  229.96
  187.26
  126.72
  490.36
  375.57
  306.64
  312.56
  366.36
  136.03
  142.66
  281.16
  230.78
  225.23
  183.35
  196.32
  178.17
  180.04
  183.35
  207.42
  408.58
  557.02
  686.91
  421.81
  119.53
  225.94
  225.94
  201.64
  134.73
  110.21
  352.43
  143.11
  446.47
  709.71
  475.95
  299.22
  105.96
  105.25
  190.32
  612.35
  780.13
  730.23
  669.69
  654.35
  343.82
  229.96
  686.80
  677.71
  487.98
  807.03
  725.28
  287.19
  306.42
  370.61
  522.81
  928.08
 1244.04
  999.47
 1001.71
  522.56
  791.34
  898.47
  788.28
  481.05
  217.81
  106.41
  110.10
  479.26
  614.59
  827.67
  675.72
  964.78
  647.52
  322.90
  615.18
  673.71
  680.91
  705.32
  905.43
  633.36
  391.37
  395.84
  494.36
  440.10
  392.90
  762.91
  265.95
  355.97
  535.67
  475.84
  709.11
  793.35
  645.85
  332.72
   81.18
  288.49
  287.08
  141.58
  117.88
  122.47
  129.92
  155.03
  480.79
  343.94
  156.22
  167.89
  329.78
  395.50
  454.49
  650.24
  940.49
 1049.51
  884.42
  362.68
  122.95
  121.76
  115.50
  124.48
  122.47
  130.85
  137.34
  116.33
  108.20
  173.67
  154.92
  130.63
  105.96
  115.05
  121.17
  125.42
  139.35
  157.87
  138.16
  155.15
  191.37
  183.12
  158.80
  183.83
  151.72
  119.04
  250.60
  173.67
  139.83
  122.36
  154.69
  153.99
  217.70
  177.69
  203.65
  176.98
  166.25
  170.61
  195.75
  134.28
  142.52
  179.59
  132.49
  132.04
  138.64
  123.06
  135.92
  131.90
  241.17
  140.76
  141.47
  158.80
  144.53
  139.69
  150.08
  138.75
  151.61
   95.57
  137.34
  144.90
  150.90
  159.65
  145.61
  137.22
  148.66
  264.88
  125.19
  113.64
  121.05
  115.16
  137.93
  155.15
  162.34
  162.60
  156.82
  167.55
  157.16
  177.46
  179.70
  173.33
  181.82
  267.48
  248.96
  214.16
  203.17
  223.48
  257.68
  458.02
  285.29
  260.63
  298.26
  197.51
  198.33
  402.21
  393.26
  435.26
  454.85
  473.83
  321.51
  212.26
  327.43
  302.51
  412.49
  283.39
  295.09
  198.10
  157.27
  186.89
  382.76
  425.69
  429.59
  348.52
  209.43
  213.57
  284.36
  278.58
  277.51
  278.69
  373.53
  371.66
  251.09
  250.60
  250.72
  250.60
  250.60
  249.41
  199.04
  200.82
  264.99
  261.93
  261.11
  262.30
  387.23
  205.78
  204.11
  251.20
  296.99
  255.45
  273.03
  278.33
  210.03
  210.25
  304.77
  364.81
  475.24
  549.46
  577.78
  280.93
  263.23
  520.21
  355.04
  415.44
  318.93
  316.92
  319.98
  259.92
  324.45
  326.95
  327.54
  223.82
  224.18
  209.43
  208.36
  208.84
  210.37
  274.79
  471.25
  408.84
  223.70
  127.31
  331.90
  315.02
  312.42
  230.19
  242.22
  162.60
  237.75
  305.71
  366.93
  455.56
  527.88
  460.52
  239.76
  202.69
  145.49
  421.44
  229.59
  207.42
  274.56
  182.16
   78.24
  146.31
  155.63
  165.65
  168.26
  171.43
  122.58
  118.00
  252.02
  223.48
  223.00
  370.61
  391.00
  257.91
  141.95
  274.79
  284.70
  348.41
  542.04
  284.81
  177.91
  177.80
  189.61
  225.01
  352.66
  436.67
  404.45
  257.80
  170.38
  349.37
  495.91
  663.80
  411.19
  343.12
  224.89
  145.12
  410.11
  575.54
  467.00
  198.10
  174.97
  119.41
  456.72
  561.15
  362.94
  370.47
  344.05
  410.82
  259.33
  159.40
  517.60
  211.33
  373.30
  761.13
  785.31
  374.15
  305.48
  559.48
  665.33
  736.72
  709.34
  648.34
  356.20
  326.83
  740.37
  693.65
  691.87
  717.01
  625.92
  160.22
  152.57
  561.15
  464.17
  412.12
  433.84
  750.51
  493.08
  472.89
  862.47
  799.47
  376.84
  203.06
  607.88
  440.92
  219.23
  445.51
  132.61
  150.45
  127.65
  291.89
   91.55
  401.99
  627.44
 1030.51
  561.27
  664.74
  361.63
  252.25
  206.83
  693.65
  557.25
  734.60
  789.81
  731.28
  829.57
  793.95
  871.11
  853.87
  946.97
 1157.45
 1532.76
 1719.20
 1721.44
 1724.72
 1847.90
 1964.48
 1557.31
 1249.71
  974.47
  998.76
  925.96
  939.64
  898.01
  931.85
  964.19
  446.70
  209.77
  866.98
  602.92
  478.78
  320.80
  681.25
  500.50
  248.25
  822.97
  633.96
  920.78
  941.20
  976.34
  854.57
  887.03
  891.87
  873.09
  835.94
 1027.56
 1025.30
  911.58
 1029.54
 1241.21
 1275.90
 1267.77
 1339.27
 1410.77
 1411.00
 1337.49
 1268.25
 1267.29
 1265.17
 1264.83
 1265.06
 1262.59
 1259.87
 1473.41
 1712.12
 1706.46
 1453.25
 1134.32
  744.39
  774.69
 1023.77
  819.66
  594.17
  786.02
  808.45
  418.61
  214.39
  405.16
  604.45
  844.78
  850.92
  798.05
  688.69
  619.80
  752.04
  500.27
  486.82
  553.96
  675.47
  210.03
   87.56
  224.18
  224.07
  136.40
  195.27
  187.37
  485.41
  822.49
  467.60
  478.07
  637.02
  589.36
  404.93
  146.77
  128.73
  274.19
  293.90
  326.72
  297.21
  364.95
  139.83
  138.75
  314.09
  325.76
  540.85
  193.26
  265.84
   99.70
   94.75
  228.66
  206.94
  329.66
  535.08
  792.76
  538.73
  563.62
 1072.02
 1147.91
 1280.40
 1320.98
 1127.49
 1006.18
 1004.06
  850.44
  734.34
  772.40
  811.50
  858.23
  619.20
  704.98
  738.73
  753.60
  773.64
  744.62
  822.72
  703.45
  356.68
  672.19
  537.31
  556.43
  593.46
  646.56
  622.63
  468.05
  405.16
  572.93
  767.75
  688.47
  700.73
  780.50
  516.19
  765.74
 1080.51
 1203.69
 1332.42
 2298.62
 2001.52
 1971.67
 2232.30
 2397.25
 3075.10
 2566.81
 2273.96
 2273.62
 2244.48
 1996.82
 1712.35
 1581.61
 1440.62
 1352.50
 1310.14
 1416.32
 1385.63
 1141.40
 1421.73
 1794.81
 1798.60
 1796.00
 1550.35
 1245.46
 1268.48
 1242.18
 1091.02
 1217.40
 1228.72
 1227.65
 1095.98
  986.02
 1000.18
 1000.41
  959.23
  825.66
  614.14
  946.86
  947.68
  777.67
  926.44
  813.17
  861.43
  858.71
  879.95
  886.20
  819.06
  919.48
  950.96
  958.75
  963.85
  957.11
  626.74
  410.11
  238.57
  328.84
  814.11
  825.10
  978.57
  986.13
  942.84
  937.66
  888.92
  834.64
  831.47
  926.56
  924.77
  924.77
  906.51
  904.95
  858.00
  874.65
  766.08
 1063.78
 1163.23
 1178.80
 1085.72
  925.96
  865.79
  777.41
 1004.54
  975.40
  973.39
  953.57
  832.74
  789.22
 1090.68
 1076.86
 1042.17
 1021.76
  767.87
  883.97
 1047.38
  897.53
 1046.42
 1056.81
  882.78
  934.94
 1089.97
 1072.02
 1032.63
 1115.20
 1165.83
 1049.51
 1166.54
 1416.44
 2059.34
 2234.31
 1712.46
 1712.23
 1711.53
 1704.56
 1489.35
 1254.66
 1255.85
 1257.38
 1217.28
 1074.40
 1057.04
 1053.05
 1064.01
 1094.93
 1112.14
 1138.22
 1219.27
 1151.31
  809.27
 1213.60
 1223.17
 1230.85
 1192.03
 1253.25
 1129.02
 1004.43
 1033.08
 1103.31
 1140.23
 1121.23
 1114.75
 1122.06
 1116.87
 1012.33
 1108.60
 1116.39
 1121.23
 1190.61
 1193.56
 1227.76
 1250.19
 1240.05
 1234.02
 1256.08
 1484.17
 1704.90
 1699.01
 1692.04
 1569.46
 1457.98
 1405.70
 1347.88
 1498.19
 1658.18
 1500.08
 1357.45
 1480.26
 1510.36
 1556.72
 1373.25
  941.54
 1218.11
 1333.72
 1427.99
 1424.71
 1408.88
 1416.21
 1410.55
 1414.31
 1308.95
 1259.05
 1259.62
 1247.95
 1258.46
 1259.17
 1261.03
 1252.79
 1260.69
 1330.30
 1398.85
 1577.14
 1742.42
 1491.96
 1274.74
  657.55
  663.80
  596.78
  626.62
  512.90
  625.46
  710.04
  936.69
 1226.60
 1226.35
 1233.79
 1233.57
 1236.26
 1384.21
 1682.25
 1845.78
 1834.82
 1582.20
 1289.01
 1289.61
 1288.42
 1275.33
 1341.62
 1356.04
 1172.32
  998.99
 1012.21
 1252.54
 1258.68
 1448.77
 1658.32
 1387.98
 1160.06
 1119.68
 1241.47
 1669.16
 2252.38
 2142.65
 1651.95
 1424.34
 1711.53
 2088.14
 2074.80
 2060.16
 2038.11
 1777.96
 1495.72
 1913.28
 2435.48
 2411.77
 2406.71
 2398.92
 2204.13
 1999.99
 2481.86
 3219.03
 3190.83
 3153.68
 3104.23
 2711.93
 2324.47
 2327.16
 2136.17
 1909.38
 1909.04
 1795.40
 1544.68
 1422.44
 1593.19
 1764.85
 1767.79
 1442.86
 1111.21
  956.06
 1104.58
 1138.82
  936.69
  936.35
  954.28
 1013.15
 1327.01
 1656.42
 1679.30
 1996.11
 2366.95
 2347.35
 2099.92
 1552.47
 1013.63
  877.94
 1232.86
 1054.09
  912.62
  975.52
  943.77
  782.48
  438.80
  577.55
  677.14
  674.05
  593.72
  836.65
  253.92
  257.68
  450.95
  433.36
  463.35
  460.86
  403.03
  111.37
  111.62
  114.80
  122.24
  432.43
  444.35
  129.44
  135.92
  127.43
  132.27
  123.29
  314.32
  366.48
  242.11
  136.74
  129.55
  148.78
  329.89
  477.03
  577.18
  823.09
  395.25
  580.72
  720.66
  779.90
  698.83
  732.92
  745.21
  539.92
  460.52
  575.06
  686.91
  920.18
  719.62
  762.66
  808.67
  267.71
  488.95
  753.60
  744.73
  923.24
  762.54
  822.01
  300.39
  433.13
  781.06
  924.32
  924.21
  924.54
  821.19
  815.75
  921.71
  691.41
  828.04
  864.37
  712.99
  661.09
  682.55
  662.02
  700.36
  817.65
  851.29
  717.24
  638.91
  241.17
  642.57
  683.03
  755.58
  661.68
  622.86
  222.29
  162.82
  530.23
  411.53
  532.02
  770.93
  795.36
  292.14
  125.90
  428.66
  382.65
  437.98
  607.40
  656.61
  163.30
  166.84
  650.81
  759.26
  696.00
  493.31
  725.73
  526.47
  799.95
  800.66
  778.23
  673.60
  587.69
  656.58
  682.44
  475.38
  809.04
  828.49
  963.71
  909.79
  780.24
  615.78
  524.57
  843.36
  889.26
  916.87
  961.47
  851.40
  686.68
  624.98
 1002.08
 1044.30
 1052.08
  993.21
  964.78
  697.67
  756.88
  951.45
  969.03
  992.17
  953.80
  927.15
  627.33
  577.44
  931.03
 1011.85
  997.09
  984.46
  959.94
  705.54
  581.06
  863.41
  898.80
  981.75
 1061.29
  710.27
  373.56
  361.04
  698.01
  839.59
  927.38
  916.76
  939.41
  448.00
  514.06
  984.83
  832.03
  794.29
  711.94
  692.12
  636.42
  549.35
  503.70
  475.50
  504.75
  611.16
  717.61
  577.55
  361.75
  375.08
  439.28
  408.24
  387.83
  413.65
  397.74
  383.10
  462.87
  370.84
  368.12
  351.61
  336.49
  377.44
  381.34
  590.29
  677.85
  828.64
  465.47
  467.11
  354.89
  370.72
  644.43
  757.59
  685.27
  750.99
  852.00
  712.99
  394.79
  649.05
  685.75
 1013.15
  747.79
  753.82
  655.42
  246.13
  495.91
  472.18
  591.23
  654.49
  539.21
  370.24
  327.17
  736.46
  826.26
  815.64
  821.56
 1068.25
  956.77
  571.77
  762.80
  765.04
  725.99
  745.67
  851.52
  508.66
  541.08
  723.98
  705.20
  531.54
  380.75
  321.17
  636.42
  310.07
  821.56
  313.98
  492.49
  809.15
  567.75
  481.87
  482.46
  482.21
  540.97
  927.86
  702.63
  696.00
  497.56
  505.23
  497.56
  500.61
  474.79
  460.15
  457.20
  456.13
  455.19
  456.50
  650.47
  762.43
  936.35
  821.19
 1118.40
 2727.03
 2833.33
 1524.04
 1843.43
 1830.12
 2099.58
 2388.95
 2338.15
 2346.50
 2325.89
 2135.80
 1828.45
 1449.00
 1251.01
 1254.44
 1335.96
 1420.09
 1422.69
 1425.75
 1425.87
 1427.40
 1428.25
 1426.35
 1425.05
 1340.58
 1257.27
 1257.27
 1018.10
  718.20
 1205.96
 1255.51
 1256.45
  927.38
  648.34
  461.68
  460.38
  551.95
  460.26
  459.33
  699.91
  588.76
  573.53
  506.05
  484.70
  471.25
  462.64
  459.81
  589.81
  458.51
  461.08
  467.60
  470.99
  470.65
  466.75
 1059.98
  957.48
  652.22
 1293.03
 2616.59
 3293.62
 2843.12
 2533.65
 2510.29
 2487.15
 2459.09
 2346.53
 2206.96
 2128.12
 1816.64
 1598.71
 1602.25
 1829.64
 2129.31
 2126.00
 1997.75
 1720.25
 1568.87
 1421.28
 1270.01
 1267.89
 1269.42
 1267.66
 1269.08
 1267.41
 1265.42
  952.86
  896.00
  973.62
  980.58
 1057.41
  694.24
  966.68
 1263.75
 1263.04
 1262.70
 1262.11
 1265.54
 1413.12
 1662.20
 1815.82
 1980.88
 1656.65
 1278.99
 1096.09
  509.70
  435.14
  698.01
  730.35
  797.83
  830.99
  759.26
  604.68
  405.41
  271.62
  335.67
  540.26
  503.45
  560.56
  506.28
  537.43
  651.29
  277.17
  472.41
  690.34
  526.69
  352.66
  280.34
  450.46
  514.06
  638.43
  674.05
  705.68
  711.12
  437.98
  276.68
  433.62
  590.07
  515.85
  514.55
  190.80
  145.94
  391.59
  853.64
  936.10
  782.14
  636.90
  523.52
  537.54
  449.42
  450.12
  574.72
  460.15
  353.73
  469.01
  484.81
  103.84
  575.31
  574.72
  659.44
  722.79
  618.02
  775.66
  653.41
  814.82
  607.88
  416.74
  410.37
  285.41
  323.18
  423.11
  327.65
  390.29
  550.76
  860.49
  328.36
  386.64
  504.97
  640.44
  874.76
  888.81
  873.35
  619.32
  546.63
  792.16
  914.41
  953.80
  944.85
  843.13
  808.33
  615.18
  617.79
  787.92
  805.39
  829.09
  560.08
  788.28
  686.20
  893.06
  849.62
  726.44
  802.56
  849.62
  803.60
  465.93
  567.98
  600.20
  613.88
  590.77
  600.54
  644.21
  534.48
  672.41
  719.96
  756.77
  874.28
 1048.09
  554.42
  401.99
  622.63
  659.67
  608.33
  831.47
  845.97
  809.75
  765.86
  794.66
  786.39
  717.61
  681.73
  793.47
  852.00
 1043.48
  853.16
  848.57
  876.07
  958.75
  795.93
  809.15
  752.63
  889.26
  918.77
  892.69
  849.99
  769.74
  660.01
  642.45
  892.58
  915.71
  964.42
  781.43
  789.93
  702.26
  721.85
  952.86
  917.83
  923.24
  930.92
  879.24
  865.67
  367.64
  873.46
  865.79
  860.61
  871.34
  918.06
  705.91
  732.59
  845.97
  790.41
  682.21
  588.40
  641.86
  414.96
  499.20
  507.95
  533.55
  588.51
  695.29
  687.28
  495.32
  376.98
  751.22
  624.61
  722.56
  733.29
  330.60
  351.02
  214.61
  565.52
  582.39
  585.11
  599.27
  539.10
  300.39
  250.97
  695.18
  662.84
  799.24
  652.82
  703.08
  225.35
  218.41
  413.54
  440.81
  473.49
  384.88
  469.46
  317.63
  265.95
  543.80
  519.84
  539.55
  522.67
  524.57
  397.96
  381.34
  993.10
 1030.14
  941.76
  726.70
  664.14
  605.75
  606.21
  949.69
  952.98
  673.60
  558.92
  555.38
  332.61
  269.83
  609.04
  670.29
  671.22
  633.59
  624.98
 1105.55
 1009.27
 1010.91
  984.83
  913.70
  394.20
  445.99
  334.85
  963.00
 2245.19
 3557.30
 3493.48
 3056.10
 2688.57
 2273.62
 1979.94
 1833.52
 1768.98
 1857.10
 1860.08
 1862.54
 1880.24
 1899.58
 1975.58
 2044.70
 2032.92
 2025.96
 1822.56
 1595.88
 1589.76
 1397.92
 1380.81
 1528.77
 1533.36
 1530.64
 1527.58
 1523.33
 1522.03
 1336.33
 1265.06
 1231.07
 1470.95
 1831.28
 1957.18
 2172.27
 2140.87
 1839.89
 1573.11
 1270.12
 1089.49
  976.00
 1054.46
 1122.65
 1069.67
  953.46
  951.45
  627.93
  642.68
  777.41
  775.88
  978.01
 1041.95
  801.96
  469.46
  469.24
  855.99
  873.46
  902.00
  923.61
  926.90
  664.03
  618.13
  637.50
  550.17
  601.14
  537.79
  548.41
  451.54
  455.42
  357.50
  209.06
  210.48
  401.99
  215.21
  305.48
  308.17
  478.67
  472.30
  476.66
  472.41
  490.59
  489.54
  224.78
  224.07
  371.55
  663.69
  942.72
 1244.19
 1242.06
 1242.40
 1242.63
 1049.51
 1006.89
 1004.54
  959.60
  402.92
  401.87
  748.39
  997.69
 1124.77
 1049.96
  871.68
  637.61
  404.45
  622.15
  969.97
  656.84
  489.17
 1000.66
  765.97
  426.06
  638.66
  685.38
  754.05
  788.40
  917.69
  516.44
  215.32
  256.04
  733.77
  863.32
  639.96
  839.96
  113.49
  108.79
  380.97
  399.49
  414.96
  400.80
  291.32
  117.88
  116.33
  215.43
  263.83
  218.04
  120.12
  119.64
  121.42
  117.88
  118.59
  119.75
  116.69
  115.16
  113.75
  113.49
  113.98
  114.80
  115.62
  115.99
  117.40
   53.92
   51.45
   50.49
  128.73
  128.02
  136.29
  119.87
  134.62
  262.75
  351.61
  643.50
  767.05
  585.82
  485.75
  610.34
  531.88
  618.50
  537.43
  624.98
  532.13
  456.13
  550.42
  306.64
  313.13
  271.62
  274.08
  392.08
  385.70
  395.25
  538.25
  387.83
  380.86
  381.94
  551.70
  374.15
  513.95
  374.60
  433.13
  534.59
  692.83
  900.14
  836.99
 1016.69
  665.81
  551.58
  892.58
  977.87
 1049.03
  920.30
  875.22
  668.16
  356.57
  746.52
  825.92
  748.27
  700.96
  640.56
  503.45
   33.39
  623.08
  626.99
  776.48
  828.75
  396.10
  492.01
  331.31
  832.88
  820.48
 1177.50
  952.98
  879.83
  717.83
  662.27
  820.96
  821.78
  750.17
  713.58
  673.23
  396.92
  288.61
  547.99
  583.55
  725.51
  544.50
  528.82
  503.22
  390.66
  650.47
  634.67
  772.57
  696.48
  715.82
  259.81
  309.36
  748.05
  697.10
  787.58
  761.24
  813.29
  373.90
  331.53
  938.48
  830.50
  871.34
  854.46
  609.18
  200.00
  202.24
  794.17
  879.24
  714.52
  644.58
  527.06
  193.15
  144.42
  869.44
  906.03
  905.66
  886.20
  866.50
  436.56
  542.27
  859.78
  857.18
  847.27
  723.72
  551.47
  454.60
  451.65
  451.43
  879.24
  774.83
  786.87
  704.15
  728.82
  600.20
  848.68
  860.72
  851.15
  759.83
  770.22
  420.28
  412.12
  836.76
 1024.02
  740.85
  831.10
  690.93
  409.40
  450.83
  631.24
  654.12
  671.59
  518.42
  398.67
  256.04
  520.44
  747.79
  644.92
  629.82
  670.40
  650.95
  686.34
  574.24
  699.91
  683.63
  704.49
  682.55
  670.17
  494.02
  458.73
  878.05
  833.59
  818.73
  820.14
  875.47
  648.46
  614.48
  754.30
  789.45
 1024.73
  975.63
  994.15
  685.98
  804.57
  698.12
  719.36
  797.60
  748.05
  965.26
  913.22
  906.03
  933.97
  970.67
 1000.18
 1051.94
  982.25
  880.43
  822.01
  971.04
  975.40
 1016.24
 1025.07
 1007.37
  845.74
  794.06
  984.83
 1017.51
 1214.79
 1243.34
 1245.60
 1246.65
 1184.47
 1217.99
 1219.86
 1220.82
 1221.39
 1185.88
  896.00
  838.07
 1209.84
 1081.70
 1000.89
  952.98
  975.52
  943.77
  833.93
  985.65
 1083.12
 1080.66
 1065.53
 1238.27
 1251.26
 1435.07
 1833.63
 2009.19
 2014.97
 2178.50
 2346.16
 2354.55
 2360.21
 2360.58
 2345.00
 2322.46
 2120.00
 1918.24
 1915.29
 1913.17
 1909.49
 1806.50
 1557.65
 1401.91
 1512.01
 1624.34
 1623.97
 1623.26
 1620.80
 1617.60
 1621.51
 1534.43
 1442.74
 1439.20
 1438.86
 1383.16
 1327.35
 1295.86
 1241.10
  967.13
  652.93
  787.69
 1102.46
 1233.20
 1259.05
 1081.82
  896.00
  838.18
 1034.05
  884.90
  962.29
  983.30
 1103.31
  458.96
  400.68
  954.76
  823.79
  763.14
  676.29
  454.37
  453.30
  453.55
  786.98
  538.39
  600.54
  839.71
 1129.96
  447.63
  464.28
  618.95
  926.67
 1084.54
 1067.91
  921.23
  457.69
  448.34
 1102.46
 1166.43
  998.17
  930.80
  811.99
 1121.12
 1227.31
 1259.87
 1259.62
 1259.87
 1245.94
  709.22
 1044.89
 1040.16
 1209.24
 1224.22
 1226.71
  980.24
  835.12
  646.56
  494.02
  624.98
 1720.84
 2858.25
 2291.91
 1551.06
 1580.90
 1755.16
 2120.00
 2547.47
 2164.34
 1448.29
 1252.43
 1232.60
 1180.10
  889.63
  811.50
 1061.66
  983.90
  711.23
  555.38
  729.27
  790.97
  952.86
  946.60
  970.56
  997.46
  738.25
  588.28
  798.42
  788.28
  791.57
  860.72
  877.48
  172.62
  259.69
  452.25
  574.72
  632.77
  627.33
  696.00
  256.86
  302.88
  289.77
  319.64
  327.99
  455.56
  459.44
  364.95
  258.39
  584.03
  602.44
  402.81
  411.67
  364.81
  413.79
  240.10
  375.31
  553.82
  579.31
  882.18
  570.58
  299.56
  139.46
  494.61
  561.86
  414.36
  483.17
  490.11
  254.96
  159.51
  137.22
  513.02
  561.38
  611.42
  477.03
  470.88
  309.73
  591.00
  700.96
  693.17
  632.29
  550.54
  600.43
  309.13
  532.47
  531.88
  482.58
  488.83
  407.76
  490.11
  552.89
  455.90
  475.95
  501.58
  505.23
  522.56
  478.33
  333.20
  359.85
  333.20
  389.58
  395.02
  494.02
  504.27
  292.26
  350.42
  351.95
  337.08
  368.71
  379.56
  379.67
  391.96
  394.20
  395.02
  412.49
  411.42
  411.78
  475.38
  474.79
  561.86
  647.97
  639.25
  639.62
  651.40
  342.75
  341.44
  694.95
  692.35
  619.54
  676.66
  678.08
  569.17
  521.40
  710.53
  709.11
  720.18
  683.74
  648.23
  273.37
  286.23
  785.91
  734.34
  785.31
  739.89
  835.12
  763.03
  469.83
  841.49
  774.47
  772.12
  774.13
  702.63
  529.04
  558.07
  713.10
  620.96
  796.89
  895.41
  815.89
  654.83
  340.03
  635.49
  737.77
  725.85
  714.77
  714.66
  485.41
  366.82
  382.65
  902.97
  912.88
  823.91
  791.12
  194.34
  193.15
  620.37
  761.84
  804.42
  537.31
  494.02
  310.78
  275.98
  615.55
  692.01
  939.89
  959.12
  692.23
  440.92
  419.09
  701.32
  763.03
  594.65
  578.97
  549.57
  359.51
  217.33
  526.92
  492.49
  495.43
  550.65
  564.33
  216.62
  159.51
  359.14
  363.28
  367.18
  364.10
  422.86
  225.83
  195.39
  354.56
  391.37
  667.46
  339.58
  360.33
  457.20
  135.10
  446.81
  243.89
  264.88
  443.53
  509.36
  290.96
  179.33
  663.21
  644.69
  432.77
  433.25
  384.17
  268.78
  269.94
  564.92
  614.36
  535.08
  425.23
  445.51
  200.57
  242.48
  795.82
  573.19
  582.85
  621.44
  695.55
  406.94
  408.95
  622.63
  543.80
  395.84
  207.65
  199.15
  252.73
  209.20
  995.34
 1038.52
 1065.31
  817.17
  778.23
  672.89
 1233.57
 1565.92
 1931.32
 1705.16
 1446.17
 1479.78
 1515.18
 1391.66
 1102.12
 1056.81
 1119.70
 1036.76
 1026.37
  936.47
  720.66
  938.59
  911.09
  970.93
  968.66
  997.23
  575.31
  464.76
  609.18
  527.29
  945.19
 1177.27
 1116.76
  986.84
  939.30
 1050.44
 1061.54
 1214.45
 1028.61
 1024.59
 1098.35
 1264.35
 1268.37
 1267.41
 1446.51
 1645.32
 1643.09
 1641.56
 1637.53
 1636.01
 1635.30
 1633.88
 1535.85
 1410.41
 1410.29
 1337.04
 1127.24
  997.12
 1126.90
 1261.74
 1410.29
 1567.22
 1565.44
 1561.45
 1482.39
 1339.87
 1261.18
 1260.58
 1260.10
 1026.37
 1135.51
 1086.32
  986.02
 1395.09
 2783.43
 3792.11
 3442.03
 3037.21
 2854.82
 2834.88
 2709.70
 2504.14
 2410.58
 2155.03
 1831.99
 1845.32
 2372.02
 2720.20
 2868.98
 3030.72
 3027.30
 3013.28
 2969.13
 2711.00
 2526.94
 2588.27
 2590.40
 2593.60
 2576.13
 2272.91
 1917.87
 1904.68
 1668.46
 1547.63
 1555.08
 1415.25
 1037.81
  909.57
 1000.41
 1077.82
  680.43
  629.94
  748.27
  708.74
  696.82
  622.38
  721.37
  455.90
 1267.66
 3724.26
 3024.13
 2856.83
 3414.30
 3737.48
 3694.16
 3348.21
 3355.43
 2835.71
 2605.86
 2963.58
 2645.61
 2292.62
 2282.22
 2820.24
 3434.13
 3454.77
 3155.91
 2716.18
 3471.31
 3619.26
 3049.50
 2333.19
 2337.56
 2340.76
 2064.07
 1556.01
 1366.17
 1365.24
 1279.69
 1078.99
 1030.39
 1064.37
  802.30
  425.35
  669.69
  673.01
  769.03
  764.44
  760.42
  769.99
  814.00
  743.32
  716.53
  571.41
  685.49
  559.63
  690.59
  268.67
  515.48
  440.55
  584.03
  518.09
  541.22
  266.29
  139.46
  334.37
  581.80
  462.50
  339.46
  183.12
  128.73
  129.55
   89.08
  502.62
  433.73
  579.67
  625.21
  140.54
  102.17
  181.34
  514.32
  697.78
  835.46
  594.65
  500.39
  712.17
  696.96
  700.62
  795.36
  917.95
  771.29
  652.93
  564.69
  782.25
  772.71
  797.01
  676.18
  739.89
  306.05
  598.79
  626.62
  924.32
 1243.59
 1022.46
  956.40
  637.24
  435.37
  715.48
  744.03
  741.90
  730.23
  788.85
  522.22
  460.04
  612.13
  433.13
  534.48
  355.01
  578.15
  807.96
  785.20
  512.20
  903.31
  751.93
  782.25
  888.44
  424.75
  369.31
  733.63
  759.71
  872.98
  654.71
 1055.51
  987.55
  942.13
  774.58
  822.97
  882.18
 1019.77
  955.58
  674.31
  643.02
  835.12
  888.10
  933.41
  807.51
  916.64
  723.98
  492.71
 1032.97
  962.06
 1018.93
  998.17
  858.37
  773.87
  578.85
 1179.06
 1074.40
 1068.85
 1066.02
 1121.72
  791.34
  860.72
 1083.60
 1097.05
 1155.92
 1176.34
 1085.13
  950.40
  644.43
 1135.28
 1112.14
 1063.07
 1034.39
 1077.82
  810.94
  927.86
  996.53
  936.47
  968.44
  966.43
  808.93
  811.76
  806.21
 1053.39
  914.52
  961.02
  959.71
 1039.94
  659.30
  661.79
 1007.03
  968.92
  939.64
  970.56
  869.70
  881.84
  862.36
  946.72
  942.58
  986.13
 1000.66
 1015.39
  487.05
  438.09
  942.84
  970.45
 1012.55
 1023.31
  811.87
  744.17
  792.65
  909.68
  918.29
  954.16
 1026.37
 1029.43
  907.44
  981.89
  599.01
  886.32
  796.30
  914.75
  790.04
 1018.93
  909.08
  917.24
  958.89
 1008.45
  985.91
 1001.23
  850.58
  868.14
  936.58
  969.51
 1007.97
 1009.72
 1103.76
  787.21
  411.53
  941.90
  938.36
  935.16
  921.71
  778.01
  451.17
  290.36
  885.61
  930.21
  956.29
  481.39
  503.81
  477.85
  454.85
  901.41
  706.17
  822.49
  799.47
  812.10
  777.52
  805.13
  985.31
  646.45
  693.88
  601.25
  606.21
  810.68
  948.39
  660.86
  991.32
  933.75
 1014.22
 1039.94
  852.00
  797.35
 1113.45
  580.38
  679.12
  630.53
  597.97
  352.06
  342.86
  655.05
  621.55
  423.70
  163.53
  213.79
  191.73
  199.29
  267.37
  701.21
  595.14
  730.23
  626.28
  309.84
  208.61
  598.42
  618.02
  542.49
  639.14
  713.10
  970.79
 1232.38
 1738.54
 2394.90
 2247.31
 2112.55
 1985.61
 1864.07
 1859.37
 1689.10
 1508.35
 1408.65
 1260.58
 1324.75
 1339.39
 1260.21
 1262.34
 1262.45
 1262.59
 1260.81
 1255.51
  719.36
  960.65
 1105.77
 1003.01
  986.96
 1061.17
  957.00
  654.01
  739.89
  912.03
  839.00
  611.50
  871.34
 1410.41
 1570.28
 1574.30
 1576.65
 1576.06
 1578.66
 1579.85
 1416.07
 1259.28
 1254.66
 1253.50
 1104.24
 1036.76
 1020.48
  961.24
 1084.65
 1054.21
 1161.59
 1269.67
 1268.48
 1532.31
 1832.21
 1829.98
 1824.43
 1821.85
 1707.39
 1592.94
 1398.63
  957.82
  927.49
  782.03
  988.14
  957.22
 1002.78
  728.68
  619.09
  293.31
  220.53
  441.63
  466.75
  432.77
  507.10
  223.59
  427.70
  359.03
  330.71
  339.80
  240.92
  226.53
  226.53
  184.06
  184.06
  184.06
  184.06
  184.06
  184.06
  184.06
  184.06
  184.06
  184.06
  184.06
  184.06
  184.06
  186.18
  184.06
  184.06
  184.06
  184.06
  184.06
  184.06
  184.06
  184.06
  184.06
  152.57
  122.36
  137.22
  153.39
  153.39
  153.39
  153.39
  155.15
  168.71
  334.37
  376.73
  557.96
  153.39
  153.39
  720.44
  356.45
  641.04
  340.17
  392.30
  619.43
  515.73
  616.12
  325.05
  203.40
  200.57
  200.79
  240.58
  240.69
  348.89
  228.32
  314.09
  280.22
  329.78
  344.98
  742.27
  759.12
  216.03
  197.99
  191.51
  446.22
  508.06
  400.68
  269.60
  321.62
  440.92
  361.27
  419.80
  205.78
  239.16
  202.13
  287.53
  333.66
  652.93
  835.46
  256.64
  212.15
  437.27
  365.77
  533.89
  925.25
  986.02
  225.94
  246.84
  549.57
  519.39
  538.84
  877.60
  922.79
  279.63
  199.15
  542.15
  447.89
  544.39
  906.37
 1034.50
  507.81
  200.71
  391.71
  425.94
  466.18
  768.92
  618.84
  185.25
  197.40
  253.21
  263.94
  347.36
  569.54
  574.95
  355.38
  449.05
  395.84
  442.45
  525.76
  831.69
  896.34
  497.56
  595.84
  685.04
  694.58
  721.37
 1095.52
 1131.14
  524.57
  441.63
  841.61
  892.21
  873.80
  889.97
  690.70
  717.24
  673.46
  739.89
  734.94
  727.52
  793.95
  755.58
  407.65
  321.62
  892.92
  921.12
  916.28
  892.58
  721.26
  718.77
  655.20
  387.35
  727.40
  810.94
  741.31
 1056.59
  417.56
  390.89
  737.65
  766.08
  767.61
  838.55
  734.23
  554.08
  552.89
  855.40
  932.93
  942.47
  912.74
  876.07
  479.97
  680.54
  991.46
  968.21
 1082.41
 1055.51
  831.81
  851.63
 1007.26
  674.05
  923.95
  769.17
  889.04
  873.69
  870.52
  674.17
  653.18
  905.43
 1128.31
  893.17
  728.93
  683.37
  756.17
  844.32
  804.57
  880.43
  934.94
  935.28
  876.89
  714.41
  906.14
  959.01
  995.71
  932.22
  888.44
  849.51
  575.43
  834.64
  842.43
  868.02
  835.83
  762.09
  808.11
  907.22
  861.91
  862.47
  949.10
 1008.56
  965.01
  995.34
 1147.43
 1177.39
 1183.53
 1191.80
 1193.67
 1189.08
 1172.09
 1201.23
 1201.00
 1034.39
  870.15
  783.90
  747.34
  749.69
  699.79
  868.28
  931.62
 1034.50
 1086.55
  994.03
  718.20
  710.53
  893.99
  899.88
  891.16
  903.53
  948.84
  706.39
  624.39
  927.26
  934.46
  732.47
  934.46
  900.14
  683.03
  664.96
  972.20
  759.26
  940.60
  909.34
  860.95
  821.42
  807.40
  712.06
  889.26
  893.06
  865.56
  982.82
  330.71
  339.66
  282.94
  690.82
  790.75
  909.20
  926.56
  769.51
  969.85
 1376.68
 1496.21
 1383.50
 1268.59
 1269.90
 1076.52
  651.51
 1000.52
 1077.82
  874.99
  882.55
 1047.95
 1270.01
 1269.30
 1437.79
 1587.39
 1589.17
 1589.76
 1591.52
 2062.40
 2769.76
 2783.06
 2792.52
 2777.54
 2753.47
 2341.21
 2114.33
 2112.21
 2115.86
 2117.62
 2116.09
 2109.38
 2015.34
 1935.82
 1947.72
 2286.25
 2631.94
 2374.03
 2107.59
 1802.37
 1559.66
 1557.65
 1559.07
 1505.75
 1360.99
 1274.26
 1092.32
 1107.19
 1117.58
 1030.51
 1027.31
 1074.51
  880.31
  844.21
  874.06
  903.42
  907.55
  869.44
  867.09
  991.20
 1213.26
 1039.45
 1125.48
 1156.52
  913.93
  927.60
  897.64
 1042.17
  722.90
  720.07
  957.59
  966.43
  903.79
  711.69
  745.21
  468.64
  499.91
  906.85
  739.18
  682.21
  575.54
  800.06
  578.26
  520.92
  555.49
  551.24
  550.99
  574.01
  580.50
  420.51
  219.57
  236.11
  231.72
  232.68
  335.55
  376.61
  228.06
  227.61
  227.02
  274.90
  175.08
  189.50
  292.14
  231.72
  352.91
  728.22
  735.30
  268.19
  248.71
  258.28
  297.10
  556.91
  629.12
  368.01
  410.48
  393.97
  604.22
  200.57
  245.88
  278.33
  480.34
  744.96
  655.20
  639.48
  678.30
  710.64
  548.41
  519.27
  521.51
  714.29
  782.25
  382.87
  450.35
  504.27
  421.44
  616.97
  691.16
  698.72
  192.67
  263.46
  697.42
  999.95
 1161.22
 1123.36
  866.16
  842.09
  863.55
  948.50
 1055.74
  993.69
  988.97
  912.62
  452.73
  779.90
 1215.02
 1227.42
 1227.05
 1190.72
 1187.07
  829.46
  460.86
  999.81
  855.99
  877.48
  835.94
  574.35
  531.54
  294.72
  794.88
  827.79
  847.04
  827.08
  739.78
  253.92
  208.13
  927.15
  747.56
  740.26
  536.38
  239.65
  177.57
  197.88
  727.97
  597.71
  579.31
  631.83
  660.60
  180.89
  162.60
  669.58
  739.18
  802.90
  815.64
  842.09
  242.59
  238.34
  663.21
  715.82
  858.48
  752.29
  759.71
  235.96
  194.20
  652.11
  672.89
  731.88
  890.68
 1180.59
  593.12
  170.61
  960.31
  970.93
  947.91
  977.53
  827.45
  339.09
  304.07
  696.48
  956.63
 1119.82
 1117.21
 1124.77
  530.12
  706.51
  840.78
  885.50
  815.89
  769.17
  828.86
  590.41
  711.69
  867.43
  860.01
  883.00
  849.02
  781.21
  688.33
  697.67
  705.20
  882.89
  887.14
 1054.46
  941.31
  768.69
  736.12
  821.19
  832.03
  786.98
  780.50
  847.75
  164.01
  157.64
  839.11
  895.52
  916.42
  945.90
  848.68
  461.56
  467.71
  706.51
  760.68
  707.33
  757.36
  686.34
  567.98
  692.12
  783.67
  729.50
  683.03
  623.79
  763.25
  563.62
  560.33
  997.94
  871.79
  985.88
 1104.58
  853.53
  891.84
  805.02
 1030.14
 1000.41
 1029.80
  869.81
  863.89
  664.74
  654.12
  859.53
  824.25
  833.00
  828.27
  818.70
  772.82
  815.07
  996.64
  841.35
  838.89
  828.13
  990.50
  816.35
  798.31
 1095.04
 1076.27
 1065.65
  853.04
  818.81
 1137.52
  993.92
 1062.93
 1123.84
 1122.17
 1145.19
 1163.23
  801.37
  796.78
 1004.20
 1058.12
  965.01
  962.77
  999.44
  922.31
  933.27
 1040.64
 1256.19
 1281.82
 1282.75
 1282.95
 1281.34
 1801.89
 2377.31
 2350.18
 2313.37
 1973.20
 1505.86
 1549.87
 1352.61
 1664.69
 1782.55
 1835.04
 1958.34
 1518.26
  921.01
 1495.84
 1838.47
 1566.74
 1472.96
 1471.99
 1481.45
 1483.92
 1422.21
 1443.93
 1480.15
 1474.97
 1329.14
 1261.74
  573.30
  587.46
 1051.12
 1182.23
 1181.52
 1276.13
 1276.98
 1264.35
 1261.74
 1266.47
 1269.90
 1270.46
 1538.09
 1848.61
 1845.92
 1843.09
 1840.82
 1837.76
 1563.57
 1254.89
 1258.91
 1262.82
 1263.16
 1256.79
 1255.00
 1249.59
 1138.56
 1050.07
 1245.12
 1246.17
 1377.25
 1494.79
 1495.36
 1491.48
 1603.33
 1710.56
 1700.91
 1692.41
 1484.40
 1260.33
 1259.51
 1278.02
 1259.76
 1259.05
 1257.27
 1150.49
 1101.04
 1156.04
 1070.97
  846.33
  824.25
 1026.97
  790.63
  697.19
  626.62
  848.57
  407.42
  701.78
  995.93
 1020.34
  967.02
  886.35
 1073.92
 1840.71
 2529.18
 2560.66
 2570.46
 2274.32
 2247.17
 2513.83
 2527.51
 2519.38
 2260.17
 1981.13
 2027.85
 2098.99
 1967.31
 1834.71
 1833.74
 1831.99
 1827.14
 1819.73
 1563.91
 1264.23
  898.35
  795.59
 1073.21
 1256.33
 1255.03
  984.72
  948.27
  806.21
  789.81
  998.06
  993.81
  996.64
  843.73
  813.77
  210.48
  201.98
  464.40
  400.68
  390.06
  505.46
  512.65
  210.73
  221.58
  275.75
  487.98
  214.27
  212.60
  212.86
  212.38
  212.15
  365.77
  484.44
  602.10
  666.49
  759.12
  627.33
  667.34
  627.81
  564.10
  784.04
  860.12
  861.20
 1051.74
 1275.67
 1270.83
 1266.58
  964.42
  843.62
 1190.72
  275.49
  428.66
  845.48
  599.27
  604.56
  573.78
  482.58
  299.34
  284.36
  458.96
  464.17
  462.98
  332.01
  328.25
  165.88
  166.13
  166.73
  536.12
  880.17
 1179.51
 1177.87
 1070.74
 1463.50
 1589.88
 1105.29
 1004.91
  919.70
 1102.46
 1162.63
  923.72
  867.32
  754.16
  866.50
  783.19
  636.31
 1399.22
 2399.26
 2191.61
 1953.86
 1509.77
 1251.38
 1243.59
  961.47
  809.61
 1156.52
 1145.08
 1067.91
  902.00
  899.77
 1068.73
 1041.13
  803.26
  993.21
 1225.64
 1223.66
 1000.07
  956.29
  972.20
  967.13
  907.33
  742.01
  814.82
  846.56
  860.35
  770.11
  881.48
  703.45
  653.30
  711.46
  718.20
  791.68
  743.91
  852.22
  673.46
  652.93
  640.67
  578.26
  820.37
  812.47
 1004.54
  535.41
  537.31
  413.43
  734.60
  700.50
  689.74
  769.77
  570.36
  568.12
  559.03
  789.33
  716.53
  726.81
  870.86
  647.41
  620.85
  577.89
  811.50
  798.05
  863.89
  922.42
  658.48
  610.23
  607.51
 1000.18
  390.06
  803.38
  920.41
  670.40
  696.11
  588.76
  590.41
  818.10
  728.68
  668.50
  758.66
  481.39
  463.21
  478.07
  638.06
  653.64
  847.86
  803.97
  606.46
  561.04
  543.09
  622.04
  531.17
  894.47
  821.42
  816.23
  634.18
  623.79
  710.16
  263.23
  784.97
  773.64
  560.19
  768.80
  635.71
  458.02
  485.86
  756.43
  744.62
  713.70
  736.61
  705.46
  522.45
  493.65
  826.14
  723.50
  820.00
  631.24
  656.24
  229.48
  326.58
  651.88
  652.82
  759.49
  760.42
  612.24
  332.38
  320.69
  739.44
  761.50
  739.66
  784.86
  845.97
  278.92
  508.68
  919.82
  814.48
  738.96
  730.57
  627.22
  469.13
  278.69
  910.27
  852.45
  974.21
 1013.74
  878.76
  662.73
  659.78
  914.86
  951.22
  892.21
  896.71
  984.01
  645.85
  629.71
  809.86
  755.35
  723.50
  572.82
  488.35
  288.72
  460.04
  663.80
  635.23
  646.45
  237.38
  294.01
  256.64
  256.64
  658.14
  621.33
  593.46
  432.54
  435.60
  200.57
  198.70
  723.86
  746.63
  412.60
  402.58
  420.02
  154.33
  151.98
  406.71
  456.84
  457.69
  438.20
  337.45
  118.93
  166.47
  324.82
  244.71
  484.81
  147.47
  112.67
  152.43
  315.73
 1008.31
  979.99
  594.17
  433.62
  454.97
  129.07
  128.13
  693.17
  698.24
  893.76
 1107.78
 1247.84
 1248.07
 1245.46
 1249.00
 1240.05
 1246.42
 1117.81
 1145.08
  953.80
  922.65
 1228.13
 1237.22
 1185.54
 1237.93
 1217.85
 1119.82
  988.48
  930.10
 1010.09
 1035.09
 1361.45
 1493.71
 1487.94
 1485.45
 1486.86
 1488.28
 1713.99
 1988.21
 1994.92
 1985.24
 1970.85
 1812.87
 1661.49
 1667.27
 1675.17
 1674.01
 1679.08
 1675.76
 1485.11
 1317.44
 1247.84
 1247.84
 1253.73
  862.13
  930.58
 1202.53
 1226.71
 1244.04
 1245.94
 1226.94
  819.77
  525.99
 1011.51
 1046.42
  841.12
  590.89
  616.83
  603.86
  682.92
  769.62
 1160.99
 1137.52
 1219.27
 1229.66
  680.20
  438.57
  852.11
  738.02
  606.58
  572.71
  817.76
 1079.10
 1128.31
 1194.38
 1193.56
 1178.69
 1174.92
 1186.48
  469.01
  371.77
  845.63
 1008.90
  570.70
  558.44
  567.04
  206.49
  208.92
  408.13
  382.50
  437.86
  697.19
  896.71
  593.35
  380.64
  514.06
  489.65
  715.23
  663.10
 2184.16
 3285.24
 3898.30
 4426.74
 3610.17
 2851.73
 2721.62
 2578.73
 2434.91
 2422.28
 2413.30
 2341.46
 2059.46
 1821.96
 1812.28
 1812.50
 1808.03
 1645.10
 1464.35
 1464.92
 1462.34
 1762.38
 1877.41
 1873.27
 1709.86
 1634.25
 1471.17
 1298.55
 1213.15
 1120.41
 1125.11
 1121.94
 1046.42
  966.31
  970.79
  973.84
  381.68
  376.61
  374.15
  832.37
  788.51
  804.20
  775.99
  447.41
  355.04
  690.22
  871.56
  947.43
  950.62
 1121.57
 1192.62
 1088.07
 1065.19
 1177.27
 1648.64
 1859.48
 1430.37
 1188.12
 1225.89
 1228.47
 1236.03
 1226.35
 1235.44
  996.53
  607.76
  748.27
  933.27
  852.71
 1071.91
  964.56
  947.43
  275.38
  322.22
  980.24
  866.61
  848.80
  560.56
  254.51
  229.37
  224.52
  642.08
  681.39
  780.61
  642.31
  520.92
  286.37
  305.34
  734.94
  500.39
  506.76
  488.35
  469.24
  328.25
  409.66
  739.66
  792.99
  787.58
  790.41
  616.26
  453.07
  423.00
  812.58
  929.73
  935.28
  868.14
  766.68
  547.70
  540.37
  790.41
  874.06
  841.01
  749.09
  831.47
  402.92
  399.86
  628.86
  784.97
  693.28
  700.96
  884.90
  884.90
  450.95
  871.82
  920.41
  885.98
  843.73
  757.84
  757.84
  668.65
  731.99
  767.61
  761.95
  741.42
  518.20
  743.20
  532.95
  740.49
  764.33
  673.46
  573.08
  538.95
  520.89
  494.84
  437.01
  407.17
  437.50
  403.18
  408.36
  580.01
  530.83
  699.31
  695.55
  583.92
  587.69
  648.82
  647.41
  652.22
  667.09
  644.66
  527.63
  521.40
  567.27
  698.60
  684.45
  691.98
  599.98
  624.98
  802.78
  663.32
  370.24
  299.68
  700.13
  587.80
  533.55
  463.21
  418.27
  222.77
  276.09
  615.41
  551.84
  427.95
  405.16
  444.94
  392.08
  336.60
  471.96
  423.82
  505.12
  615.41
  583.70
  315.96
  127.17
  440.92
  461.93
  449.19
  448.11
  406.94
  223.82
  200.12
  673.46
  711.46
  685.04
  674.76
  639.37
  532.72
  405.41
  452.14
  553.37
  443.16
  615.18
  486.34
  334.96
  315.39
  502.40
  487.05
  449.05
  518.31
  484.93
  221.95
  409.55
  604.08
  541.93
  581.43
  256.49
  290.62
  186.30
  254.37
  279.40
  387.94
  314.69
  287.53
  290.73
  201.64
  262.30
  285.18
  375.57
  536.60
  941.20
  436.67
  606.69
  781.32
 1272.96
 1302.40
 1210.32
 1167.25
 1155.10
  396.10
  335.55
  695.07
  583.10
  444.94
  511.35
  921.49
  753.82
  477.14
  952.98
  939.89
  939.64
  571.41
  729.98
  485.29
  452.36
  932.81
  760.76
  667.94
  343.57
  460.15
  788.51
  923.84
 1197.09
  541.56
  568.23
 1121.35
 1043.59
  916.64
 1016.46
 1100.82
 1372.06
 1573.11
 1570.65
 1536.30
 1543.38
 1563.80
 1565.21
 1560.63
 1489.47
 1444.53
 1442.52
 1326.05
  885.13
  828.98
 1016.09
  870.86
  944.25
  946.01
  799.02
  877.82
  894.81
  560.33
  571.66
  633.96
  680.79
  704.61
  642.31
  651.77
  484.93
  509.70
  233.73
  646.70
  382.16
  458.73
  846.56
  798.65
  709.56
  329.18
  146.91
  134.99
  274.90
  876.77
  676.29
  659.07
  815.19
  856.36
 1042.43
 1110.02
 1135.99
 1167.59
 1221.16
  835.94
  810.09
  988.14
 1195.79
  912.17
  736.61
  716.42
  724.80
  753.71
  563.17
  567.41
  576.02
  617.90
  541.45
  573.78
  799.47
  166.36
  141.58
  206.12
  198.10
  211.67
  142.89
  130.85
  116.10
  116.10
  116.10
  116.10
  116.10
  116.10
  116.10
  116.10
  116.10
  116.10
  116.10
  116.10
  116.10
  116.10
  116.10
  116.10
  116.10
  116.10
  116.10
  116.10
  116.10
   70.20
   82.71
   87.07
   87.19
   85.43
   81.30
   84.13
  101.60
   93.45
  406.83
  440.81
  474.79
  675.02
 1036.88
 1021.30
  944.74
  833.34
  466.63
  549.35
  356.42
  212.60
  247.06
  203.06
  272.80
  280.34
  211.05
  249.73
  383.35
  288.61
  300.98
  287.53
  261.59
  259.10
  261.93
  274.33
  118.93
  113.98
  120.57
  229.82
  187.60
  288.95
  310.78
  211.05
  207.79
  508.88
  490.39
  487.28
  518.62
  380.15
  260.29
  285.29
  353.85
  257.68
  307.72
  231.97
  145.49
  266.40
  309.73
  385.22
  349.01
  414.13
  338.61
  189.61
  279.03
  282.23
  529.52
  862.36
 1136.33
  836.42
  854.35
  546.18
  551.47
  629.00
  685.64
  747.08
  828.49
  820.96
  418.49
  437.72
 1287.60
 2108.05
 1673.75
 1469.30
 1197.21
  990.38
  909.42
  936.47
  962.06
  980.84
 1003.35
  988.26
  687.05
  793.35
  995.22
  995.93
  954.99
  972.68
  985.91
  739.78
  789.90
  806.10
  808.11
  819.66
  932.22
  900.70
  615.52
  609.04
  805.98
  698.94
  733.77
  770.33
  764.07
  480.20
  307.46
  700.62
  749.46
  770.81
  721.26
  764.33
  486.34
  432.06
  652.62
  641.29
  654.77
  620.22
  745.04
  415.52
  545.84
  945.53
  970.93
 1005.02
  856.58
  798.65
  233.76
  332.33
  199.41
  807.34
  953.48
  637.50
  319.05
  277.17
  217.50
  635.46
  637.10
  396.83
  947.51
  142.83
  227.38
  215.92
  626.28
  567.67
  393.49
  732.78
  567.19
  323.32
  265.95
  747.62
  636.17
  609.63
  317.15
  296.17
  257.94
  353.14
  512.65
  480.06
  334.03
  463.24
  412.15
  468.36
  380.04
  650.44
  580.41
  727.57
  489.82
  595.79
  368.49
  347.28
  544.22
  520.21
  484.95
  493.93
  479.77
  306.64
  260.97
  570.24
  618.75
  603.43
  586.61
  632.51
  233.64
  257.91
  601.93
  604.56
  656.04
  589.50
  599.04
  319.05
  262.72
  723.16
  681.22
  562.71
  464.93
  467.11
  347.79
  345.83
  596.52
  818.22
  792.02
  507.92
  418.61
  284.98
  319.64
  699.60
  658.56
  654.40
  222.34
  312.22
  301.86
  434.86
  899.68
 1015.22
  959.63
  759.88
  640.90
  304.15
  258.59
  880.51
  660.94
  636.76
  435.71
  530.46
  186.78
  226.87
  752.10
  678.95
  636.96
  704.41
  585.37
  394.82
  320.57
  632.80
  847.35
  937.83
  744.79
  329.15
  211.33
  233.10
  364.89
  401.67
  292.65
  225.29
  162.43
  127.71
  169.42
  312.28
  269.10
  243.92
  299.51
  306.70
  135.13
  146.71
  204.76
  718.46
  619.20
  421.95
  724.91
  561.44
  365.77
  370.95
  460.12
  640.33
  763.34
  742.24
  309.76
  174.60
  534.96
  697.39
  788.26
  746.72
  408.75
  268.33
  123.26
  283.14
  364.86
  205.67
  261.31
  222.06
  132.52
  134.39
  237.27
  251.57
  194.99
  136.20
  137.56
  135.61
  131.73
  350.02
  748.81
  749.97
  982.08
  917.72
  439.62
  137.51
  895.18
  714.97
  324.14
  221.83
  512.45
  115.96
  228.38
  439.70
  437.21
  435.65
  322.56
  263.77
  232.25
  114.99
  747.25
  124.91
  177.97
  130.74
  116.84
  115.90
  114.37
  474.82
  646.64
  634.78
  700.79
  406.80
  134.31
  115.62
  592.16
  427.13
  466.41
  344.45
  335.55
  253.27
  173.53
  293.65
  402.84
  391.99
  184.99
  174.66
  113.98
  109.05
  706.42
  823.20
 1255.85
  945.75
 1015.50
  803.09
  628.46
  720.21
  912.45
  932.13
  703.73
  382.19
  344.08
  352.46
  569.82
  663.80
  451.80
  513.67
  146.09
  119.38
  118.87
  556.68
  717.35
  687.28
  655.34
  579.05
  122.36
  121.96
  298.49
  337.88
  288.04
  281.87
  375.57
  167.95
  107.09
  468.45
  353.48
  196.07
  301.55
  421.98
  175.51
  115.14
  148.89
  107.46
  133.80
  218.66
   92.45
  135.78
  111.23
  153.76
  165.77
  383.72
  720.64
  519.47
  470.29
  149.20
  112.16
   61.39
  461.76
  673.74
  697.98
   72.89
   64.73
  338.13
  281.21
  253.24
  332.04
  220.47
  251.26
  377.18
  459.04
  495.69
  574.72
  248.34
  227.19
  157.84
  160.67
  346.03
  240.75
  322.47
  431.15
  384.49
  178.06
  150.82
  148.52
  514.04
  298.88
  348.86
  168.54
  138.27
  153.93
  391.74
  215.60
  530.94
  559.51
  464.40
  166.64
  191.79
  435.43
  489.20
  504.27
  707.24
  485.69
  268.90
  263.46
  674.88
  569.34
  517.38
  242.08
  414.02
  314.18
  232.48
  386.47
  378.26
  503.90
  703.90
  760.22
  611.70
  525.96
  769.40
  633.08
  707.38
  874.68
  840.44
  703.11
  539.63
 1083.35
  906.00
  757.25
  977.81
  932.36
  663.75
  377.52
  794.91
  963.08
  905.18
  702.09
  890.96
  642.59
  565.71
  797.23
  870.32
  620.62
  836.05
  895.24
  541.45
  664.96
  782.25
  723.04
  595.48
  612.10
  633.39
  660.12
  518.28
  251.65
  659.78
  169.76
  138.33
  252.13
  332.95
  384.57
  679.97
  662.05
  736.27
  661.37
  406.97
  356.06
  254.34
  554.67
  548.16
  548.70
  537.20
  278.30
  381.77
  279.83
  478.02
  643.44
  357.42
  426.37
  648.80
  813.54
  148.52
  568.66
  918.46
  904.30
  574.41
  418.98
  238.88
  534.93
  960.76
  903.85
  364.95
  465.10
  740.88
  110.78
  269.97
  888.47
  710.67
  556.99
  595.73
  858.00
  483.62
  359.26
  842.65
  897.02
  898.55
  723.07
  607.59
  190.29
  228.55
  714.72
  570.81
  586.56
  744.73
  605.70
  101.88
  101.94
  452.42
  486.23
  609.12
  544.67
  336.57
  142.58
   59.58
  764.72
  719.33
  786.50
  641.15
  670.32
  544.90
  284.19
  553.37
  595.19
  579.87
   58.13
  132.44
   91.83
   59.21
  254.99
  352.74
  260.94
  558.32
  786.73
   85.49
   59.81
  532.36
  214.50
  355.26
  431.72
   60.23
   92.96
   69.21
   58.93
  575.96
  302.00
  144.67
   83.05
   54.88
  120.83
  357.87
  976.59
  921.46
 1014.11
 1041.58
  116.67
  201.98
  199.01
  564.38
  879.04
  440.61
  145.83
   80.45
   88.80
  128.84
  561.72
  399.01
  112.53
   71.61
   69.86
   42.02
  103.36
   59.86
  291.72
  260.74
   59.98
   66.49
  121.90
   68.84
   62.33
   61.19
  171.09
  885.10
  429.26
  421.30
  939.30
  808.39
  822.41
  816.20
  814.76
  784.63
  679.15
  357.16
  799.55
   57.96
  260.91
  591.40
  181.48
  257.29
  511.97
  352.40
  312.19
   70.96
  264.73
  189.98
  180.15
  329.81
  330.00
  223.42
  439.42
 1001.34
 1215.30
 1458.20
 1715.12
 1492.64
 1255.14
 1257.64
 1259.90
 1266.87
 1263.27
 1253.25
 1250.70
 1259.02
 1256.45
 1228.84
  369.36
  461.31
  786.16
  579.16
  653.67
  521.68
  368.46
   68.92
   71.67
  269.26
  317.69
  436.70
  821.42
  814.11
  145.29
   73.71
  245.65
  319.19
   68.33
  115.39
   62.24
   61.90
   62.52
  424.89
  570.44
  864.71
  536.15
   55.87
   61.62
   46.69
  258.22
   60.09
   67.08
   72.18
   61.59
   58.93
   59.61
  173.13
  174.66
  174.54
  175.85
  175.56
  175.56
  175.56
  175.79
  433.39
  465.08
  240.92
  170.92
  169.82
  170.98
  172.25
  173.58
  171.29
  170.18
  164.66
   38.23
   45.62
  100.78
  142.97
  135.10
  108.40
  156.99
   57.82
   61.36
  221.47
  236.02
  260.40
  275.95
  225.43
  144.70
   90.95
  221.41
  191.37
  252.30
  165.37
  127.48
   82.60
   50.23
  129.89
  111.46
   78.24
   53.75
  424.36
   96.53
   90.05
   91.72
  294.55
  121.05
  101.83
  116.35
  223.96
  218.66
  330.15
  241.66
  318.14
  343.06
  341.22
  224.47
  219.97
  287.90
  273.37
  161.94
  231.46
  293.33
  279.94
  276.40
  470.26
  260.46
  204.05
  194.17
  294.38
  319.95
  277.90
  376.84
  269.52
  277.00
  260.01
  238.94
  292.88
  276.91
  600.15
  294.86
  169.31
  172.68
  171.35
  338.39
  341.98
  370.58
  252.25
  203.65
  164.18
  199.49
  305.85
  294.52
  687.79
  240.44
  236.42
  229.62
  229.03
  303.98
  318.62
  612.63
  190.83
  189.18
  157.89
  219.57
  306.47
  617.25
 1210.55
 1057.49
 1070.66
  954.96
  752.29
  493.36
  547.51
  898.35
  931.23
  902.23
  894.84
  588.28
  544.96
  294.18
  934.65
  884.05
 1028.41
  927.46
  857.60
  670.83
  405.81
  678.25
  944.65
  927.46
  944.79
  929.10
  652.93
  673.94
  675.95
 1058.43
  851.80
  897.79
  979.17
  368.01
  243.10
  124.25
  589.61
  915.88
  835.69
  878.76
  549.38
  836.90
  755.13
  447.89
  756.34
  529.69
 1096.43
  787.43
   86.88
  600.88
  752.69
  435.20
  749.26
  564.50
  266.66
  292.20
  829.00
  980.56
  479.09
  728.54
  704.95
  415.61
   59.78
  607.99
  623.14
  887.14
  539.78
  954.14
  289.28
  428.83
  909.74
  846.67
  415.15
  375.62
  304.46
  144.22
   96.82
  419.57
  632.97
  393.55
  326.49
  509.14
  647.27
  487.13
  579.56
  718.88
  693.71
  661.71
  709.96
  563.39
  703.62
 1064.43
  818.67
  656.98
  871.71
  567.04
   88.58
  177.80
  909.34
  874.25
  854.06
  806.21
  838.77
  298.32
  343.94
  652.99
  890.08
 1087.06
 1077.09
  694.27
   75.32
   70.68
  545.86
  833.96
  942.55
  829.97
  673.35
   41.68
  207.02
  214.05
  191.28
  189.24
  179.84
  179.81
  274.19
  289.60
  185.56
  180.63
  176.73
  183.49
  174.52
  668.84
  948.56
  883.43
  889.66
  706.68
 1062.11
 1132.19
  598.31
  687.59
  911.04
  887.00
  792.70
  762.03
  990.75
  639.54
  574.83
  281.50
  310.15
  612.35
  855.68
  122.13
  503.28
  567.16
  764.92
  210.25
  698.55
  728.45
  777.07
  279.20
  194.62
  549.66
  399.81
  438.60
  386.13
  114.15
  110.35
   61.33
  446.19
  709.31
  387.74
  230.39
  481.47
  503.22
  335.21
 1084.99
  970.16
 1614.99
 3074.53
 3559.48
 3518.62
 3436.14
 3267.28
 2595.18
 1715.94
 1369.09
 1056.22
  969.14
  941.45
 1044.84
 1000.04
  740.43
 1019.72
  483.26
  205.89
   48.99
  528.05
  882.41
  902.91
  921.49
  344.84
  530.66
  123.43
  741.50
  149.63
  193.52
  167.92
   86.90
   63.46
  112.39
   83.99
  493.42
  433.22
  529.81
  350.25
  131.19
  509.25
  572.76
  583.89
  231.09
  438.54
  102.14
   76.82
   70.03
  309.93
  226.36
   72.52
   73.43
   50.15
   62.89
  581.17
 2614.86
 3706.22
 3293.48
 2089.39
 1266.56
  677.23
  877.82
 1013.38
 1239.51
  444.29
  374.83
  535.30
  461.37
  853.55
 1085.70
  872.92
  730.60
  721.82
  552.43
  290.13
  455.31
  485.32
  628.29
  397.85
  247.55
  241.88
  245.08
  243.78
  371.38
  243.72
  283.93
  421.47
  340.51
  246.16
  319.47
  249.07
  246.27
  245.93
  245.68
  230.81
  206.06
  110.10
  654.09
  426.20
  263.83
  462.02
  762.06
  616.54
  622.94
  744.39
  817.93
  831.92
  888.72
  523.64
   55.10
  403.01
  459.75
  206.51
  272.58
  534.79
  536.26
  431.38
   64.62
  161.15
  395.47
  126.04
  129.32
   81.61
   60.37
  509.82
   93.05
   78.04
  271.56
  250.60
  300.84
  108.91
  324.60
  450.75
  691.30
  738.73
  275.07
  165.23
  110.75
  311.63
  490.93
  441.74
  608.73
  472.38
  488.44
   51.17
   49.84
   81.01
  116.24
  380.10
  548.47
  339.92
  161.09
   54.34
  521.48
  860.69
  267.48
  314.86
  251.45
  240.83
  119.75
  194.40
  343.88
  407.05
  188.93
  184.37
  171.91
  286.40
  457.15
  689.94
  402.10
  298.32
  230.24
  267.11
   57.34
  633.93
  720.49
  587.26
  494.21
  270.54
  224.35
  211.44
  798.73
  551.84
  565.88
  395.16
  434.89
  556.06
  239.62
  721.15
  489.94
  651.20
  478.13
  856.13
  458.85
  457.54
  518.76
  539.83
  562.17
  647.49
  742.13
  529.04
  384.66
  569.62
  646.25
  530.52
  374.09
  519.08
  419.63
  396.01
  777.50
  741.00
  553.08
  782.28
  675.07
  650.27
  495.12
  383.64
  463.35
  470.00
  510.44
  526.75
  520.97
  356.00
  424.53
  384.51
  617.28
  487.90
  547.65
  536.35
  238.46
  509.17
  708.26
  797.77
  422.29
  251.06
  300.84
  528.99
  505.40
  306.81
  595.08
  496.56
  587.29
  345.04
  259.89
  788.14
  668.82
  830.02
  850.18
  392.02
  568.91
  566.68
  565.69
  566.56
  567.64
  572.93
  662.39
  774.58
  766.11
  590.75
  392.90
  535.13
  676.57
  570.10
  457.01
  456.75
  456.10
  448.57
  446.19
  376.42
  307.86
  308.40
  308.23
  444.35
  579.31
  578.63
  578.71
  660.89
  734.77
  762.69
  731.06
  731.85
  732.10
  732.59
  651.71
  572.09
  571.97
  703.65
  868.76
  887.48
  891.16
  949.55
 1001.45
  989.31
  991.17
 1003.35
 1225.75
 1428.73
 1426.91
 1422.44
 1415.50
 1458.69
 1462.03
 1514.98
 1511.81
 1402.05
 1245.32
 1243.51
 1240.22
 1238.69
 1208.53
 1166.60
 1156.18
 1143.89
 1132.50
 1124.69
 1225.50
 1310.39
 1299.94
 1745.08
 1952.67
 1936.79
 1640.54
 1335.96
 1385.26
 1591.92
 1756.35
 1757.32
 1756.61
 1749.56
 1738.91
 1726.99
 1713.23
 1735.82
 1854.24
 1835.44
 1515.12
 1320.58
 1351.85
 1577.96
 1882.11
 2030.57
 1995.49
 1956.35
 1591.07
 1218.84
 1020.65
  894.90
  910.13
  919.79
  926.47
 1141.11
 1293.09
  947.82
  713.24
  716.73
  716.02
 1011.90
 1216.58
 1213.46
 1019.83
  796.81
  803.24
  799.02
  796.86
  795.28
  935.42
 1079.61
 1022.07
  940.57
  923.92
  726.19
  531.88
  531.85
  536.26
  546.35
  549.57
  551.61
  547.90
  546.80
  843.56
 1185.60
 1180.61
 1175.97
 1168.89
 1150.80
 1146.27
 1056.36
  968.95
 1502.58
 2417.44
 3102.85
 3392.22
 3337.17
 3239.19
 2883.02
 2319.40
 2148.54
 2357.32
 2591.70
 2832.51
 2847.43
 3124.99
 3351.75
 2777.09
 2105.84
 2122.21
 2320.45
 2295.39
 2059.51
 2053.48
 2043.15
 2030.29
 2007.66
 1744.66
 1322.00
 1184.41
 1183.64
 1178.55
 1175.09
 1046.00
  901.18
  703.19
  494.27
  402.47
  285.32
  283.34
  282.52
  286.31
  472.83
  663.38
  505.80
  365.54
  369.48
  373.56
  376.87
  366.73
  202.81
  222.80
  275.41
  203.54
  212.38
  212.38
  419.57
 1049.03
 1886.84
 1823.01
 1603.75
 1247.87
  908.43
  889.40
  955.50
  956.60
  957.56
  955.21
 1002.10
 1054.55
 1052.31
 1050.22
  841.12
  666.81
  666.32
  703.22
  746.55
  746.21
  744.65
  753.20
  508.51
  246.36
  717.95
 2469.99
 3812.35
 3955.86
 3956.54
 3424.36
 2610.19
 2563.61
 2726.74
 2165.87
 1604.66
 1602.14
 1596.16
 1452.82
 1423.74
 1288.90
  981.26
 1025.41
 1376.68
 1228.53
 1011.53
 1012.30
 1009.30
 1015.10
  882.52
  729.64
  406.32
  408.95
  820.68
  888.10
  859.84
  958.87
  820.71
  996.81
  390.04
  915.14
  970.76
  914.10
  966.00
  962.86
  897.79
  922.39
  977.70
  580.84
 1301.13
 1839.80
 1643.76
 1293.99
 1290.06
 1366.46
 1470.83
 1242.77
  958.41
  956.43
  647.52
  598.19
  839.48
 1156.21
 1257.21
 1180.67
 1084.76
 1145.95
 1206.35
 1206.61
 1295.95
 1421.73
 1430.82
 1213.15
  964.44
  954.87
 1097.05
 1247.24
 1114.44
  958.95
  959.52
  663.41
  633.48
  958.10
  970.02
  976.05
  949.46
  971.07
  601.28
  705.74
 1054.18
  848.57
  826.57
  806.04
  766.74
  916.59
  900.65
 1123.02
 1054.55
 1001.62
 1187.58
 1016.43
 1034.07
 1058.91
 1052.20
 1058.68
 1024.02
 1081.25
  994.66
  930.89
  735.53
  992.05
 1140.38
 1059.93
  904.02
  932.33
  943.01
  942.27
 1069.53
 1263.16
 1177.07
 1055.60
  958.55
  957.28
  959.01
  693.82
  947.51
  944.31
 1097.39
 1127.01
  973.14
  934.71
  917.58
  911.69
  805.95
  784.09
  615.33
  608.33
  662.39
  705.60
 1029.26
  919.50
  839.03
  523.21
  468.87
  423.76
  883.06
 1060.58
 1177.50
 1245.86
 1008.90
  820.23
  880.63
  619.09
  766.17
  866.18
  799.07
  981.26
  781.15
  668.82
  745.78
  964.78
  868.05
  560.08
  861.88
  797.03
  731.88
  682.46
  949.04
  973.96
  847.38
  727.29
  871.68
  711.01
  677.03
  805.56
  798.05
  959.91
  847.75
  780.84
  596.69
  765.43
  652.02
  684.76
  947.20
  954.19
  871.73
  808.05
  866.69
  868.31
  891.73
  770.47
  833.53
 1018.56
 1018.47
 1014.65
 1010.60
  839.03
  986.62
  966.40
  943.77
  805.05
  781.86
  854.97
  970.45
 1053.90
 1259.19
 1475.08
 1470.55
 1466.39
 1579.60
 1741.80
 1736.59
 1672.34
 1564.56
 1561.48
 1374.16
 1386.82
 1515.77
 1880.72
 1766.57
 1552.50
 1229.23
 1551.59
 1544.51
 1494.19
 1464.21
 1502.66
 1537.97
 1536.84
 1339.73
 1226.37
 1242.94
 1248.66
 1249.48
 1248.83
 1248.72
 1246.08
 1218.25
 1235.63
 1235.86
 1234.98
 1150.06
 1174.92
 1235.46
 1233.77
 1147.63
  703.14
  718.34
  863.38
  860.29
 1083.80
 1230.48
 1224.51
 1417.03
 1631.62
 1413.80
 1229.26
 1227.88
 1222.21
  953.15
 1230.31
 1232.66
  682.04
  872.10
  967.28
 1236.00
 1235.95
 1188.37
 1250.13
 1129.16
  357.73
  330.83
 1131.82
  995.79
  923.27
 1115.63
  241.63
  394.60
  687.79
  725.45
 1202.73
 1097.50
 1474.83
 1728.46
 1716.60
 1719.43
 1712.55
 1703.85
 1506.57
 1246.20
 1072.10
 1251.24
 1251.12
 1248.57
 1129.05
 1156.97
 1013.71
  643.44
  711.52
 1112.68
  575.09
  898.47
 1092.35
  999.39
 1021.79
  220.93
  196.01
  323.63
  356.03
  410.20
 1212.61
 1263.55
 1358.16
 1630.60
 1627.23
 1615.39
 1326.50
  789.84
 1076.69
  902.15
  688.27
  572.43
  592.98
  530.18
  763.28
  395.30
  607.76
  624.08
  939.81
  567.64
  601.25
  575.17
   25.49
   70.82
   67.17
   71.92
  716.16
  491.13
  303.58
   72.94
   76.14
  157.75
   88.66
   73.28
   89.99
   80.76
   67.56
   70.11
  113.24
  153.19
  153.02
  192.27
  227.98
  230.41
  231.77
  232.88
  309.53
  264.79
  229.14
  229.08
  229.39
  229.79
  228.04
  229.93
  246.84
  375.54
  288.66
   77.62
   65.67
  546.49
  258.76
  106.39
  179.78
  330.97
  260.57
  169.99
  188.02
  196.63
  187.37
  487.42
   79.91
   76.60
   94.86
  220.56
  197.06
  175.42
  223.93
  208.21
  203.37
   68.39
  272.92
  254.71
  118.45
  149.63
  100.47
  540.43
  107.72
  215.32
  720.49
  679.12
  695.77
  673.86
  450.61
  347.45
  819.09
  845.29
  727.32
  672.67
  848.77
  676.43
  495.60
  630.93
  601.03
  888.58
  974.01
  988.46
  532.98
  458.02
  820.76
  595.59
  577.21
 1219.10
 1312.71
  763.68
  902.68
 1156.74
 1142.10
 1005.39
 1008.33
 1005.22
  757.59
  742.72
  994.20
  880.48
  825.27
  791.14
  668.62
  328.93
  203.88
  671.99
  727.43
  750.88
  360.81
  642.62
  195.64
  206.23
  716.56
  682.46
  661.74
  581.03
  395.27
  222.94
  434.92
  627.70
  595.93
  373.30
  708.60
  597.74
  668.36
  606.21
  833.53
  901.33
  745.44
  753.77
  586.78
  437.18
  542.44
  938.87
  809.13
  877.14
  728.93
  642.28
  167.81
  180.12
  847.04
  907.30
  833.68
  916.05
  604.37
  457.12
  504.12
  936.32
  626.06
  501.58
  794.77
  934.99
  659.27
  518.88
  394.40
 1026.94
  784.83
  720.64
  360.33
  752.86
  745.36
  882.78
  600.35
  597.77
  802.41
  950.23
  948.56
  918.29
 1377.76
 1671.46
 2042.24
 2712.36
 2598.44
 2903.72
 3541.19
 2739.03
 1665.03
 1612.16
 1528.54
 1376.09
 1275.42
 1274.99
 1197.15
 1027.67
 1040.19
 1051.94
 1036.71
  997.80
  784.63
 1004.63
  938.70
  913.22
  955.21
  962.86
  841.15
  723.18
  978.35
 1066.81
  891.58
 1077.85
  954.84
  873.74
  890.79
  911.29
  987.97
 1007.23
 1241.01
  974.95
  868.34
  873.12
 1074.31
  989.87
 1041.21
  741.82
  868.56
 1162.04
  879.58
 1022.15
  906.56
 1258.57
  953.82
 1142.41
 1263.55
 1262.82
  869.02
 1130.47
 1265.90
 1103.39
 1039.43
 1265.90
 1263.78
 1261.18
 1261.43
 1259.22
 1260.38
 1258.74
 1257.32
 1254.95
 1253.39
 1254.63
 1255.60
 1258.91
 1262.05
 1266.33
 1266.78
 1466.56
 1681.60
 1893.77
 2335.38
 2635.28
 2733.74
 2706.58
 2680.81
 2680.98
 2953.25
 3231.29
 3057.51
 2807.64
 2817.07
 3069.80
 3340.37
 2911.26
 2436.30
 2131.83
 1890.94
 1883.72
 1875.62
 1876.36
 1877.01
 1722.23
 1616.10
 1617.32
 1614.15
 1615.36
 1613.61
 1437.16
 1116.90
 1046.19
 1091.67
 1095.64
 1135.39
 1070.55
 1042.37
  725.28
  829.85
 1093.45
  921.66
 1252.51
 1253.76
 1255.03
 1250.44
 1382.32
 1556.92
 1553.15
 1551.23
 1415.76
 1256.81
 1255.54
 1248.63
 1039.62
 1078.90
 1196.92
  970.59
  791.88
  977.47
 1070.18
 1138.79
  788.91
  911.01
  771.75
  817.88
  854.52
  741.59
  709.11
  527.43
  797.71
  850.47
  768.52
  730.35
  677.59
  552.32
  482.01
  746.94
  635.85
  724.01
  977.30
 1107.08
 1255.00
  835.60
 1054.26
 1081.85
 1140.12
 1263.70
 1113.90
 1035.09
  992.05
 1220.97
 1257.69
 1257.24
 1255.97
 1227.76
  661.31
  683.80
  975.63
  984.01
 1187.86
 1083.83
 1223.46
  464.68
  539.41
  805.47
  732.64
  931.79
  895.15
  948.59
  305.17
  232.17
  473.60
  361.32
  275.83
  294.13
  308.03
  153.51
  153.42
  364.10
  646.47
  509.31
  517.89
  616.49
  262.78
  341.27
  971.49
  886.40
  979.05
 1200.58
 1217.91
  922.36
  946.92
  663.97
  950.54
  960.34
  756.99
  749.97
  750.11
  366.31
  365.03
  364.58
  360.76
  370.21
  369.14
  250.72
  247.83
  272.49
  272.80
  259.55
  246.67
  260.60
  715.14
  240.66
  605.50
  609.52
  671.68
  731.34
  482.60
  459.44
  446.81
  473.43
  306.84
  307.35
  190.32
  188.99
  187.68
  188.36
  362.40
  365.66
  364.32
  376.13
  603.74
  912.57
  923.84
  813.15
  709.76
  709.22
  701.86
  704.01
  333.60
  332.01
  331.53
  524.80
  527.20
  401.11
  394.71
  821.25
  788.82
  535.02
  474.42
  484.08
  478.16
  669.86
  734.79
  743.23
  739.58
  739.01
  741.48
  740.46
  739.98
  740.49
  740.37
  716.61
  586.13
  633.67
  629.51
  629.00
  541.47
  540.54
  505.57
  356.68
  520.35
  824.16
  744.87
  328.25
  377.29
  376.53
  462.19
  450.12
  821.92
 1086.60
 1244.58
 1242.20
 1253.05
  873.43
  830.14
  900.82
  903.82
  953.88
  954.36
  760.25
  799.10
  827.33
  762.66
  878.93
  858.06
  669.30
  946.60
  853.07
  741.14
  468.05
  281.50
  249.87
  401.93
 1197.83
  824.22
  738.70
  781.32
  772.99
  423.25
  336.21
  876.38
  721.15
  667.51
  703.33
  737.12
  325.53
  313.27
  796.67
  757.16
  725.42
  432.74
  573.59
  607.65
  317.91
  871.42
  709.11
  708.66
  759.71
  735.84
  328.31
  267.85
  952.75
  824.47
  679.75
  579.93
  528.73
  443.95
  443.87
  460.74
  849.45
  795.19
  813.74
  848.74
 1072.33
  870.35
  893.11
  928.06
  828.69
  920.50
  911.97
  829.80
  856.78
  947.57
  921.01
  901.69
 1023.40
  963.37
 1026.60
  937.03
  844.52
  861.06
  702.63
  440.75
  146.28
  483.00
  844.58
  895.18
  892.43
  975.29
  936.52
  325.81
  183.24
  190.88
  776.59
 1085.30
  892.04
  899.17
  835.18
  356.91
  145.15
  497.50
  595.73
  609.07
  715.20
  514.69
  140.73
  141.98
  790.69
  875.25
  737.51
  611.22
  515.11
  246.55
  309.33
  568.55
  671.68
  903.05
  618.86
  510.98
  429.26
  301.40
  574.83
  311.80
  611.42
  515.23
  568.83
  140.08
  138.89
  499.99
  456.30
  432.37
  972.74
  821.44
  889.46
  167.04
  672.64
  682.92
  738.56
  466.89
  452.02
  140.11
  166.76
  336.80
  680.48
  574.95
 1004.46
  735.25
  145.72
  141.22
  520.38
  919.87
 1049.82
  666.04
 1056.36
  444.69
  208.87
  882.98
  700.50
  790.72
  650.66
  894.44
  747.59
  225.88
  686.12
  936.52
 1118.94
  777.16
  620.99
  109.98
  134.73
  403.63
  798.59
  178.51
  286.96
  359.62
  174.23
  110.10
  129.04
  383.01
  629.85
  704.61
 1168.10
  878.56
  142.49
  750.85
  752.41
  309.13
  246.61
  459.92
  829.66
  697.05
  760.00
 1097.82
 1060.81
 1162.60
 1169.66
  971.81
  987.52
 1167.56
 1155.53
 1206.81
 1245.18
 1254.92
  900.70
  811.11
 1075.16
 1050.05
  992.85
  620.39
  450.15
  215.92
  321.82
  941.25
  954.19
  964.22
  792.33
  755.95
  698.94
 1244.30
 1257.07
 1008.33
  184.71
  148.04
   93.70
  622.69
  919.22
 1066.44
  816.01
  387.63
  430.05
  388.96
  461.56
  696.34
  860.69
  484.64
  404.76
  418.24
  777.72
  510.10
  169.05
  852.25
  896.94
  557.13
  655.00
  148.97
  150.19
  121.22
  120.35
  315.87
  528.93
  470.43
  686.94
  139.91
  167.44
  184.85
  488.81
  234.75
  195.19
  303.27
   88.21
   68.61
  235.77
  253.89
  240.47
   92.91
   92.85
   97.61
   77.62
  230.47
  236.39
  240.52
  242.28
  244.77
  397.74
  275.55
  856.98
  558.92
  479.15
  436.33
  505.82
  246.84
  250.35
  291.95
  273.34
  373.33
  565.83
  305.57
  204.96
  594.00
  868.00
  852.31
  795.85
  465.44
  471.25
  455.65
  423.20
  657.01
  581.17
  434.01
  420.59
  335.87
  182.81
  282.09
  377.55
  463.63
  524.40
  591.31
  210.20
   95.03
   56.66
  284.39
  123.60
  231.32
  231.29
  229.00
  228.40
  317.91
  421.67
  425.35
  398.16
  412.52
  388.88
  329.78
  329.61
  329.32
  327.40
  371.35
  367.50
  259.72
  167.35
  166.28
  245.73
  401.87
  759.26
  576.64
  558.04
  298.97
  270.31
  455.08
  469.32
  490.96
  299.79
  395.53
  170.89
  175.20
  303.47
  575.23
  482.43
  559.46
  229.03
  279.12
  240.55
  353.79
  406.06
  596.98
  370.50
  448.91
  323.41
  440.98
  392.90
  456.95
  261.90
  526.89
  508.09
  383.47
  471.05
  443.13
  466.86
  530.35
  529.50
  498.38
  365.85
  462.90
  632.17
  331.65
  516.50
  355.18
  456.69
  326.21
  410.08
  348.92
  349.49
  349.03
  348.10
  348.75
  424.21
  424.07
  692.83
  856.58
  705.15
  714.69
  712.85
  457.03
  460.66
  566.34
  695.41
  703.25
  706.05
  481.70
  473.49
  475.10
  711.52
  675.72
  674.82
  678.73
  512.42
  509.67
  507.58
  584.43
  744.85
  763.39
  716.44
  572.09
  445.85
  449.33
  586.70
  737.51
  658.00
  684.22
  688.27
  698.43
  417.73
  469.63
  473.49
  773.11
 1022.24
  662.36
  531.88
  525.19
  828.81
  585.71
  754.96
  545.38
  803.83
  683.14
  696.11
  757.50
  569.65
  221.01
  246.89
  329.86
  629.77
  861.91
  819.43
  653.50
  656.92
  708.69
  554.87
  415.83
  202.21
  810.57
  652.05
  812.61
  690.17
  775.15
  374.32
  314.63
  490.19
  703.28
  663.07
  795.45
  406.29
  389.87
  405.72
  646.16
  753.17
  552.26
  687.56
  677.79
  568.35
  422.63
  858.76
  772.97
  852.62
  748.78
  766.06
  482.07
  793.15
  808.62
  898.49
  874.25
  862.19
 1032.55
  926.47
  957.73
 1087.11
 1008.28
  883.26
 1022.52
 1219.46
 1094.64
  993.21
 1241.24
 1244.84
 1157.22
 1252.45
 1249.99
 1237.45
 1218.30
 1237.59
 1261.43
 1261.15
 1261.80
 1260.41
 1261.80
 1262.68
 1264.32
 1264.63
 1263.92
  814.53
  794.68
  857.69
  882.18
 1202.45
  857.09
  822.21
  880.29
 1255.34
 1025.10
  586.84
  554.87
  607.28
  342.72
  539.63
  539.24
  154.75
  112.96
  378.85
  442.14
  651.46
  394.03
  165.20
  184.88
  167.10
  163.93
  929.56
  663.46
  357.19
  376.90
  247.40
  382.73
  301.91
  858.45
 1027.65
 1156.12
 1312.54
 1479.47
 1475.87
 1475.36
 1477.91
 1470.75
 1344.12
 1229.35
  888.70
  984.01
 1248.32
 1017.51
 1001.09
 1077.34
  447.21
  419.26
  169.56
  877.62
  849.96
  859.70
  866.61
  912.23
  608.22
  506.11
  768.63
  858.93
  852.22
  707.27
  600.60
  274.08
  477.56
  662.19
  880.97
  506.70
  497.81
  578.63
  327.09
  263.38
  428.52
  248.40
  413.71
  604.20
  615.61
  193.18
  198.78
  188.65
  187.43
  220.96
  226.85
  210.88
  212.60
  214.08
  212.69
  212.06
  197.11
  198.73
  203.09
  197.82
  189.61
  630.42
  622.12
  442.42
  444.89
  443.89
  213.79
  213.08
  223.08
  214.61
  234.07
  226.68
  226.36
  224.50
  326.97
  554.05
  507.18
  527.49
  488.83
  603.18
  189.27
  188.17
  193.77
  195.50
  187.40
  160.84
  197.09
  230.24
  230.05
  230.24
  229.88
  230.05
  229.06
  229.68
  230.19
  229.96
  232.03
  230.24
  230.39
  238.85
  227.72
  228.43
  193.38
  208.04
  262.10
  224.52
  267.28
  233.61
  231.04
  228.06
  228.09
  232.93
  201.64
  201.64
  174.74
  175.00
  167.04
  175.28
  175.51
  173.53
  167.83
  167.95
  167.61
  164.89
  287.98
  201.84
  202.35
  202.18
  223.70
  226.22
  211.84
  212.89
  206.71
  199.49
  173.78
  173.02
  174.01
  172.85
  173.27
  169.65
  172.17
  172.45
  280.05
  280.99
  280.65
  280.73
  280.82
  453.47
  421.61
  343.57
  377.10
  407.37
  436.87
  423.37
  390.21
  490.19
  483.45
  385.51
  386.27
  503.70
  437.67
  504.01
  502.48
  501.29
  374.12
  376.30
  503.73
  503.47
  546.12
  521.43
  438.97
  259.35
  256.58
  550.45
  536.24
  408.30
  428.86
  436.22
  228.09
  228.38
  488.83
  451.68
  415.61
  461.34
  273.23
  230.61
  231.46
  369.39
  449.25
  419.17
  599.61
  609.18
  229.71
  213.34
  415.63
  414.42
  415.46
  389.84
  385.68
  312.62
  202.04
  380.07
  344.13
  334.31
  345.83
  342.32
  333.54
  332.64
  554.30
  568.18
  561.89
  531.88
  558.15
  568.57
  580.33
  642.76
  675.87
  647.86
  649.96
  650.15
  615.95
  558.75
  690.85
  650.04
  650.47
  667.14
  679.83
  535.92
  540.00
  671.39
  661.09
  644.41
  712.14
  640.19
  419.34
  419.32
  674.90
  655.37
  636.62
  637.61
  657.77
  383.30
  427.58
  499.51
  213.34
  220.25
  228.63
  226.73
  144.81
  144.16
  202.55
  210.00
  217.36
  182.36
  195.39
  195.50
  195.81
  216.48
  216.37
  216.54
  216.85
  216.77
  169.42
  169.67
  226.48
  219.99
  219.77
  220.11
  226.76
  226.28
  227.10
  369.76
  356.48
  378.00
  420.73
  470.48
  271.39
  271.42
  405.81
  418.15
  359.00
  465.53
  360.02
  171.85
  202.89
  300.19
  336.12
  289.48
  288.80
  168.94
  168.80
  168.63
  163.81
  201.33
  155.57
  155.77
  157.36
  158.60
  158.77
  159.25
  161.26
  161.41
  115.62
  111.57
  111.29
  116.07
  228.18
  111.46
  164.07
  162.26
  149.88
  115.31
  110.58
  226.65
  229.48
  184.03
  182.62
  222.06
  255.84
  237.61
  231.86
  259.16
  247.89
  226.90
  253.69
  225.63
  226.45
  234.75
  348.78
  351.89
  347.11
  360.95
  255.59
  257.85
  286.68
  321.06
  272.66
  215.35
  215.92
  216.62
  217.39
  179.02
  214.53
  164.46
  178.03
  178.20
  177.83
  179.02
  179.42
  178.54
  178.93
  177.46
  177.41
  177.69
  157.38
  221.75
  178.08
  179.08
  178.37
  177.94
  185.42
  181.79
  178.08
  178.28
  343.74
  451.17
  409.55
  245.76
  263.35
  352.94
  352.35
  384.83
  280.39
  241.80
  559.99
  462.58
  482.32
  382.25
  491.67
  564.33
  575.60
  453.27
  452.50
  605.02
  465.30
  305.31
  308.43
  320.41
  309.67
  292.99
  331.87
  255.05
  278.41
  237.61
  294.95
  318.00
  254.17
  531.79
  593.52
  751.05
  664.00
  865.05
  778.49
  684.19
  959.12
 1005.67
  980.78
  551.36
  436.08
  496.96
  287.44
  636.90
  736.55
  785.71
  758.61
  729.24
  285.41
  235.99
  600.03
  629.06
  640.58
  629.85
  543.09
  336.74
  350.45
  233.13
  239.19
  346.63
  746.18
  750.57
  740.15
  675.47
  700.81
  713.24
  642.14
  618.07
  628.29
  551.27
  452.02
  612.75
  694.36
  591.28
  622.32
  852.88
  848.15
  876.18
  545.64
  516.98
  477.34
  210.08
  222.23
  227.04
  228.09
  260.01
  303.13
  226.00
  226.93
  225.40
  394.00
  403.01
  541.70
  538.78
  549.18
  542.72
  421.04
  347.53
  345.72
  503.19
  315.65
  289.23
  226.76
  226.96
  228.01
  229.20
  230.24
  224.69
  225.18
  225.60
  359.91
  228.97
  228.72
  229.99
  238.46
  242.25
  237.15
  223.50
  222.51
  224.81
  155.83
  156.56
  160.92
  160.53
  160.08
  155.29
  159.93
  159.20
  158.80
  159.03
  158.52
  158.43
  158.49
  158.46
  158.18
  158.06
  158.18
  158.32
  158.55
  163.05
  163.22
  163.42
  163.73
  164.32
  164.75
  164.83
  164.32
  161.92
  225.43
  245.22
  203.85
  202.72
  202.47
  201.81
  201.36
  290.42
  303.95
  289.37
  287.22
  286.93
  301.49
  280.93
  315.51
  315.70
  317.06
  317.46
  317.09
  252.53
  252.47
  334.88
  316.02
  316.87
  317.77
  320.26
  295.29
  294.83
  445.40
  423.03
  407.93
  415.21
  417.70
  291.24
  292.26
  316.13
  307.01
  305.26
  303.67
  300.58
  308.77
  303.05
  399.38
  399.81
  399.86
  399.66
  399.44
  349.83
  323.44
  369.19
  370.13
  338.56
  280.45
  279.37
  279.35
  278.69
  440.81
  323.55
  324.28
  477.00
  543.88
  543.06
  542.44
  631.44
  674.76
  771.72
  928.62
  772.51
  370.27
  370.75
  648.60
  646.62
  647.41
  714.92
  663.41
  581.68
  631.24
  632.57
  538.56
  634.72
  654.46
  662.16
  598.90
  621.10
  601.85
  610.40
  471.96
  515.79
  508.74
  520.07
  512.08
  478.10
  288.44
  286.82
  286.00
  249.10
  255.30
  255.87
  250.01
  250.07
  244.29
  244.01
  243.30
  212.63
  212.89
  208.72
  242.82
  243.35
  243.38
  242.70
  242.39
  242.31
  242.14
  242.08
  242.14
  242.11
  242.25
  349.23
  350.19
  417.73
  369.51
  354.56
  347.39
  346.54
  345.95
  346.20
  345.10
  281.36
  280.65
  280.08
  280.54
  237.72
  236.87
  237.35
  236.56
  236.53
  236.36
  235.71
  235.31
  235.91
  235.20
  236.25
  236.30
  235.60
  234.63
  234.49
  201.67
  199.80
  198.27
  197.79
  197.23
  197.03
  197.20
  205.44
  196.77
  177.55
  174.18
  172.39
  172.34
  172.25
  172.28
  169.82
  169.65
  169.70
  169.50
  169.56
  191.11
  236.28
  236.39
  236.22
  238.37
  238.71
  238.29
  238.54
  238.99
  238.85
  237.13
  312.90
  232.62
  232.11
  232.68
  233.53
  234.24
  234.38
  233.76
  233.27
  344.13
  343.17
  343.62
  463.29
  332.61
  345.47
  677.37
 1015.73
  951.08
 1043.87
 1269.30
 1278.79
 1289.55
 1286.83
 1283.43
 1030.48
 1062.90
  913.50
  812.04
  262.13
  995.00
 1007.09
 1005.73
 1008.45
 1013.12
  773.87
  767.90
  769.82
  772.80
  643.05
  736.61
  762.63
  966.91
 1680.46
 2168.73
 2165.87
 2165.90
 2158.56
 2160.35
 2016.53
 1671.20
 1379.74
 1246.22
 1251.89
  952.55
 1166.00
 1090.68
 1096.34
 1108.97
  961.27
  683.51
  586.75
  714.72
  772.06
  960.31
  710.98
  703.28
  651.09
  651.88
  650.55
  746.26
  819.40
  832.29
  826.77
  591.94
  478.33
  475.84
  475.89
  476.26
  474.02
  472.32
  472.38
  472.16
  348.44
  348.30
  346.26
  463.04
  462.95
  594.06
  595.16
  594.94
  593.89
  594.88
  597.54
  599.16
  693.79
  480.08
  907.10
  939.44
  945.53
  725.05
  695.77
  518.68
  472.69
  489.91
  490.99
  365.20
  308.99
  302.65
  230.24
  392.30
  503.70
  483.31
  474.65
  498.66
  501.35
  420.28
  422.20
  483.71
  507.32
  508.32
  510.41
  507.04
  505.43
  505.31
  506.25
  291.61
  279.77
  279.54
  280.62
  227.04
  280.03
  278.69
  349.68
  350.73
  227.10
  226.25
  227.36
  393.94
  637.92
  555.29
  454.12
  445.88
  426.99
  420.25
  420.36
  335.67
  332.47
  273.12
  309.25
  310.64
  234.80
  235.43
  236.56
  230.56
  231.38
  233.08
  234.58
  194.20
  195.50
 1176.96
 1719.00
 1554.93
 1138.03
 1113.67
  716.56
  937.40
  952.69
  978.89
  977.87
  971.21
  935.22
 1126.95
 1078.76
 1156.09
 1309.40
 1060.61
 1049.14
  959.80
  419.66
  449.33
  360.78
  659.24
  739.72
  929.70
  762.77
  520.10
  521.28
  528.87
  514.69
  699.09
  753.91
  563.70
  652.53
  536.35
  562.23
  606.60
  618.84
  637.55
  741.79
  728.03
  738.48
  622.89
  505.00
  515.79
  678.67
  901.27
  931.85
  737.34
  846.79
 1013.46
 1033.45
  977.81
  748.70
  493.82
  578.09
  519.56
  551.02
  535.75
  458.87
  529.64
  307.01
  304.89
  436.90
  442.34
  668.79
  438.85
  490.79
  498.46
  318.65
  362.80
  603.74
  611.28
  279.80
  922.28
  328.65
  167.58
  373.05
  299.05
  472.38
  457.01
  425.60
  280.65
  366.11
  312.93
  461.99
  673.63
  751.16
  779.85
  530.12
  804.93
  878.56
  720.18
  731.74
  616.29
  739.41
  626.91
  542.95
  538.25
  785.57
  767.61
  801.65
  864.99
  504.95
  494.67
  723.67
  763.68
  776.48
  890.45
  889.52
  502.82
  521.03
  686.66
  636.39
  894.81
  837.47
  743.01
  613.06
  564.72
  699.54
  717.80
  734.00
  905.32
  906.59
  546.63
  543.57
  456.13
  389.72
  439.65
  389.72
  419.26
  400.63
  402.47
  491.89
  495.06
  504.27
  508.15
  779.53
  548.61
  513.64
  503.22
  936.30
  828.10
  480.57
  402.95
 1011.34
 1321.58
 1390.84
 1618.82
 1614.20
 1344.31
 1052.59
 1047.64
 1040.59
 1039.71
 1037.56
 1034.16
 1032.38
 1037.44
  786.50
  836.82
 1040.11
 1021.36
 1034.64
 1014.96
 1148.64
 1273.13
 1275.99
 1257.55
 1277.26
 1276.13
 1134.06
 1027.17
 1008.31
 1022.04
  712.82
  738.33
  933.29
 1007.57
 1012.87
 1011.39
 1048.97
 1171.72
 1377.50
 1382.63
 1371.81
 1328.82
 1272.08
 1272.62
 1273.32
 1428.92
 1592.37
 1821.54
 2047.85
 2051.10
 2043.94
 1957.15
 1879.16
 1874.12
 1870.92
 1863.16
 1856.82
 1852.60
 1855.69
 1839.09
 1566.71
 1278.76
 1271.17
 1272.28
 1275.11
 1277.43
 1282.02
 1283.55
 1288.50
 1393.87
 1502.18
 1500.85
 1496.57
 1490.71
 1848.24
 2461.53
 2727.82
 2715.42
 2707.63
 2710.89
 2685.99
 2491.03
 2287.41
 2283.19
 2288.88
 2300.29
 2431.37
 2573.58
 2375.81
 2262.01
 1357.65
 2050.73
 2046.85
 2129.77
 2258.95
 2258.07
 2091.88
 1927.22
 1924.61
 1920.56
 1659.00
 1290.26
 1140.43
 1060.52
 1004.65
 1002.98
 1003.80
  700.08
  712.14
  464.54
  483.14
  464.40
  500.08
  512.25
  953.17
 1007.29
 1003.78
 1386.56
 1930.50
 2296.69
 2302.22
 2368.19
 2532.04
 2667.70
 2641.51
 2619.45
 2604.53
 2589.86
 2190.76
 2006.22
 2001.43
 2299.04
 2711.17
 2934.64
 2963.33
 2958.32
 2944.05
 2923.37
 2630.92
 2237.97
 2085.62
 2071.86
 2060.31
 1908.16
 1733.33
 1732.37
 1547.77
 1337.89
 1322.62
 1158.05
  998.45
  997.46
  998.42
  704.72
  866.69
  945.53
  998.42
  996.67
  648.17
  663.80
  598.53
  571.94
  438.66
  374.35
  324.14
  501.07
  680.62
  504.15
  555.72
  543.88
  489.06
  756.26
 1008.19
  574.07
  583.98
  474.62
  305.20
  409.21
  450.27
  531.03
  550.99
  679.92
  379.67
  369.85
  238.65
  343.77
  251.03
  248.96
  229.39
  229.88
  231.07
  231.89
  232.45
  234.29
  238.57
  232.99
  232.54
  233.44
  231.91
  225.32
  252.61
  155.80
  156.28
  155.83
  155.43
  155.49
  155.69
  156.03
  156.17
  156.34
  156.90
  204.70
  233.19
  237.24
  349.40
  248.03
  242.59
  337.93
  578.51
 1135.76
 1426.60
 1306.17
  815.44
  454.88
  273.65
  257.60
  392.47
  342.63
  347.11
  425.15
  262.10
  171.85
  171.09
  759.83
  510.44
  486.43
  363.11
  350.65
  452.02
  467.06
  331.65
  305.91
  331.28
  311.77
  311.43
  260.29
  254.96
  283.90
  415.58
  196.83
  142.86
  442.37
  470.82
  451.00
  365.74
  298.74
  387.91
  484.70
  612.61
  487.30
  339.29
  237.83
  237.07
  318.88
  358.26
  329.24
  331.31
  332.01
  375.85
  373.07
  277.56
  383.16
  385.17
  357.33
  359.26
  328.59
  328.36
  348.47
  347.45
  356.54
  286.82
  285.83
  337.48
  337.59
  336.97
  336.66
  336.66
  271.28
  261.17
  304.46
  303.22
  303.90
  304.69
  305.09
  319.75
  256.92
  257.34
  256.58
  231.07
  223.17
  221.75
  220.67
  220.64
  309.84
  317.29
  345.66
  371.01
  370.21
  502.11
  502.14
  627.59
  617.99
  615.64
  615.78
  615.61
  593.86
  561.49
  554.84
  554.87
  555.75
  596.95
  595.14
  581.26
  586.56
  644.32
  650.35
  622.77
  621.72
  621.22
  571.66
  569.88
  772.34
  776.59
  460.29
  887.17
  773.39
  579.67
  633.79
  641.83
  703.36
  701.80
  697.25
  712.00
  662.56
  672.55
  673.86
  583.72
  568.52
  545.44
  587.91
  396.66
  383.52
  580.47
  587.74
  633.96
  548.81
  541.90
  316.30
  315.93
  440.38
  408.92
  387.86
  459.95
  395.87
  297.07
  293.67
  440.75
  502.34
  542.64
  484.05
  428.86
  372.54
  330.83
  509.82
  501.92
  474.17
  471.90
  412.35
  352.20
  359.62
  537.26
  454.37
  424.95
  416.23
  420.87
  374.46
  304.04
  475.24
  487.22
  473.60
  446.58
  536.60
  290.36
  312.14
  424.92
  554.02
  617.45
  671.08
  652.17
  397.54
  362.43
  650.55
  667.88
  576.02
  632.26
  526.92
  479.74
  531.00
  572.62
  591.37
  730.52
  700.64
  661.76
  539.21
  455.17
  639.00
  679.89
  866.30
  870.66
  956.68
  517.41
  522.02
  719.19
  675.10
  673.49
  421.21
  545.67
  676.12
  576.79
  674.82
 1013.83
 1287.88
 1290.31
 1503.43
 1715.72
 1713.14
 1709.91
 1521.55
 1317.67
 1290.65
 1148.98
 1078.33
 1005.70
 1296.88
 1298.24
 1100.76
 1028.86
 1149.66
  578.17
  737.74
 1034.67
 1070.01
 1071.51
 1128.96
  918.83
  427.64
  429.26
  715.11
  829.40
  760.96
  705.54
  669.04
  295.40
  330.32
 1223.12
 1156.23
 1168.86
 1223.40
 1321.92
  765.72
  763.45
  986.47
  961.33
  853.10
 1110.16
 1096.94
  352.15
  340.88
  559.00
  571.83
  562.91
  611.45
  636.02
  437.95
  288.15
  561.10
  552.18
  597.17
  839.57
  700.13
  220.87
  219.09
  694.07
  835.32
  990.75
 1000.15
  928.03
  613.74
  555.55
  740.15
  767.95
  855.65
  844.15
  667.03
  355.26
  326.10
  326.30
  331.00
  330.34
  346.09
  343.57
  381.17
  301.09
  453.44
  383.04
  383.24
  479.74
  457.69
  996.36
  972.83
 1199.93
 1716.20
 2233.63
 2340.10
 2447.20
 2425.88
 2446.12
 2474.18
 2472.23
 2472.09
 2484.92
 2257.05
 2028.73
 1945.14
 2025.84
 2033.29
 2003.13
 2028.70
 1820.58
 1602.34
 1591.10
 1571.70
 1565.24
 1567.39
 1557.85
 1312.40
 1280.09
 1146.72
 1318.26
  744.05
 1056.08
 1045.17
 1007.77
  380.18
  567.13
  762.83
  796.64
 1069.87
 1099.80
 1133.16
  776.28
  672.36
  672.84
  774.32
  767.64
  766.17
  960.73
 1707.62
 2225.96
 2203.93
 1978.58
 1758.31
 1759.07
 1545.96
 1330.86
  927.32
  927.89
 1003.86
 1322.06
 1172.66
 1332.34
  678.33
  785.96
 1309.99
 1197.43
  746.86
  925.34
  846.42
  585.96
  582.51
  621.81
  652.73
  661.99
  629.14
  641.91
  346.23
  231.29
  408.22
  402.86
  441.49
  379.59
  371.18
  387.80
  390.86
  367.69
  402.30
  618.64
  463.52
  461.65
  292.03
  291.18
  470.99
  459.64
  449.64
  374.63
  417.11
  367.44
  329.52
  408.47
  397.74
  267.45
  335.38
  231.24
  259.47
  230.90
  371.12
  344.05
  368.20
  362.65
  461.71
  344.73
  355.23
  518.88
  768.69
 1064.35
 1023.97
 1112.97
 1010.32
 1058.57
  956.88
  932.19
  896.37
  717.29
  706.70
  387.37
  376.22
  419.91
  444.89
  483.96
  591.23
  530.29
  443.02
  346.57
  644.69
  413.09
  558.15
  558.10
  559.57
  556.71
  346.09
  496.20
  625.89
  635.80
  583.04
  582.48
  426.23
  443.58
  629.48
  658.17
  677.96
  676.49
  674.08
  487.79
  538.25
  735.25
  741.93
  741.48
  742.61
  745.24
  395.30
  385.73
  684.11
  686.17
  688.30
  692.21
  691.84
  459.24
  440.64
  690.34
  693.88
  695.66
  698.35
  700.67
  391.37
  387.69
  701.13
  702.63
  704.75
  705.49
  583.70
  592.76
  482.69
  684.45
  649.11
  788.91
  713.07
  602.10
  606.46
  687.22
  512.34
  487.33
 1014.20
  969.68
  578.46
  310.98
  311.49
  617.85
  559.14
  580.67
  548.33
  544.25
  395.59
  281.10
  682.41
  651.40
  613.80
  510.41
  383.38
  386.41
  399.78
  642.03
  650.44
  647.35
  588.11
  689.18
  447.29
  453.15
  661.06
  620.03
  658.48
  620.03
  489.71
  416.17
  172.62
  642.17
  643.76
  631.98
  639.28
  573.56
  385.22
  305.09
  571.07
  561.44
  574.38
  638.06
  694.70
  700.87
  807.94
  666.38
  676.46
  685.66
  684.73
  689.86
  505.57
  503.22
  848.00
  863.32
  870.29
  847.83
  711.38
  709.08
  742.44
  701.89
  689.15
  661.14
  899.34
  659.24
  530.83
  655.20
  758.89
  896.68
  899.29
  812.21
 1284.74
  980.78
  945.39
  991.43
 1226.09
 1319.03
 1319.93
 1315.37
 1314.04
 1313.59
 1589.96
 2280.02
 2444.85
 2400.42
 2073.53
 1793.42
 1783.06
 1766.49
 1753.12
 1753.52
 1777.08
 2056.48
 2349.96
 2355.59
 2352.99
 2404.75
 2381.33
 2449.80
 2088.31
 1654.33
 1648.04
 1555.05
 1425.02
 1368.67
 1368.67
 1280.01
 1288.25
 1294.48
 1299.97
 1303.93
 1301.47
 1299.32
 1299.63
 1298.27
 1297.45
 1295.61
 1296.97
 1295.81
 1069.22
 1010.97
  671.11
  640.41
  806.97
  902.15
 1258.63
 1296.09
 1298.61
  943.46
  886.49
 1114.86
 1043.05
 1169.15
 1301.41
 1300.82
 1229.97
 1224.68
 1298.41
 1575.92
 1723.76
 1722.66
 2075.77
 2434.68
 2428.71
 2411.52
 2385.44
 2357.86
 2329.37
 2070.78
 1847.93
 1846.15
 1453.73
 1264.57
 1108.52
  990.38
 1026.26
 1108.32
  993.72
 1041.58
 1020.88
 1036.57
  731.65
  694.92
  974.21
  953.51
  925.22
  979.96
  956.60
 1045.91
 1042.51
  683.51
  696.57
 1235.89
 1016.43
 1018.19
 1281.65
  993.98
 1299.83
 1306.34
 1303.17
 1300.45
 1311.27
 1307.70
 1311.69
 1317.13
 1264.83
 1317.19
 1313.70
 1309.26
 1097.50
 1010.68
  778.57
  776.70
  879.80
  870.60
 1045.54
 1026.85
  992.42
  578.82
  854.04
  491.98
  500.61
  443.05
  440.50
  365.94
  368.26
  251.77
  252.47
  251.74
  251.48
  246.44
  246.50
  246.92
  247.57
  246.78
  246.89
  246.75
  248.37
  246.24
  245.71
  245.00
  245.39
  245.73
  245.73
  245.42
  244.88
  244.40
  243.95
  243.52
  243.47
  243.27
  242.28
  243.27
  243.07
  243.24
  242.90
  157.19
  154.95
  154.10
  153.82
  152.68
  152.26
  186.35
  198.39
  198.47
  198.42
  198.36
  158.57
  198.64
  429.62
  318.96
  301.77
  197.54
  197.00
  196.63
  196.60
  210.42
  210.17
  313.10
  345.44
  482.86
  281.55
  281.61
  281.21
  302.31
  302.85
  310.49
  367.78
  277.73
  200.82
  337.06
  233.76
  293.73
  281.87
  260.32
  225.23
  223.90
  413.96
  454.12
  380.75
  325.22
  388.42
  256.83
  256.15
  391.51
  448.26
  448.82
  448.26
  446.98
  275.89
  276.23
  542.86
  547.62
  551.44
  554.78
  548.95
  409.97
  360.08
  583.16
  608.22
  609.46
  685.66
  669.38
  409.77
  408.92
  498.12
  498.35
  479.35
  250.60
  276.83
  251.91
  251.43
  251.62
  251.60
  251.11
  276.54
  276.68
  277.22
  278.27
  277.79
  367.30
  251.14
  250.75
  310.49
  250.75
  256.81
  668.56
  961.02
  803.63
  762.49
  765.40
  764.61
  765.49
  635.18
  735.36
  744.36
  665.64
  665.39
  610.62
  611.90
  808.90
  818.92
  769.94
  783.02
  663.83
  550.22
  551.67
  774.47
  748.73
  724.51
  732.19
  736.38
  546.40
  546.49
  765.57
  695.80
  722.56
  727.12
  633.33
  496.82
  569.71
  615.30
  629.12
  565.26
  546.66
  565.23
  487.81
  345.52
  615.38
  662.90
  615.75
  573.05
  563.00
  377.63
  344.28
  552.80
  947.71
  838.83
  663.78
  540.97
  558.95
  639.82
  525.73
  609.69
  599.41
  566.00
  537.54
  445.82
  361.29
  596.81
  540.20
  538.78
  561.13
  563.36
  404.93
  408.61
  840.27
  720.01
  695.77
  775.99
  787.46
  485.95
  382.67
  609.97
  726.24
  775.23
  806.27
  817.05
  530.15
  462.47
  697.64
  709.76
  661.51
  686.15
  686.51
  383.16
  557.36
  807.91
  766.57
  752.77
  750.88
  752.92
  476.03
  439.36
  901.98
  863.18
  889.89
  894.13
  833.73
  628.75
  664.06
 1023.09
 1035.52
  985.06
  544.42
  541.02
  720.61
  731.51
  873.57
  865.39
  859.56
  489.94
  503.02
  965.49
  928.57
  859.08
  845.34
  881.05
  871.34
  765.29
  383.86
  413.79
  502.23
  485.61
  514.52
  485.52
  516.30
  307.41
  307.83
  474.02
  689.60
  558.21
  590.09
  432.09
  237.63
  237.49
  586.84
  848.54
  899.99
  910.13
 1081.87
  680.06
  904.07
  519.84
  551.92
 1128.77
  890.31
  937.32
  914.49
  905.52
  842.94
  881.16
 1182.12
 1162.86
 1165.10
 1056.78
 1041.95
 1259.70
 1306.45
 1298.64
 1012.81
 1076.66
  761.86
  596.83
 1073.21
 1099.63
 1967.68
 2679.74
 2803.91
 2796.20
 2786.72
 2778.93
 2924.14
 3045.87
 2894.52
 2752.03
 2739.49
 2726.94
 2711.88
 2696.56
 2682.43
 2720.77
 2744.21
 2751.69
 2750.78
 2747.16
 2737.76
 2724.31
 2710.74
 2693.16
 2678.92
 2664.73
 2656.26
 2642.41
 2620.87
 2357.75
 2162.84
 2168.39
 2176.18
 2181.64
 2188.55
 2190.73
 1971.14
 1759.86
 1756.83
 1753.27
 1523.28
 1314.35
 1316.00
 1316.73
 1316.56
 1313.39
 1133.95
 1129.56
 1087.82
 1250.64
 1308.72
 1308.86
  749.58
  899.85
 1288.27
 1183.42
 1311.61
 1587.16
 1588.86
 1581.10
 1565.89
 1393.70
 1092.95
  984.15
  888.24
  889.80
  860.86
  742.16
  862.47
  576.76
  739.81
  657.32
  617.25
  705.57
  715.71
  517.55
  548.13
  692.55
  699.43
  676.06
  739.58
  793.58
  573.42
  729.70
  747.90
  727.77
  712.62
  678.39
  573.47
  687.59
  706.22
  726.89
  510.86
  704.75
  745.02
  734.45
  598.48
  806.80
  844.80
  896.51
  910.36
  944.85
 1063.33
 1795.57
 2451.93
 2129.60
 1793.36
 1780.11
 1769.38
 1995.91
 2434.12
 2554.63
 2493.36
 2324.08
 2040.82
 1823.69
 1823.43
 1822.59
 1524.13
 1261.43
 1258.71
 1040.28
  936.89
  910.25
 1063.75
 1184.58
 1339.13
 1338.00
  971.72
  916.62
  895.58
  958.81
  826.43
  706.02
  645.28
  656.21
  783.10
  928.14
 1339.95
 1343.72
 1346.32
 1336.50
 1024.48
  869.16
 1125.48
 1243.02
 1413.18
 1526.02
 1340.75
 1237.11
 1246.05
 1245.60
 1167.59
 1089.24
 1023.51
 1238.13
 1334.35
 1344.34
 1342.87
 1214.42
  866.72
  831.95
 1015.10
 1149.35
 1211.93
 1185.71
  738.28
  764.81
 1050.19
 1183.79
 1819.36
 2416.96
 3303.39
 4178.12
 3749.04
 2915.79
 2380.60
 2239.98
 2083.13
 2075.79
 2068.21
 2061.38
 1908.41
 1763.23
 1561.70
 1341.88
  994.18
 1025.89
 1336.56
 1332.68
 1147.48
 1131.85
  739.52
  474.62
  641.63
  602.38
  721.32
  768.66
  887.11
  467.88
  497.81
  713.10
  753.85
  770.44
  781.60
  762.63
  430.22
  518.14
  785.93
  840.25
  944.40
  888.70
  879.07
  593.12
  630.50
  693.54
  844.38
  740.63
  708.74
  707.64
  367.44
  679.75
  737.71
  529.61
  629.40
  709.17
  665.67
  470.82
  424.53
  657.12
  788.20
  908.46
  913.61
  909.40
  711.49
  670.80
  796.33
  830.73
  796.27
  828.52
  792.11
  597.43
  544.79
  839.88
  909.14
  903.11
  930.29
  967.36
  697.13
  747.42
  950.06
  954.28
  863.61
  918.23
  944.85
  672.30
  491.27
  606.18
  874.99
 1020.65
 1010.71
  988.82
  808.08
  484.70
  854.32
  983.64
  742.69
  798.34
  461.25
  547.48
  568.66
  864.40
  819.55
  796.41
  678.67
  810.00
  694.53
  664.51
  849.90
  787.49
  918.40
  807.91
  817.51
  646.67
  639.37
  749.77
  815.36
  835.18
  891.98
  789.47
  768.38
  812.75
  841.61
  867.29
  904.55
  924.80
  897.16
  660.94
  505.82
  927.43
  916.96
  998.54
  770.81
  794.77
  739.47
  680.26
  711.29
  642.37
  537.23
  587.23
  453.18
  572.09
  763.82
  819.09
 1011.22
 1018.50
 1014.17
 1009.27
 1008.82
 1011.19
 1019.75
 1021.33
 1010.60
 1008.53
 1011.22
 1008.25
 1002.25
 1376.00
 1788.95
 1795.77
 1796.28
 1797.47
 1794.72
 1794.52
 1796.17
 1792.63
 1788.61
 1500.76
 1296.37
 1287.20
 1285.22
 1518.04
 1756.01
 1760.46
 1759.47
 1758.36
 1756.30
 1761.39
 1881.26
