19850101
    6.60
   13.65
   13.54
   22.20
   13.79
   14.53
   14.05
    6.91
    6.74
    8.16
    7.70
    6.85
    6.80
   27.58
   26.99
   13.39
    6.60
    6.71
    6.63
   31.32
   75.49
   19.88
    6.91
    7.14
    9.17
    6.63
    6.63
    6.74
    8.01
    6.12
    6.71
    3.40
    0.00
    0.00
    6.65
    0.00
    0.00
    0.00
   26.93
    6.99
    6.54
    6.91
    6.65
    6.51
    7.25
    7.05
    6.60
    6.51
    6.43
    6.43
    6.82
    6.68
    6.51
    0.00
    0.00
    7.36
    6.48
    6.29
    6.29
    0.00
    0.00
    0.00
    6.31
   16.06
   14.44
   14.33
    6.71
    0.00
    0.00
    7.87
    6.43
    6.94
    6.63
    6.85
    0.00
    0.00
    3.20
    2.89
    1.59
    1.47
    1.61
    1.61
    1.56
    3.23
    3.14
   23.73
    3.45
    3.17
    1.27
    0.00
    1.61
    1.59
    0.00
    1.44
    0.00
    1.64
    0.00
    1.53
    0.00
    1.70
    2.66
    0.00
    1.56
    0.00
    1.47
    0.00
    1.59
    0.00
    1.59
    0.00
    1.59
   12.77
    1.61
    0.00
    1.64
    0.00
    2.10
    0.00
   12.83
    6.31
    6.63
    6.88
    6.37
    6.57
    7.08
    6.29
    6.34
    7.05
    6.48
    8.10
    9.29
    8.07
    9.46
    7.73
    6.26
    7.73
    7.96
    7.82
    7.79
    7.70
    6.20
    6.23
    6.31
    6.20
    6.23
    6.26
    6.29
    7.82
    6.68
    7.84
    6.71
    6.29
    6.40
   33.64
   22.40
   35.99
   22.80
   22.29
    6.37
    6.31
   19.26
   12.74
   12.66
    6.20
    6.23
    6.48
    6.40
    9.74
    6.29
    6.20
    6.12
    6.26
    6.20
    6.29
   15.46
   35.59
   39.11
   38.60
   19.14
    3.14
    3.14
   14.30
    7.96
   14.30
    6.17
    9.40
    6.20
    6.26
   14.55
   13.99
   14.24
   13.71
   38.37
    6.17
    6.12
   34.46
   14.38
   14.33
   14.38
   48.73
   39.13
   39.30
   49.10
   49.27
   49.53
   15.15
   15.38
    6.17
    6.74
   22.77
   23.05
   29.59
   29.70
   30.24
    6.65
    6.74
   22.82
   22.94
   46.89
   46.84
   47.03
   33.36
   33.56
   26.87
   27.04
   40.72
   40.72
   26.90
    6.71
    6.71
   27.41
   26.62
   26.84
   26.99
   27.16
   16.28
   16.28
   35.68
   33.78
   34.01
   33.30
   34.18
   34.07
   33.87
    5.01
   16.08
   16.79
   16.79
   22.12
    8.33
   13.99
   24.10
   23.67
   23.16
   23.87
    9.91
    1.70
    1.70
    6.60
   24.47
   34.57
   34.32
    3.37
    5.04
    3.37
   19.94
    6.51
    6.63
   20.76
    6.60
    5.07
    3.40
   21.69
   32.59
    6.71
    7.39
    6.97
    5.30
    3.45
   39.39
    6.71
    6.60
    6.82
    6.80
    5.61
    3.40
    6.77
    6.91
   41.71
    6.91
   15.43
    4.93
    3.31
   30.87
    5.15
    5.15
    5.15
    3.40
    3.51
    3.37
    4.93
    5.27
    1.70
    1.73
    1.73
    1.73
    1.78
    3.37
    3.88
    3.28
    3.79
    3.34
    1.70
    1.73
   30.04
   30.07
   29.87
   29.87
   24.95
    0.00
    0.00
   27.13
   26.87
   27.10
   26.22
   26.62
    6.60
    6.82
   26.36
   27.75
    9.91
    9.91
   10.45
   10.17
    7.02
   16.34
   40.27
   40.95
   13.14
   13.17
    0.00
    0.00
   40.92
   40.92
   40.07
    6.88
    6.80
   40.63
   52.47
   40.80
   20.11
   20.30
   41.17
   40.83
   40.29
    6.74
    6.82
    6.57
   57.31
   55.16
   20.67
   19.88
   20.47
   20.19
   20.19
   20.25
   20.95
    5.44
   10.22
   10.73
   30.41
   30.61
   30.55
   31.35
    5.10
    1.70
    1.67
   30.44
   31.35
   31.40
   11.07
    5.49
    4.93
    5.13
   22.09
   22.60
   16.79
   17.92
   17.13
    3.45
    3.26
   52.84
   68.30
   17.13
   17.61
    5.01
    5.07
    5.15
    5.13
    5.13
    5.35
   39.13
   16.34
    5.35
    4.96
   17.30
   43.04
   62.67
   44.43
   44.63
    5.18
    5.10
    5.24
    0.00
    0.00
    0.00
    0.00
    0.00
    0.00
    3.28
    3.77
    0.00
    1.67
    0.00
    3.34
    3.20
    3.71
   26.93
   26.93
   26.82
   27.81
    3.40
    3.28
   13.37
   10.08
   13.59
    5.04
    0.00
    0.00
    0.00
    0.00
    1.64
    0.00
   35.08
   32.79
   34.15
    0.00
    0.00
    1.64
    0.00
    0.00
    1.64
    0.00
    0.00
    1.61
    1.67
    1.67
    1.53
    1.70
    1.59
    1.61
    1.47
    1.70
    1.61
    2.46
    2.83
    1.56
    1.59
    1.59
    1.50
    1.61
    1.64
    1.73
    1.53
    2.63
    2.61
    3.48
    3.28
    6.71
    6.57
    6.40
    6.43
    6.63
    6.71
    6.60
    6.63
    6.48
    6.37
    6.43
    6.40
    6.57
    8.27
    7.99
    7.96
    8.04
    7.99
    7.99
    8.24
    6.74
    7.79
    8.04
    8.35
    8.10
    9.85
    6.51
    6.51
    6.60
    6.37
    6.23
    6.43
    0.00
    0.00
    0.00
    3.17
    0.00
    3.14
    0.00
    3.17
    0.00
    3.14
    0.00
    3.06
    1.61
    0.00
    1.53
    3.23
    3.00
    3.17
    6.29
    1.61
    1.59
    6.43
    6.60
    6.57
    6.51
   22.71
    6.85
    8.04
   32.85
   13.08
    9.66
    9.85
   30.02
    6.71
    6.63
   12.97
   10.36
    7.87
   10.87
    7.79
    9.51
    9.97
   22.63
   16.17
   16.71
   16.23
   16.51
    9.46
    9.77
   15.77
   16.45
   16.74
   16.59
   16.31
    9.83
    9.74
   16.88
   16.17
   16.68
   30.24
   29.48
   12.77
   10.00
   16.06
   16.20
   17.30
   16.25
   16.48
    9.91
   10.02
   16.71
   16.28
   16.37
   24.61
   25.00
   16.03
    9.83
   19.82
   19.85
   20.25
   20.13
   20.11
   16.37
   16.11
   19.71
   20.19
   20.05
   19.85
   19.82
   16.62
   16.40
   20.05
   19.68
   20.73
   20.30
   16.82
   11.53
   11.61
   11.69
   10.00
   10.39
    9.94
    9.83
    7.67
    8.04
   10.02
    9.40
   17.75
    1.64
    1.61
    1.61
    1.61
    1.56
    1.59
    1.64
    1.53
    1.59
   11.16
   11.04
   11.21
   11.50
   11.10
   11.38
   11.47
   11.41
   11.50
   11.38
   11.78
   11.36
   11.64
   11.10
   11.50
   11.38
   11.36
   11.41
   11.67
   11.61
   11.53
   11.44
   11.41
   10.00
    9.68
   10.17
    9.63
    9.80
    9.94
    9.71
   10.08
    9.80
    9.94
   10.36
   10.02
    8.16
    4.96
    8.10
    8.13
    8.18
    8.35
    8.16
    8.21
    8.10
    8.24
    8.16
    8.10
    8.24
    8.27
    8.24
    8.07
   21.49
   21.24
   21.72
   39.59
   39.08
   21.49
   19.91
   27.95
   28.15
   27.84
   27.21
   27.13
   19.94
   19.57
   29.34
   29.53
   28.97
   18.75
   19.48
    9.85
    9.74
   36.36
   36.70
   37.04
   36.95
   36.98
   13.73
   13.76
   26.70
   26.67
   26.93
   27.18
   27.33
   13.99
   13.65
   26.87
   27.30
   26.56
   26.96
   27.10
   13.71
   14.02
   33.56
   23.79
   23.64
   13.79
   13.34
   13.96
   13.68
   13.51
   16.59
   33.87
   16.37
   33.13
   16.99
   13.34
   16.82
   17.64
   35.65
   33.81
   16.42
    6.37
   13.56
   16.74
   16.79
   10.87
    4.93
    5.04
    5.49
    5.15
    5.49
    4.98
    6.31
    6.71
    4.70
    0.00
    0.00
    4.93
   39.64
   20.08
    4.76
    1.53
    0.00
    1.50
    0.00
    1.61
    0.00
    1.64
    1.73
    0.00
    0.00
    6.71
    6.65
    1.64
    3.45
    1.59
    1.59
    1.59
    3.26
    3.28
    3.28
    3.23
    3.26
    3.20
    3.23
    4.79
   16.23
    0.00
    0.00
    0.00
    0.00
    0.00
    0.00
    3.43
    3.28
    6.77
    3.11
    0.00
    0.00
    3.31
   25.66
   25.15
   25.51
   37.72
   12.37
    0.00
    2.89
    3.17
    3.20
    3.06
    3.11
    3.17
    3.14
    3.43
    2.97
   35.57
    3.20
   20.16
    2.97
    3.14
   12.26
   57.12
   40.55
   12.69
   50.09
   12.57
   12.46
   12.54
   12.57
   12.49
   12.66
   12.49
   12.32
   24.72
   56.63
   54.54
   55.70
   58.22
   73.54
   81.72
   77.76
   77.47
   78.13
   77.50
   77.93
   77.53
   75.15
   73.28
   78.95
   78.38
   54.59
   54.68
   54.65
   45.22
   30.98
   35.99
   73.79
   56.29
   54.79
   54.23
   30.61
   19.14
   25.51
   25.74
   25.29
   29.79
   35.74
   20.84
   17.75
   29.73
   29.93
   29.99
   35.76
   30.95
   18.58
   16.96
   17.02
   33.50
   28.74
   21.27
   27.07
   16.74
   13.68
   30.38
   29.99
   30.10
   24.47
   24.95
   15.04
   13.79
   61.90
   49.81
   31.29
   37.10
   38.99
   13.65
   12.23
   31.88
   31.60
   31.38
   31.29
   31.49
   12.35
    9.51
   29.90
   27.24
   24.81
   28.01
   31.32
    9.26
    9.43
   32.28
   37.83
   35.00
   25.29
   18.77
    9.26
    9.09
   38.00
   31.57
   37.69
   37.60
   37.21
   15.89
   15.86
   38.09
   38.28
   38.28
   37.92
   38.28
   15.77
   31.06
   38.45
   39.19
   38.43
   38.37
   38.14
   35.06
   22.37
   28.68
   29.11
   29.31
   38.71
   39.28
   22.77
   22.74
   29.56
   29.25
   19.43
   19.60
   22.94
   19.65
   19.48
   18.46
   19.71
   19.60
   26.42
   26.19
   15.72
   16.40
   19.60
   19.28
   12.88
   14.22
   32.99
    2.10
    2.49
   33.19
   19.34
   19.68
   20.05
   16.17
   16.34
   16.08
   16.17
   16.34
   15.97
   16.74
   19.17
   16.20
   16.14
   16.03
   21.41
    6.26
   12.60
    6.37
    6.37
    6.60
   13.48
   13.45
   13.17
   14.87
   14.72
   12.88
   13.14
   13.37
   13.39
   12.71
   12.97
   14.16
   13.79
   11.98
   13.71
   11.98
   11.92
   11.38
   11.92
   12.18
   11.69
   12.71
   11.84
   15.32
   15.32
   11.81
   11.84
   11.33
   13.03
   12.40
   11.38
   11.92
   11.36
   11.89
   11.61
   11.44
   11.69
   12.26
   13.37
   13.28
   13.48
   15.04
   15.46
   15.01
   15.35
   15.80
   15.74
   13.42
   11.98
   11.69
   12.03
   11.16
   11.36
   12.32
   19.26
   18.32
   18.97
   18.89
   18.46
   19.51
   15.80
   15.74
   14.89
   19.26
   19.20
   10.34
    6.82
    7.25
    6.85
    6.80
    6.99
    6.63
   10.34
   11.86
   11.69
   12.01
   11.67
   10.56
   10.48
    9.94
   10.76
   10.62
   10.11
   10.87
   12.29
    8.30
   12.32
   12.06
   10.53
   10.56
   10.48
   11.61
   10.48
    9.09
    8.52
    8.81
    7.14
    6.80
   12.03
   11.81
   11.67
   11.98
   10.45
   12.12
    0.00
    0.00
    2.58
    0.00
    0.00
    0.00
    0.00
    0.00
    0.00
    5.89
   15.89
   16.99
    9.00
    0.00
    0.00
   17.58
   20.95
   21.80
   20.90
   17.25
   17.50
   17.27
   17.02
    1.76
    1.73
    0.00
    0.00
    0.00
    0.00
    0.00
   17.53
   12.23
    1.61
    8.72
   10.25
   10.48
   10.19
   10.31
   10.08
    3.28
    6.82
    0.00
    0.00
    0.00
    0.00
    8.98
    6.71
   11.58
    6.94
    6.71
    6.74
    7.42
    6.99
    3.23
    3.34
    3.23
    3.37
    3.43
    3.14
   13.79
   10.48
    5.97
    5.21
    5.24
    8.35
    8.50
    8.61
    8.21
    8.18
    8.58
    8.58
    9.37
    8.30
    8.47
    8.69
    9.00
    8.07
    9.97
   10.17
   10.45
   17.19
   10.31
   10.11
   10.39
   13.51
   13.76
   13.82
   12.91
   12.86
   15.52
   15.52
   15.12
   15.43
   17.73
   18.55
   18.77
   18.32
   18.52
   18.35
   18.46
   19.00
   19.31
   12.29
   11.78
   14.81
   13.68
   15.18
   15.09
   14.64
   15.26
   15.21
   14.87
   15.77
   15.38
   15.04
   13.88
   10.14
   10.25
   10.25
    9.60
   14.89
    9.83
    9.66
   10.25
   11.92
   10.28
    6.48
    6.88
    6.37
    6.88
    7.99
    6.82
   16.11
   16.96
   16.37
   17.02
    3.40
    3.17
    3.37
    3.20
    3.23
    5.18
    5.07
    4.87
    5.13
    4.73
    5.04
    4.84
    5.13
    4.81
    5.07
    4.81
    5.10
    6.40
    6.88
    7.96
   10.08
   13.54
   19.09
   19.96
   19.94
   20.19
   20.53
   19.91
   19.99
   19.94
   19.40
   19.28
   19.60
   19.96
   21.66
   20.81
   20.64
   21.78
   17.10
   17.36
   18.66
   18.24
   24.04
   19.11
   19.34
   16.96
   17.30
   16.48
   16.99
   17.47
   17.30
   15.97
   17.41
   16.20
   16.96
   18.86
   17.16
   17.08
   17.25
   17.05
   16.48
   16.48
   16.74
   16.71
   17.56
   17.39
   17.41
   17.30
   17.70
   12.26
   10.31
   10.02
   11.47
   11.61
   11.55
   13.25
   13.79
   13.37
   13.51
   11.64
   11.78
   12.32
   11.86
   12.06
   12.12
   12.18
   12.40
   10.45
   10.85
   10.65
   11.16
   10.53
   12.40
   12.26
   12.46
   12.26
   11.86
   12.43
   12.35
   12.26
   12.46
   12.29
   12.12
   10.45
    8.66
    8.78
    8.75
    8.89
    8.75
    8.86
    7.14
    5.32
    5.15
    5.35
    5.32
    5.32
    5.27
    5.32
   10.68
    3.57
    4.59
    3.51
    3.62
    3.57
    7.11
    7.19
    8.66
    8.78
    7.11
    7.08
    6.94
    1.78
    2.66
    1.76
    1.78
    1.81
    1.78
    1.73
    1.84
    1.73
    1.78
    1.76
    1.81
    1.81
    1.87
    3.45
    3.65
    3.51
    3.54
    3.54
    0.00
    1.84
    1.78
    1.87
    1.87
    1.73
    1.81
    1.81
    1.78
    3.54
    3.57
    3.48
    3.79
    3.51
    3.57
    3.54
    9.00
    8.72
    3.68
    3.62
    1.73
    3.57
    3.57
    3.51
    3.57
    3.60
    3.57
    3.57
    3.45
    3.60
    3.54
    0.00
    0.00
    0.00
    1.42
    0.00
    0.00
    1.73
    1.76
    1.73
    1.90
    1.81
    0.00
    0.00
    1.78
    0.00
    0.00
    0.00
   14.53
    0.00
    0.00
    0.00
    0.00
    0.00
    0.00
    0.00
    0.00
    0.00
    3.65
    0.00
    0.00
    0.00
    0.00
    0.00
    0.00
    4.90
    3.68
    3.43
    3.57
    3.54
    3.51
    3.54
    5.32
    5.27
    5.27
    5.35
    5.18
    5.15
    5.24
    5.18
    0.00
    0.00
    0.00
    0.00
    0.00
    0.00
    0.00
    0.00
    0.00
    0.00
    0.00
    0.00
    0.00
    0.00
    0.00
    1.78
    1.67
    0.00
    0.00
    0.00
    0.00
    0.00
    0.00
    0.00
    0.00
    0.00
    0.00
    0.00
    0.00
    1.61
    0.00
    0.00
    0.00
    0.00
    0.00
    0.00
    0.00
    0.00
    0.00
    0.00
    0.00
    0.00
    0.00
    0.00
    0.00
    0.00
    0.00
    0.00
    0.00
   13.82
    0.00
    0.00
    0.00
    0.00
    0.00
    0.00
    0.00
    0.00
   10.28
   10.45
    0.00
    0.00
    0.00
    0.00
    3.28
    0.00
    0.00
    0.00
    0.00
    6.97
   10.22
    9.83
    0.00
    0.00
    0.00
    0.00
    0.00
    0.00
    4.93
    0.00
    0.11
    0.00
    0.00
    0.00
    0.00
    0.00
    0.00
    0.25
    0.00
    0.00
    0.00
    0.00
    0.00
    0.00
    0.00
    0.00
    0.00
    0.00
    4.05
    0.00
    0.00
    0.00
    0.00
    0.00
    0.00
   26.02
   25.94
    0.00
    0.00
    0.00
    0.00
    0.00
    1.59
    0.00
    0.00
    0.00
    0.00
    0.00
    8.04
    8.13
   24.01
    7.87
   15.91
    8.01
    7.90
    7.82
   44.80
   58.19
   58.22
   57.82
   57.82
   58.28
   59.61
   57.60
   77.45
   77.73
   77.79
   45.22
   45.00
   46.04
   45.48
   45.99
   45.31
    0.00
    0.00
    0.00
   32.17
    7.08
   10.00
   26.33
   32.45
    5.64
    0.00
    0.00
   27.41
   32.99
   35.40
   33.27
   14.64
    0.00
    8.04
    7.96
   22.60
    1.56
    0.00
    9.54
    0.00
   10.99
    0.00
    0.00
    0.00
    0.00
    0.00
    0.00
    0.00
    0.00
    0.00
   19.34
   38.48
   38.51
   38.45
   38.26
   57.94
   48.08
   47.49
   47.94
   25.77
   25.51
   38.82
   24.18
   77.08
   76.37
   76.31
   76.82
   77.39
   63.88
   57.65
   57.37
   56.27
   54.62
   25.49
   25.68
   51.23
   50.86
   46.72
   46.61
   45.31
   25.77
   18.94
   48.34
   51.71
   51.76
   51.82
   51.99
   26.08
   26.02
   52.22
   51.88
   45.42
   45.45
   45.65
   13.08
   13.25
   32.85
   11.78
   16.51
    1.61
   31.77
   20.78
   21.15
   45.76
   45.82
   45.99
   46.04
   45.87
   21.29
   21.49
   45.96
   45.90
   46.16
   46.24
   46.21
   32.90
   32.93
   46.55
   43.13
   46.64
   46.52
   47.09
   33.16
   16.37
   16.71
   30.02
   29.85
   29.48
   30.21
   20.08
   17.67
   29.05
   29.59
   19.88
   20.02
   20.05
    9.97
   10.11
   26.82
   27.01
   27.01
   26.82
    0.00
    9.71
    6.74
   40.12
   26.56
   24.64
   22.68
   38.48
   38.14
   21.12
   38.26
   38.11
   38.31
   38.00
   35.14
   35.25
   35.23
   35.23
   35.03
   22.91
   22.43
   22.57
   22.63
   19.91
   28.46
   27.78
   28.49
   29.31
   29.11
   28.94
   28.54
   29.25
   28.52
   28.83
   28.43
   28.80
   23.45
   23.05
   28.60
   15.77
   15.63
   16.91
   15.80
    0.00
    0.00
   14.44
   14.58
   16.34
   17.27
   16.79
    0.00
    0.00
   16.57
   40.27
   41.51
   40.07
   53.94
   35.37
   18.43
   16.96
   16.42
   17.08
   16.82
   16.93
   13.62
   16.48
   23.42
   32.54
   33.24
   50.55
   33.81
   25.71
   25.68
   48.96
   35.85
   33.90
   33.81
   37.07
    8.01
    8.89
   19.40
   53.43
   54.03
   53.41
   54.34
   55.67
   37.97
   37.18
   28.12
   28.37
   57.57
   74.90
   72.86
   63.54
   12.18
   11.86
    6.71
    6.54
    6.60
    6.85
    6.80
    1.78
    0.00
    0.00
    0.00
    0.00
    0.00
    0.00
    9.83
   10.02
   21.92
    9.15
   21.92
    3.34
    3.37
    3.31
    0.00
    0.00
    0.00
    0.00
    0.00
    0.00
    0.00
    0.00
    3.91
    0.00
   39.11
   10.45
   10.08
   33.44
   33.19
   33.41
   33.22
   33.16
   32.90
    9.88
   33.36
   29.56
   33.98
   33.13
   19.71
    0.00
    0.00
   26.67
   32.93
   32.90
   32.85
   30.36
   48.54
   55.50
   51.96
   52.27
   52.22
   51.82
   52.13
   52.30
   52.73
   52.78
   52.81
   52.64
   52.90
   52.44
   21.18
   27.67
   27.75
   27.78
   27.78
   44.17
   29.39
    6.60
    3.09
   26.05
    6.60
   30.84
    6.34
    6.60
    3.23
   31.26
   76.57
   74.76
   73.17
   27.75
   25.85
   16.11
    0.00
   28.91
   28.97
   17.73
   17.78
   17.84
    0.00
    0.00
   17.39
   21.38
   21.32
   17.92
   25.85
    0.00
    0.00
    9.97
    9.46
    9.57
    9.83
    6.63
    0.00
    0.00
    9.63
    9.51
   15.49
   33.90
    9.74
    0.00
    0.91
   31.49
   38.51
   41.34
   51.17
   41.40
    0.00
    0.00
   34.91
   38.20
   33.67
   41.12
   38.17
   50.89
    3.11
   33.44
   57.79
   57.77
   56.80
   57.43
   19.00
   19.23
   41.74
   41.74
   41.43
   28.74
    0.00
    0.00
    0.00
   35.31
   38.48
   48.73
   47.80
   48.11
    0.00
    0.00
    0.00
    0.00
   31.69
   48.08
   48.25
   35.57
   35.28
   25.40
   25.60
   25.51
   31.77
   46.64
   32.08
   31.88
    7.11
    3.26
   41.68
   41.74
   43.07
   19.23
   19.37
   32.65
   32.34
   32.20
   30.78
   32.34
    0.00
    0.00
   35.74
   19.28
   35.68
   35.57
   35.85
    6.26
    0.00
   35.68
   19.23
   17.98
   29.25
   12.86
   13.11
   12.94
   30.24
   23.28
   28.23
   16.45
   11.47
   16.25
   16.14
   16.31
   16.03
   20.25
   22.54
   24.21
   24.01
   16.06
    9.74
   22.63
   16.25
   29.42
   29.22
   32.85
    9.51
   32.96
   32.85
   32.39
   33.78
   33.22
    9.85
    0.00
   37.10
   26.82
   23.47
   26.19
   23.13
    9.85
    0.00
   39.47
   26.31
   20.93
   32.93
   32.79
   14.19
   14.67
   39.56
   39.59
   20.53
   40.18
   12.63
   39.87
   39.79
   40.04
   40.21
   25.43
   29.45
   29.96
   30.13
   29.82
   19.91
   28.26
   38.54
   34.09
   33.33
   33.73
   19.99
   33.56
   26.79
   17.10
   11.84
   11.84
    0.00
    0.00
   20.84
   10.25
   20.36
   44.23
   43.75
    0.00
    0.00
    0.00
    0.00
    0.00
    0.00
   14.81
    0.00
    0.00
    0.00
    0.00
    3.28
    0.00
    0.00
    0.00
    0.00
    3.20
   23.70
    1.67
    1.64
    1.64
    1.67
    1.73
   48.45
   58.11
   57.99
   58.30
   59.66
   22.37
    1.70
   45.14
   33.50
   52.73
   42.28
   41.23
   10.62
    0.00
   34.72
   22.85
   22.57
   25.77
   29.48
    6.94
    6.48
   46.10
   37.58
   59.66
   60.51
   59.72
    3.57
    3.60
   28.71
   28.97
   28.57
   14.07
   28.77
    3.57
   29.17
   28.43
    8.98
    8.89
    3.40
    3.57
    8.55
    8.98
   17.75
   24.27
   23.67
   27.04
   26.08
   21.80
   21.61
   23.76
   57.45
   56.89
    9.37
    0.00
    0.00
    0.00
   13.14
   12.49
   11.72
   11.81
   11.98
    6.48
    6.71
   11.72
   16.99
   16.71
   16.91
   16.99
    1.64
    1.64
    1.61
   10.02
   10.02
   23.70
    9.77
    9.97
    9.91
   16.91
    3.37
   16.68
   16.74
   16.93
   16.59
   16.51
   16.48
   33.24
   32.14
   32.39
   13.05
    0.00
   24.38
   24.30
   19.23
    6.43
    6.46
    6.51
    6.34
    3.17
   39.42
   38.74
   38.68
   17.70
    6.63
    3.14
    3.17
   19.37
    1.59
    3.26
   38.99
   22.57
   22.71
    3.20
   11.53
    3.11
    3.14
    3.20
   42.19
    3.31
    3.09
    9.80
    9.66
    9.71
    9.88
   32.62
   32.37
    3.31
    3.17
    3.28
    3.09
   31.77
   31.43
   31.63
   31.63
   31.71
   31.77
   31.86
   32.05
   31.86
   31.55
   31.49
   31.52
   31.55
   31.57
   31.74
   31.63
   31.12
   31.35
   31.91
   31.52
   31.60
   31.74
   31.63
   31.29
    7.96
   15.77
   15.66
   15.77
   15.32
   24.61
    4.64
    4.62
    4.56
    4.67
   21.38
   21.21
   13.59
   34.83
   84.50
   84.87
   84.84
   84.50
   84.58
   84.95
   85.12
   51.96
   50.77
   36.22
   37.92
   57.00
   57.09
   14.22
    4.62
   22.14
   12.69
   31.43
   31.18
   31.52
   42.50
   40.78
   42.67
   38.06
   50.72
   52.19
   50.97
    9.54
    9.97
   21.86
   29.90
   44.40
   45.84
   49.02
    6.00
    6.43
   13.88
   14.33
   13.88
   14.16
   14.24
   14.30
   13.68
   29.99
   38.03
   32.71
    9.63
    9.34
    9.54
    9.60
    9.71
   14.19
   26.96
   20.70
   23.08
   10.79
   10.62
   19.03
   30.87
   31.57
   31.69
   32.11
   25.54
   25.63
   31.94
   31.71
    9.29
    9.63
   11.13
    9.71
    4.53
    9.60
   16.08
   19.03
   19.14
   19.20
   18.66
   11.33
   16.74
   19.43
   24.01
   25.68
   24.04
   10.56
    8.98
   10.22
   30.21
   15.60
   24.92
   24.95
   10.53
   10.36
   43.47
   44.32
   44.34
   29.42
   17.27
   43.92
   44.71
   42.76
   24.92
   25.26
   25.82
   31.06
    9.77
    9.17
   28.57
   28.66
   28.77
   28.91
   28.54
   12.26
    9.94
   38.40
   38.17
   28.91
   22.26
   22.31
    9.23
    9.85
   27.84
   10.00
   10.87
   22.20
   29.99
   22.20
   22.54
   27.35
   27.50
   40.15
   40.46
   40.46
   16.31
    9.57
   25.94
   25.63
   25.51
   25.80
   25.71
   15.86
    9.34
   25.94
   25.71
   25.91
   26.14
   26.48
    9.91
   11.72
   26.56
   26.67
   26.76
   26.14
   26.62
   11.47
    9.46
   10.08
    9.85
   24.75
   13.62
   13.28
    9.46
    6.68
    6.65
    7.90
    6.71
    7.90
   23.19
   32.59
   32.59
   32.54
   32.99
   22.40
    6.51
    6.31
    6.37
    6.23
    6.63
    6.34
    6.82
    6.43
    6.71
    6.65
    6.17
   44.54
   23.90
    4.30
    3.37
    3.51
    3.91
    3.82
    6.91
    3.20
    3.20
    3.40
    3.23
    3.34
    3.60
    3.34
    4.93
    4.93
    6.88
    5.61
    4.67
    4.81
   16.31
   16.37
   16.40
   15.77
   16.31
    9.54
    9.77
   16.06
   16.51
   16.59
   15.97
   16.37
    4.76
    4.73
   19.88
   33.39
   33.41
    7.79
   15.04
   20.05
    3.37
   20.30
   19.54
    3.40
    3.34
    3.31
    8.33
    8.27
    8.47
    8.58
    8.69
    8.24
    8.16
    8.35
    8.21
    8.27
    8.24
    8.13
    7.87
    8.27
    8.18
    8.16
    8.24
    1.61
    1.64
    3.48
    3.20
    3.45
    3.62
    3.34
    3.09
    3.26
    3.20
    3.20
    3.51
    3.28
   33.13
   33.19
   32.00
   32.90
   33.39
    3.40
    3.43
    8.01
    8.24
   26.36
   26.56
   26.87
   26.45
   13.34
   33.64
   33.50
    6.60
   33.05
   33.24
   12.94
   19.77
   51.28
   53.38
   52.50
   53.09
   53.21
    9.94
    9.91
   19.82
   19.79
   20.05
   53.04
   46.27
   19.91
   16.40
   31.57
   16.65
    6.63
    6.88
    6.57
    1.59
    1.56
    3.17
    6.17
    3.31
   13.39
   13.34
    1.70
    1.61
   11.81
   11.69
   11.53
   11.53
   11.69
    3.40
    3.43
    8.38
    8.44
    8.30
    8.13
    8.50
    8.30
    8.10
   10.19
    9.77
    3.37
    3.09
    3.28
    3.20
    6.57
    3.14
    3.34
    3.20
    3.37
    3.14
    3.48
    3.31
    6.68
    3.34
    3.09
    3.14
    3.11
    3.37
    3.26
    3.37
    3.37
    3.14
    3.34
    3.23
    3.40
    4.67
    3.23
    3.31
    4.90
    3.20
    3.26
    3.26
    4.84
    3.14
    3.28
    3.31
    3.40
    3.28
    3.11
    3.23
   19.00
   19.00
   19.82
   19.31
   18.92
    9.20
    3.06
    3.06
    3.14
    3.34
    3.14
    3.28
    3.06
    3.26
   16.06
   15.66
   10.99
   10.87
   11.10
   12.46
   12.74
   18.15
   26.28
   42.82
   39.56
   39.42
   32.54
   33.30
   25.85
   24.89
   25.32
   25.54
   25.06
   18.80
   18.86
   12.60
   12.37
   12.74
   12.74
   12.29
   37.66
   37.52
   63.34
   50.21
   50.06
   37.97
   38.09
   25.06
   25.12
   20.36
   20.47
   21.92
   31.23
   41.85
   18.55
   18.92
   18.60
   15.94
   15.06
   15.26
   15.91
   19.17
   16.85
   16.79
   25.17
   25.03
   24.83
   44.06
   25.09
   75.80
   75.10
   74.87
   75.04
   82.80
   86.90
   85.89
   85.52
   86.00
   84.53
   84.84
   85.74
   84.16
   15.69
   17.53
   49.24
   34.09
   26.67
   27.10
   26.67
   15.91
   15.69
   27.04
   26.99
   50.80
   37.92
   15.49
   15.86
   15.52
   37.89
   37.75
   37.94
   37.77
   38.14
   31.86
   31.46
   54.45
   54.31
   32.28
   55.10
   54.71
   10.79
   10.82
   38.85
   38.34
   38.34
   38.85
   38.60
   11.02
   11.10
   40.04
   40.15
   40.41
   40.15
   40.41
   11.07
   11.07
   27.27
   24.44
   27.50
   27.35
   27.52
   11.30
   19.51
   38.94
   27.61
   27.61
   27.61
   27.78
   11.19
   11.13
   25.80
   11.30
   12.63
   11.21
   11.21
   12.83
   12.86
   20.02
   19.51
   19.00
   18.89
   18.97
   11.27
   10.90
   19.48
   19.34
   19.00
   19.40
   19.28
   11.41
   11.02
   11.47
   19.54
   19.45
   19.71
   19.51
   11.16
   11.44
   19.34
   38.79
   39.08
   39.16
   39.22
   11.21
   10.99
   19.65
   39.11
   19.71
   19.60
   19.40
   11.27
   11.13
   19.45
   19.37
   19.54
   19.17
   19.62
   11.19
   11.04
   23.47
   24.38
   20.73
   21.01
   20.87
   10.99
   10.99
   20.70
   21.01
   21.07
   20.90
   29.14
    3.14
    3.28
   11.30
   22.71
   22.68
   22.88
   32.25
    6.68
    6.51
   22.99
   21.97
   22.82
   22.23
   22.65
   11.36
   11.38
   19.34
   19.51
   19.82
   19.60
   21.12
   22.60
   23.08
   22.68
   22.94
   22.63
   22.63
   24.15
   11.21
   11.30
   22.82
   22.74
   22.99
   22.80
    3.26
    3.23
    3.09
    3.40
    3.20
   24.38
   22.57
   22.60
   22.57
   22.88
   61.65
   52.39
   52.13
   52.81
   52.98
   30.04
   29.68
   34.97
   34.41
   33.92
   34.43
   34.52
   12.91
   13.08
   18.04
   18.32
   18.18
   17.78
   18.01
    8.81
    3.28
   59.41
   58.96
   25.54
   58.45
   58.47
   57.20
   58.76
   78.75
   78.92
   78.81
   78.69
   77.02
   26.14
   26.02
   39.39
   39.28
   39.36
   40.07
   39.81
    6.54
    6.60
   39.33
   38.34
   39.53
   39.62
   39.70
    6.37
    6.40
   39.25
   39.45
   39.05
   39.36
   39.08
    7.22
    6.63
   36.36
   36.39
   36.36
   36.30
   36.50
    6.71
    6.43
   13.05
   13.00
   13.20
   13.28
    9.91
    3.45
    3.28
   44.97
   44.68
   44.77
   24.35
   26.36
   26.16
   26.45
   26.19
   25.85
   26.42
   44.80
   39.79
   13.14
   13.03
   16.79
    6.31
    7.42
   19.48
   17.22
    3.28
    3.26
   26.31
    3.34
   11.50
   18.35
   26.05
   26.39
   26.50
   32.96
   33.24
   19.26
   19.62
   19.31
    9.83
    9.68
    9.94
    9.80
    3.28
    6.06
    3.26
    3.17
    3.17
   11.21
   10.85
   11.10
   57.28
   60.43
   54.23
   60.63
   49.55
   16.62
   30.67
   43.58
   65.10
   77.81
   73.54
   76.51
   76.63
   60.15
   60.29
   60.85
   25.15
   24.98
   60.29
   61.82
   65.47
   65.19
   63.83
   18.77
   19.00
   33.02
   35.03
   33.41
   32.96
   28.37
    3.26
    3.03
   23.81
   23.98
   23.50
   23.98
   25.46
    4.45
    3.17
    3.09
    3.23
    3.00
    9.34
    9.51
   15.35
    2.78
   10.25
   10.73
   37.80
   45.79
   53.89
   53.55
   28.32
   28.88
   31.91
   23.81
   34.66
   20.47
   11.07
   10.82
   15.57
   15.49
   16.82
   15.63
   28.80
   10.56
   11.13
   18.97
   25.37
   37.86
   31.32
   28.37
    7.62
    6.09
   11.21
    7.96
   10.93
   37.77
   37.92
   15.69
   15.69
   15.49
   11.07
   11.04
   10.68
   19.20
   20.78
   18.80
   22.54
   21.95
   22.29
   22.34
   22.37
   11.21
   10.68
   19.28
   18.92
   19.11
   19.14
   19.34
   19.28
   18.97
   19.17
   19.23
   23.87
   23.56
   23.81
   20.59
   20.70
   23.70
   24.04
   24.01
   23.64
   23.96
   32.00
   31.91
   22.48
   28.80
   28.71
   29.05
   29.08
   19.23
   17.36
   23.62
   23.98
   24.18
   24.10
   24.10
   24.61
   24.72
   50.97
   43.86
   44.20
   44.15
   44.63
   19.62
   12.74
   29.79
   29.82
   29.70
   29.70
   29.62
    9.71
    6.97
   11.47
   15.18
    9.46
    9.43
   12.77
    9.85
   13.22
   11.33
    9.83
   39.50
   39.90
   39.90
   19.68
   16.45
   16.71
   18.72
   17.02
   16.45
   16.65
    9.54
    4.90
   10.28
   11.02
   11.47
   11.04
   11.47
   11.24
    3.20
    3.09
    3.28
    3.77
    3.20
    3.26
    9.83
    3.37
    3.20
    3.17
    3.20
    9.94
    3.28
    9.83
    3.26
    9.85
    9.57
    9.63
    9.94
    9.94
    3.26
    3.23
   26.42
   26.50
   26.45
   26.99
   26.84
    3.20
    3.14
   21.41
   21.66
   21.04
   21.44
   12.88
    3.96
    4.22
   14.72
   16.76
   16.71
   16.74
   16.85
    3.40
    3.34
   16.40
   16.62
   16.57
   30.72
   16.54
    3.34
    3.31
   15.12
   15.01
   14.95
   15.15
   15.18
    3.34
    3.23
   11.72
    9.71
   10.17
   10.00
    9.91
    3.26
    3.26
   10.11
    8.27
   13.76
   14.10
    8.10
    3.43
    3.40
   17.05
   17.41
   16.91
   16.59
   17.13
    3.34
    3.31
    3.17
    3.48
    3.43
    3.45
    3.34
    3.28
    3.34
    3.26
    3.37
    4.93
    4.87
    5.07
    4.87
    4.93
    4.98
    4.81
    3.40
    4.98
    3.31
    3.37
    3.28
    3.34
   12.06
    3.26
   10.17
    9.85
    9.85
    9.74
   14.72
    9.83
   15.01
   40.58
    6.68
    3.28
    3.26
   18.43
   18.26
   37.10
   26.65
   27.33
   25.06
   38.11
   43.44
   56.01
   25.20
   26.99
   40.75
   40.29
   21.92
   40.21
   41.99
   77.45
   82.26
   62.07
    6.60
    3.28
    3.37
    5.32
    3.26
    3.34
    3.34
    3.23
    3.31
    9.74
   40.55
   40.44
   40.46
   40.55
   18.24
    3.23
   19.74
   16.71
    6.71
    4.87
    6.68
    3.11
   32.90
   32.79
   33.19
   32.73
   21.72
   21.29
   11.33
   11.38
   33.33
   33.02
   19.00
   19.65
   19.54
   11.36
    3.28
   32.62
   48.37
   28.91
   49.36
   48.70
   39.22
   19.60
   47.97
   49.27
   39.30
   39.16
   39.45
   38.99
   39.45
   39.08
   16.28
   16.00
   15.94
   16.08
    9.83
    9.77
   13.14
   13.25
   13.20
   13.11
   13.28
    3.17
    3.26
    3.03
    3.17
    9.49
   37.86
   56.89
   57.34
   56.83
   56.66
   56.95
   56.72
   56.52
   57.51
   56.95
   56.75
   56.83
   56.78
   56.89
   63.63
   50.29
   56.29
   60.31
   59.81
   59.75
   60.12
   60.15
   60.80
    3.09
    9.40
    3.03
    9.43
    3.11
   18.38
   10.70
    3.14
    3.17
    3.06
    9.23
    3.17
   26.33
   18.58
    3.03
    3.20
   11.95
   12.12
   12.29
   10.68
   12.12
    4.62
    4.56
   12.32
    9.20
    9.09
    9.60
   16.65
    3.03
    3.20
   13.96
   18.97
   18.41
   18.86
   19.43
   10.87
   10.70
   15.18
   17.47
   14.30
   13.65
   14.10
   11.75
    1.53
   13.68
   15.80
   20.22
   31.35
   31.18
   16.71
   16.57
   29.79
   29.85
   29.82
   16.99
   18.94
   18.75
   19.03
   31.80
   31.29
   31.21
   42.62
   31.49
   21.97
   21.72
   25.74
   33.05
   33.05
   32.96
   21.44
   14.64
   10.65
   10.48
   10.70
   25.32
   25.46
   25.29
   25.54
   25.32
   25.23
   33.56
   33.58
   25.23
   12.74
   12.23
    3.03
   25.60
   25.57
   25.71
   25.15
   25.97
   15.72
   12.66
   22.20
   22.26
   22.43
   22.09
   19.00
   10.79
    4.56
   13.93
   14.36
   13.56
   14.38
   13.85
   12.15
   12.69
   24.07
   16.82
   17.53
   16.79
   26.67
   13.90
    3.17
   24.13
   23.39
   40.92
   67.03
   66.46
   66.57
   66.94
   66.86
   62.18
   67.48
   63.60
   63.51
   38.54
   38.28
   38.23
   38.60
   34.89
   34.63
   32.17
   15.40
   15.49
   15.72
   22.17
   22.29
   22.37
   38.71
   20.90
   21.04
   33.53
   34.18
   34.15
   34.15
   34.07
    9.74
    9.83
   26.14
   26.50
   26.11
   26.11
   25.94
   13.05
   12.83
   25.99
   25.99
   26.19
   26.25
   26.33
   11.47
   11.47
   12.46
    5.64
    6.54
   12.74
   23.16
   11.58
    6.29
   13.05
   12.74
   13.42
   12.63
   13.14
   10.99
   11.38
   28.03
   28.03
   27.84
   28.03
   27.92
   11.61
   11.07
   28.12
   28.32
   27.44
   28.06
   27.98
   10.87
   11.07
   19.71
   19.79
   20.05
   19.71
   19.79
   11.47
   11.21
   25.17
   25.03
   24.64
   25.03
   24.89
   11.69
   11.47
   31.12
   31.77
   26.82
   15.26
   14.72
   15.21
   14.61
   18.32
   15.09
   14.72
   14.84
   15.01
   14.92
   15.12
   16.71
   16.68
   16.59
   16.74
   16.88
   11.19
   11.69
   22.09
   26.76
   26.96
   27.01
   27.30
   26.87
   27.10
   30.61
   11.95
   11.67
   11.72
   11.86
   12.03
   12.77
   13.34
   13.71
   11.78
   11.50
   11.44
   11.30
   11.44
   11.47
   11.58
   11.55
   11.38
   11.36
    6.57
    6.51
    6.51
   34.86
   25.09
   36.93
   18.18
    3.31
    3.28
    3.20
    3.28
    6.57
   11.44
   11.61
    6.71
   37.80
   68.81
   84.95
   84.98
   53.49
   67.25
   85.32
   85.32
   85.09
   85.18
   79.00
   79.77
   79.23
   58.73
   79.77
   79.68
   58.96
   59.83
   59.83
   60.60
   19.96
   19.94
   39.56
   40.21
   39.19
   40.27
   28.03
   27.78
   27.98
   43.35
   35.31
   35.17
    0.00
   11.13
   20.50
   34.21
   39.56
   38.99
   38.99
   39.42
   38.82
   16.34
   16.34
   19.45
   19.82
   18.83
   45.82
   46.44
   16.45
   16.17
   33.30
   34.18
    1.59
   49.04
   49.04
    3.09
    3.26
   25.77
   25.74
   25.97
   25.94
   13.08
    6.20
    6.31
    6.46
    6.40
    6.40
    6.37
    6.34
    6.37
    6.46
    6.40
    7.59
    7.87
    7.99
    8.04
    8.04
    7.76
    7.65
    8.18
    7.82
    8.13
    7.67
    8.07
    7.82
   12.40
   15.89
   15.94
   15.32
   15.91
   12.32
   12.71
   12.88
   24.07
   24.38
   23.47
   23.02
   18.94
   19.31
   22.26
   22.71
   22.20
   22.26
   22.51
    9.60
    9.57
    9.40
    9.66
    9.32
    9.37
    9.74
    9.20
    9.60
    9.51
    9.34
    9.63
    7.67
    3.20
    3.14
    3.17
    3.20
   12.23
    6.46
    6.20
    6.29
   13.79
    3.11
   12.54
   14.22
   13.99
   12.35
   13.93
   11.02
    3.00
   12.52
   12.20
   12.80
   13.62
   12.80
   12.01
    2.94
   25.23
   39.08
   37.07
   39.11
   39.36
   12.63
    3.14
   23.70
   24.07
   28.46
   18.89
   20.59
   12.46
    3.20
   34.91
   34.74
   34.57
   35.03
   34.74
   18.75
   18.60
   34.74
   34.69
   34.72
   34.69
   34.66
   18.89
   18.80
   34.66
   34.69
   30.10
   29.90
   29.79
   44.00
   43.27
   50.52
   51.00
   50.80
   50.77
   51.17
   44.26
   44.71
   44.66
   44.74
   44.49
   45.00
   44.80
   22.46
   22.65
   35.42
   35.06
   35.54
   39.08
   38.94
   22.74
   22.65
   48.39
   48.45
   35.45
   35.85
   35.45
   22.43
   23.08
   23.79
   26.16
   32.65
   26.76
   23.64
   12.49
   12.54
   17.22
   17.08
   17.27
   17.22
   17.25
   12.63
   12.54
   17.16
   17.27
   23.73
   23.53
   23.47
   20.36
   20.44
   23.50
   23.39
   23.50
   23.39
   23.28
   19.11
   19.43
   19.51
   19.60
   19.14
   19.85
   20.47
   19.65
   19.43
   23.11
   23.73
   22.94
   19.14
   19.85
    3.26
    3.20
   23.28
   18.04
   17.81
   18.04
   17.81
   10.02
    9.23
   14.81
   14.89
   14.36
   14.81
   14.78
    9.34
    6.60
    5.01
    9.94
    3.17
    3.14
    7.90
   19.43
   23.28
   51.56
   51.99
   47.40
   47.40
   46.33
   15.72
   16.40
   40.38
   39.56
   39.67
   39.42
   39.67
   22.91
   11.61
   38.96
   39.28
   39.39
   39.67
   39.39
   17.10
   16.42
   23.33
   23.13
   23.28
   23.56
   23.16
   16.68
   15.35
   24.10
   23.76
   23.87
   23.50
   24.13
   16.68
   17.02
   25.40
   25.03
   25.32
   26.31
   24.92
   16.51
   11.95
   15.18
   16.17
   14.78
   11.75
   11.55
   11.41
   11.44
   18.38
   18.38
   29.96
   51.99
   18.66
    4.93
    4.96
   36.81
   37.29
   36.98
   37.38
   38.00
    4.96
    4.96
   47.23
   47.12
   27.07
   27.50
   14.87
    4.96
    4.96
   25.29
   20.11
   20.08
   20.16
   30.75
    5.10
    4.96
    5.21
   43.86
   44.00
   44.20
   44.15
    6.91
    6.40
    6.60
   27.50
   27.13
   27.10
   27.04
    6.91
    7.05
   24.10
   23.98
   24.41
   24.15
   24.01
    6.60
    6.65
   23.70
   18.43
    6.51
    6.63
   21.78
   64.28
   64.59
   65.33
   65.21
   65.21
   71.56
   60.57
   51.82
   46.89
   46.52
   59.35
   59.27
   59.83
   60.20
   60.46
   63.23
   80.73
   80.45
   60.65
   23.70
   16.74
   16.51
   16.08
   61.39
   70.17
   32.85
   33.36
   59.86
   61.53
   39.81
   60.57
   30.33
   30.10
   27.72
   13.08
    3.26
    3.17
    9.77
    9.71
   13.11
   15.86
   30.64
    5.01
    4.93
   14.89
    3.17
    3.34
    3.34
   29.76
   40.89
    9.68
   10.34
    3.28
    3.17
    3.23
    3.14
    3.17
    3.31
    9.71
   13.17
   30.10
   29.62
   29.36
   13.25
    3.26
    6.40
   14.72
   14.61
   13.08
    3.17
    3.23
    3.26
    0.48
    1.19
    2.35
    2.35
    2.63
    5.44
    5.41
    0.71
    2.49
    2.49
    2.49
    2.07
    4.02
    1.64
    0.00
    2.78
    1.42
    1.64
    1.90
    5.66
    3.06
    1.19
    3.34
    3.09
    3.03
    3.57
    3.26
    3.23
    4.90
    4.64
    4.70
    4.53
    4.59
    3.09
    3.00
    3.03
    3.17
   12.43
   12.66
   12.69
    6.17
    3.20
   12.66
   12.77
   12.54
   12.52
   12.88
    3.09
    3.09
   12.71
   12.54
   15.60
   22.00
   22.20
   15.89
    3.20
    3.26
   28.83
   28.35
   28.54
   21.95
   22.14
   22.20
   28.37
   28.40
   28.32
   28.35
   20.56
   18.97
   18.89
   43.10
   42.50
   42.87
   42.53
   42.56
   18.94
   19.09
   50.23
   28.26
   30.07
   30.07
   37.86
   36.30
   36.59
   36.81
   31.32
   17.64
   27.24
   26.79
   12.80
   17.87
   38.40
   27.16
   26.99
   25.54
   14.22
   12.54
    3.23
   25.80
   25.29
   14.30
   25.63
   17.30
   12.46
    3.28
   31.91
   30.78
   25.15
   31.77
   31.63
   12.66
   12.57
   50.80
   51.28
   51.03
   50.80
   51.51
   13.56
   12.74
   15.97
   16.14
   16.37
   15.77
   15.69
   15.80
    3.14
   18.94
   18.21
   19.26
   18.52
   19.17
   17.78
   14.13
   35.17
   34.86
   34.74
   34.91
   27.72
   16.00
   13.99
   38.77
   43.72
   44.23
   44.66
   44.15
   15.89
   14.36
   38.57
   38.37
   38.62
   38.11
   38.91
   15.94
   14.41
   14.47
   32.31
   32.65
    3.00
   27.16
   25.66
   25.60
   38.48
   38.48
   32.93
   32.59
   32.20
    6.48
    7.99
   29.17
   29.05
   29.62
   27.86
   26.90
    3.17
    3.26
   32.42
   33.13
   32.90
   36.33
   34.26
   12.74
   12.83
   34.86
   34.52
   34.57
   34.83
   34.77
    3.14
    3.20
   38.09
   38.11
   38.34
   38.23
   37.92
    2.97
    3.20
   23.05
   37.92
   38.14
   37.38
   38.17
    3.28
    3.34
   22.54
   23.96
   21.12
   21.21
   21.15
    3.28
    3.26
   13.03
   19.43
   14.61
   17.05
   19.34
    3.37
    3.31
   19.60
   19.37
   19.85
   20.47
   20.16
    3.28
    3.31
    8.27
    8.30
   26.73
   26.70
   26.45
   10.14
    9.85
   27.01
   26.59
   26.79
   26.62
   27.33
    2.83
    6.97
   26.50
   25.17
   25.51
   25.00
   25.06
   12.94
   12.88
   28.66
   28.15
   28.09
   26.79
   26.79
   13.00
   13.14
   26.36
   26.70
   26.79
   26.96
   26.67
   13.05
   13.17
   19.60
   19.77
   39.90
   65.75
   82.12
   60.34
   31.32
   54.14
   53.89
   40.32
   40.63
   40.92
    3.40
    3.34
    6.63
    6.48
    3.45
    8.18
    8.10
    8.13
    3.23
   34.52
   33.47
   33.67
   34.86
   52.58
   54.82
   81.18
   54.59
   55.25
   33.95
   33.67
   33.84
   33.64
   26.08
   20.22
   19.74
   19.74
   20.27
   20.19
    3.26
    3.40
   33.33
   33.70
   55.53
   49.19
   49.64
    6.63
    6.63
   15.06
   23.30
   42.11
   17.13
    4.96
    3.28
    3.34
   10.48
   10.14
    9.97
   14.98
    9.85
    3.31
    3.20
   11.58
   10.28
    3.26
    3.28
    3.31
    3.23
    3.34
    6.57
    3.28
    4.25
    3.23
    3.23
    3.17
    3.26
    3.31
    3.37
    8.38
   14.30
   16.37
    3.26
    3.09
   16.06
   15.86
   16.17
   15.77
   15.97
   15.97
   15.83
   15.55
   15.80
   16.06
   17.44
   16.06
    3.03
    3.17
   15.86
   33.19
   19.23
   19.17
   17.19
    9.40
    9.37
   19.11
   18.94
   18.92
   18.72
   18.94
    3.20
    3.17
    9.32
   12.69
   12.60
   12.57
   12.57
    3.11
    3.17
   17.56
   17.47
   17.53
   17.44
   17.19
    3.17
    3.17
   17.30
   17.16
   17.19
   16.96
   17.36
   17.16
   18.86
   17.30
   17.27
   17.05
   26.31
   26.25
   12.49
   12.32
   50.35
   23.05
   21.10
   18.46
   16.96
    4.67
    3.09
   20.02
   19.11
   19.00
   18.89
   18.97
    3.09
    3.11
    9.29
    9.20
   21.83
   15.46
   15.46
   17.25
   23.33
   23.25
   60.20
   77.90
   81.84
   81.52
   50.21
   61.79
   59.98
   57.54
   32.00
   46.81
   47.01
   11.10
    6.23
   43.83
   43.86
   50.49
   50.32
   50.23
   18.69
   18.49
   15.52
   15.29
   15.21
   15.60
   15.40
   15.63
   15.38
   16.37
   14.89
   14.64
   15.43
   17.08
   16.91
   16.85
   17.05
   13.39
   16.37
   24.49
   24.52
   24.78
   24.75
   24.98
   24.64
   25.09
   25.26
   25.34
   23.45
   25.03
   29.85
   28.77
   37.94
   38.94
   29.53
   24.69
   25.17
   39.90
   40.41
   39.73
   39.79
   40.29
   33.56
   18.89
   42.19
   35.06
   35.11
   35.42
   35.34
   16.31
   16.11
   35.11
   35.71
   35.76
   35.42
   28.49
   15.74
   16.08
   22.37
   30.70
   30.24
   26.19
   29.96
   15.97
   25.82
   32.28
   37.41
   23.16
   22.96
   16.17
   12.71
    6.48
   22.82
   25.03
   39.98
   42.33
   44.49
   29.93
    6.65
    9.83
   29.59
   19.68
   19.40
   19.65
    9.60
    9.71
   26.50
   24.86
   26.48
   25.23
   25.12
    9.63
    9.74
   25.06
   24.89
   24.55
    8.10
    1.73
    2.35
    2.27
    1.44
   26.87
   25.85
   26.84
   19.68
   10.02
    9.85
   26.48
   26.11
   26.62
   23.08
   11.41
    9.91
    9.91
   44.15
   32.76
   51.23
   16.31
   16.42
    6.57
    6.57
   16.31
   16.40
   26.59
   28.85
   27.35
    8.16
    8.13
   27.75
   28.37
   28.43
   41.57
   35.40
    8.10
    7.76
   27.10
   27.21
   26.08
   26.87
   27.30
    3.34
    3.37
   28.52
   60.31
   21.95
   25.54
   40.80
    3.48
    3.40
    9.91
   10.00
   13.56
   13.48
   16.06
    3.26
    3.28
   11.61
   13.79
   12.91
   13.42
   13.42
    3.26
    3.45
   11.86
   11.75
   20.84
   13.59
   13.59
   13.65
   13.17
   11.58
   11.72
   11.55
   11.81
   11.50
    3.37
    3.37
    8.55
    8.41
    8.58
    8.47
   14.47
    6.74
    4.98
   10.48
   10.31
   10.34
   10.56
   10.11
    3.37
    3.37
    8.69
    8.47
    8.47
    3.40
    3.28
    3.09
    3.31
   10.02
   10.11
   10.14
   10.05
   10.28
    6.80
    6.46
   19.99
   20.50
   19.88
    0.00
    0.00
    3.23
    3.31
   40.55
   40.12
   40.07
   15.46
   47.09
   11.47
    6.37
   33.36
   33.58
   33.13
   33.07
   33.53
    6.46
    6.51
   23.33
   19.91
   15.69
   14.55
   26.22
   25.34
   25.97
   33.16
    4.81
   34.09
   39.56
   33.39
   27.04
   26.16
   39.47
   39.28
   39.67
   52.39
   53.07
   25.99
   25.68
   32.99
   45.90
   46.24
   45.02
   45.19
   18.97
   18.92
   57.96
   58.30
   58.39
   58.36
   41.46
    6.31
    6.31
   16.28
   12.60
    2.58
    4.39
    8.92
    3.17
    3.09
    5.47
    9.43
    9.40
   15.72
   15.94
   10.82
    8.66
   14.70
   11.98
    3.17
    3.06
    4.76
    4.73
    4.53
   43.72
   43.72
   33.92
   42.28
   36.42
   25.88
   25.23
   49.13
   58.19
   58.16
   54.34
   51.85
   16.96
   17.73
   22.29
   22.31
   22.40
   21.89
   22.23
    7.82
    4.90
   20.39
   22.51
   21.97
   29.42
   18.89
   53.15
   13.14
   53.92
   77.67
   83.17
   83.25
   84.55
   50.69
   43.66
   64.79
   58.19
   75.32
   72.43
   74.50
   23.96
   38.14
   51.23
   39.36
   35.82
   46.13
   68.64
   27.35
   50.52
   81.44
   74.02
   38.26
   42.36
   40.89
   24.10
   27.13
   27.35
   27.41
   27.33
   27.38
   26.99
   13.34
   11.44
   16.14
   21.78
   21.69
   22.94
   44.49
   15.40
   25.82
   32.11
   34.72
   46.75
   29.70
   27.27
   26.08
   26.28
   33.33
   32.71
   22.31
   31.23
   31.23
   31.23
   26.79
   49.36
   49.07
   49.27
   36.76
   44.29
    9.91
    3.20
   43.61
   44.49
   44.17
   45.56
   45.05
    7.90
    4.70
   49.19
   41.99
   28.23
   28.01
   10.11
   10.48
    3.20
   40.38
   60.60
   39.64
   41.12
   40.35
   18.32
   17.95
   42.31
   43.47
   43.55
   43.38
   43.27
   26.42
   27.33
   43.47
   44.49
   44.51
   41.54
   36.05
   18.72
   18.72
   48.96
   50.01
   55.27
   52.47
   52.50
   11.67
    5.13
   28.94
   30.55
   30.75
   30.67
   30.87
    8.44
    8.44
   45.96
   32.05
   34.49
   32.11
   36.50
   13.88
   14.07
   28.15
   28.09
   29.53
   29.08
   29.19
   37.38
   21.07
   41.74
   27.21
   26.82
   29.17
   29.36
   21.27
   20.93
   21.32
   30.04
   29.87
   18.77
   25.74
   17.25
   17.27
   17.47
   17.56
   16.96
   17.75
   18.15
   17.39
   10.28
   47.54
   49.89
   48.90
   41.74
   41.74
   30.19
   32.25
   38.40
   38.45
    3.45
    3.43
    3.40
    3.37
   27.61
   27.52
    3.45
    3.40
    3.43
    3.43
    3.40
    3.26
    3.43
    3.31
    3.31
    9.43
    3.54
    3.48
    3.43
    3.48
    3.34
    3.34
    3.31
    3.43
    3.48
    3.48
   12.43
   12.18
   12.29
   28.71
   17.87
    3.37
    3.26
   13.88
   13.88
   12.15
   13.85
   13.96
    3.40
    3.48
    6.88
    3.48
    1.76
    3.37
    3.45
    3.37
    3.40
    7.05
    7.02
    6.99
    6.77
    6.97
    3.43
    3.45
    5.18
    5.13
    5.13
    5.13
    5.10
    3.37
    1.70
    1.70
   15.15
    3.40
    3.28
    3.40
    3.17
    3.23
    5.01
    5.15
    6.63
    6.77
    6.68
    6.65
    6.65
   15.23
    8.38
   11.75
   10.42
    9.97
   13.28
   13.48
   16.93
   39.73
   31.23
   31.38
   31.21
    3.17
    3.48
    8.52
    5.13
   11.92
   12.01
    8.50
    8.66
    8.66
   28.85
   28.97
   29.76
   29.70
    8.44
    3.34
    3.60
   34.74
   42.48
   28.12
    3.43
    3.31
    3.37
    3.43
   13.59
    3.34
    3.34
   20.67
   20.59
    3.37
    3.34
    3.40
    3.79
   23.11
   22.63
   24.35
    3.43
    3.43
   23.25
    4.81
    3.99
    3.20
    5.64
    3.34
    0.00
    3.34
    3.23
    3.60
    3.28
    3.23
    1.59
    1.64
    3.26
    3.26
    3.28
    3.31
    3.31
    3.23
    3.37
    3.34
    3.37
    3.34
    3.37
    3.26
    3.28
    3.31
    3.26
    3.20
    3.23
    3.26
    3.31
    3.23
    3.23
    4.87
    3.20
    3.26
   19.03
   19.06
    3.28
    3.17
    3.34
   13.37
    3.26
    3.20
    8.41
    3.23
    3.14
    3.23
    3.20
    3.17
    3.20
    3.23
    3.14
    3.09
    3.17
    3.11
    3.17
    3.14
    3.23
    3.26
    3.20
    3.14
    3.23
    3.20
    3.14
    3.14
    3.17
    3.20
    9.63
   12.71
   17.84
   18.18
   19.57
   18.09
   17.58
   17.70
   16.11
   13.14
   12.80
   13.34
    6.68
    6.68
    6.68
    6.48
    6.29
    6.68
    6.91
    6.43
    6.97
    6.74
    6.77
    6.31
    6.40
    6.34
    6.37
    6.37
    9.49
    9.57
    7.99
    6.31
    6.34
    6.23
    6.23
    6.43
    6.31
    6.31
    6.40
    3.20
    3.14
    3.14
    6.31
    6.34
    6.37
    6.23
    7.62
    3.28
    3.20
    9.46
    9.57
    9.88
    9.85
    9.85
    8.27
    3.43
   21.58
   28.37
   25.71
   26.62
   21.27
    9.57
    3.11
   17.78
   17.84
   17.47
   17.39
   18.15
    9.94
    6.31
   36.25
   36.19
   34.24
   34.74
   34.69
   10.05
    6.65
   21.35
   22.34
   20.76
   15.01
   14.92
   14.44
   14.38
   14.13
    9.80
   11.27
   15.09
   10.05
   11.47
   12.01
   25.99
   29.96
    9.23
   20.64
   23.98
   13.54
   11.89
   11.69
   10.11
   10.17
   10.00
   15.29
   13.51
   16.99
   27.50
   27.78
   27.78
   27.92
   26.05
   19.11
   19.17
   37.35
   38.54
   38.79
   38.68
   38.54
   22.94
   22.68
   29.93
   29.85
   31.71
   32.11
   32.08
   17.33
   17.50
   19.11
   19.17
   22.63
   21.07
   20.39
   16.06
   15.55
   19.09
   19.09
   18.97
   21.10
   21.07
   10.45
    8.72
   10.45
   19.06
   26.08
   26.02
   25.97
   20.93
   10.25
   24.38
   24.18
   24.44
   24.55
   24.98
   17.47
   17.75
   17.44
   27.41
   29.85
   25.57
   10.39
   10.45
   10.51
   19.68
   19.68
   14.22
   19.48
    8.75
   15.83
   15.94
   17.30
   17.27
   17.10
   17.87
   18.18
    8.81
    8.55
   18.29
   18.38
   17.92
    1.76
    8.95
    8.89
    8.50
   23.02
   23.05
   23.05
   38.91
   16.17
    8.89
    8.92
   15.49
   36.81
   26.36
   15.72
   16.00
    8.78
    8.86
   12.18
   12.01
   11.86
   12.23
   12.20
    8.69
    9.49
   10.36
   10.45
   10.36
   10.45
   10.36
    3.65
    3.48
    5.15
   11.07
    5.49
    5.27
    5.41
    3.45
    3.51
    5.07
    6.94
    8.61
    8.44
    8.58
    3.43
    3.37
    8.69
   19.26
   25.40
   12.37
    3.54
    3.51
    3.54
   12.12
   12.18
   12.35
    3.45
    3.45
    3.48
    3.43
   19.54
   22.82
   23.05
   19.43
   19.26
   14.02
   13.79
   27.18
   27.21
   27.07
    8.89
    8.66
    3.57
    3.57
    8.24
   12.23
   13.28
   11.81
   13.68
    2.89
    0.00
   11.78
   25.91
   41.60
   24.15
    8.50
    3.43
    3.40
    6.85
   17.30
    3.40
    3.43
    3.31
    3.34
    3.28
   11.81
   15.94
   21.24
   19.28
    5.52
    8.44
   11.81
   20.44
    3.37
    3.26
    3.37
   13.71
    3.26
    3.28
    3.40
    5.01
    5.04
    4.98
   20.78
    3.31
    3.34
    3.45
    9.03
   35.79
   17.19
   13.88
    3.34
    3.26
   11.04
   12.03
   12.71
   12.66
   12.09
    3.40
    5.01
   12.06
   13.68
   13.82
   10.14
   10.08
    3.43
    3.40
    3.37
    3.28
    3.28
    3.37
    3.26
    3.26
    3.37
    3.34
    3.26
    3.31
    3.23
    3.40
    3.40
    3.20
    3.31
    3.28
    3.26
    3.34
    5.86
   29.79
    3.31
    3.20
   44.03
    3.40
    3.23
   16.68
    3.31
    3.28
    3.54
    3.26
    3.17
    3.23
    3.23
    3.28
    3.23
    3.11
    3.28
    3.26
    3.26
    3.23
    3.26
    3.26
    3.26
    3.00
    3.17
    4.36
    3.23
    3.28
    3.26
    3.51
    3.17
    3.17
    3.23
    3.28
    3.17
    3.23
    3.26
    3.14
    3.11
    3.17
    3.17
    3.17
    3.23
    3.26
    3.20
    3.11
    3.11
    3.14
    3.14
    3.17
    3.11
    6.43
   32.14
   25.85
    3.14
    3.14
    4.79
    9.46
    3.17
    3.14
   12.57
   12.54
    3.23
    3.14
   19.06
   19.17
   19.11
   31.60
   31.43
   19.09
    6.14
   12.60
   12.49
   15.89
   19.26
   12.71
    9.60
    9.63
   19.26
   19.40
   43.04
   26.56
    3.09
    8.10
    3.37
    8.10
   11.10
   11.55
   10.99
   35.42
   11.04
    3.23
    9.71
    9.63
   11.19
   15.74
   26.22
    9.57
    3.14
   11.10
   11.02
    8.04
   28.71
   14.33
   11.19
    3.17
    9.51
   11.19
   17.58
    9.49
   24.18
    9.60
    3.31
   19.31
   10.02
   11.27
   11.27
   11.61
   11.24
    3.14
   10.73
   10.05
   42.42
   24.95
   36.67
    9.60
   19.94
   44.51
   38.03
   34.57
   19.74
   19.26
    9.88
    3.20
   17.02
   20.33
    9.83
    9.94
   11.50
   11.38
    3.20
   10.34
   11.38
   19.57
   24.61
   30.98
   39.19
    3.17
   53.94
   55.70
   39.28
   35.71
   45.48
   41.43
   29.48
   60.91
   55.56
   21.21
   37.92
   22.85
   19.48
   22.88
   42.90
   42.87
   39.59
   38.14
   23.11
   21.58
   26.48
   56.72
   40.69
   26.53
   24.10
   36.67
   11.69
    3.23
   26.59
   25.57
   24.04
   25.85
   20.53
    9.97
    3.45
   18.18
   20.25
   13.54
   11.81
    3.26
    3.31
   11.84
   50.18
   24.32
   22.63
   20.08
   15.23
    3.40
    3.37
    3.31
    3.28
   11.69
    6.71
    3.37
    3.43
    3.34
    6.71
   20.11
    3.26
    3.43
    3.28
    3.31
    3.31
   27.04
   17.44
   34.94
   15.77
    3.37
    3.31
    5.07
   36.61
   25.94
    3.28
    3.40
    3.31
    3.54
    3.23
   38.34
   30.44
    3.43
   19.17
    3.43
    3.26
    3.37
    4.90
    3.37
    3.09
    3.06
    4.62
    3.26
    3.03
   20.59
   18.46
    3.28
    3.40
    3.26
    3.23
    3.28
   18.15
    3.28
   26.48
    3.23
    3.23
    3.28
    3.34
    3.54
    3.23
    2.78
    2.83
    6.09
    3.31
    3.34
   15.91
   19.96
   20.25
    3.45
    3.11
    3.03
    2.94
    3.11
    3.11
    3.06
    2.80
    2.97
    3.14
    3.06
    3.06
   11.13
   10.00
    4.62
    3.14
    3.09
    2.94
    3.26
   16.51
    3.20
    3.20
    3.23
    4.59
    3.23
    3.20
    2.97
   16.23
    3.31
    1.50
    3.28
    3.14
    3.11
    3.14
    3.17
    4.76
    4.53
    4.56
    4.93
    3.23
    3.14
    7.96
   10.02
    3.34
    3.17
    3.28
    3.11
    5.04
    3.23
    3.06
    2.89
   14.61
   14.87
   13.45
   17.98
   29.65
   21.38
    3.20
    5.04
    3.28
    3.23
    3.26
    3.23
    3.20
    3.20
    3.20
    3.11
    3.17
    3.20
    3.34
    3.23
   19.28
    3.26
    3.28
   40.04
   14.19
    3.11
   15.63
   21.04
    3.31
    3.23
    3.28
   11.61
    3.40
    3.20
    3.14
    3.14
    3.34
    3.26
    3.28
    3.31
    3.28
    3.14
    3.17
    3.31
    2.92
    3.23
    3.26
    2.97
    3.17
    2.78
    2.94
    3.40
    3.06
    4.62
    4.93
    3.34
    3.34
    3.31
    3.28
   28.80
    3.26
    3.23
    3.09
    3.14
    2.97
    3.11
    3.11
    3.20
    3.14
    3.06
    3.23
    3.09
    3.20
    3.14
    3.20
    3.20
    3.28
    3.14
    3.28
    3.17
    3.14
    3.20
    3.20
    3.14
    3.17
    3.17
    4.28
   19.48
   17.05
    3.09
    3.20
    3.14
    3.17
    3.17
   18.69
   19.26
   19.20
    3.11
    3.03
    3.14
    3.09
    4.76
    3.17
    3.23
    3.23
    3.17
    3.17
   14.30
   14.24
   14.47
   14.33
   14.36
    3.14
    3.06
   15.66
   15.15
   28.57
   26.48
   16.20
    3.17
    3.03
   14.67
   18.01
   22.46
   20.70
   21.12
   17.92
   12.91
   11.13
   12.74
   15.86
    6.20
    7.45
    9.43
    3.20
   10.93
    9.23
    9.37
   11.16
   10.96
    9.66
    2.94
   10.73
    9.51
   10.39
   10.65
   10.65
   15.23
    3.11
    9.63
    9.71
   10.82
    9.54
   10.85
    9.43
    3.17
    9.34
    9.43
   10.73
   11.53
   11.13
    9.66
    3.11
    9.66
   10.00
    9.66
    9.51
    9.32
    9.71
    3.23
   11.02
    9.68
    9.40
   17.39
    9.17
   16.88
   16.88
   22.48
   29.39
   29.22
   29.17
   29.45
    9.94
    3.11
   29.36
   29.19
   29.31
   29.79
   30.02
    9.77
    6.71
   29.28
   26.87
   29.48
   29.31
   29.45
   11.04
    0.00
    2.92
   42.67
   12.69
   27.04
   37.63
    9.77
    7.93
   31.52
   31.74
   31.18
   31.01
   34.24
   15.89
   14.50
    8.58
   38.00
   57.54
   57.88
   57.06
   28.52
   28.52
   28.23
   57.51
   42.48
   41.99
   31.01
   41.34
   33.78
   43.32
   47.35
   43.30
   53.86
   58.50
   11.33
    3.26
   11.27
   16.93
   26.56
   28.37
   59.07
   26.99
   19.65
   57.31
   42.28
   22.94
   26.84
   21.46
    3.14
    3.11
   19.48
   37.77
   19.74
   23.22
   59.66
   34.69
   19.71
   54.34
   44.60
    4.98
    3.09
    3.11
    3.00
    3.06
    2.61
   28.09
   45.17
    6.51
    3.09
    3.20
    3.26
    3.23
    3.26
    3.28
    3.28
    3.48
    3.34
    3.17
    3.23
    3.23
    3.23
    3.23
    3.28
    3.14
    3.26
    3.23
   19.11
   11.92
   15.43
   18.07
   15.04
    8.55
    8.72
   15.69
    3.45
   43.81
    3.48
    3.51
    3.54
   35.54
   20.36
   16.99
   20.70
    3.60
   17.36
    3.54
   15.49
   15.72
   46.61
    3.60
    3.57
    3.65
    3.57
    3.23
    3.14
   14.10
    3.57
    3.62
    3.54
    3.57
    3.51
    3.31
    3.45
    3.54
    2.97
    3.40
    3.34
    3.51
    3.31
    3.28
    3.57
    3.45
   25.37
    2.66
    3.40
    3.40
    3.54
    3.62
    3.65
    3.60
    5.41
   10.96
   10.45
    9.12
   33.98
   33.22
   14.33
    3.54
    7.31
    5.41
    5.38
   14.33
   15.94
    3.20
    3.65
   14.41
    3.62
   14.27
   21.86
   19.96
   21.61
    3.68
   30.98
    3.68
   20.61
    4.76
    3.34
    1.67
    3.28
   18.97
   16.79
   14.81
   17.36
   19.65
    3.45
    1.47
    0.00
    3.37
    0.00
    3.60
    3.26
    3.43
    3.51
   25.77
   69.43
   40.80
   56.63
   29.31
   16.96
   18.77
   25.37
   24.61
   25.63
   70.20
   21.49
    3.11
   25.91
    3.48
   46.35
   71.10
   51.34
   20.98
    3.48
    3.51
   51.51
   20.19
    3.51
    3.57
    3.57
    3.68
    3.54
    3.65
    3.40
   20.61
   20.39
   21.24
    1.73
    3.26
   24.38
   23.81
   20.11
    3.37
    3.34
    3.06
   16.17
   49.81
   57.17
   48.62
    3.57
    3.57
    3.54
    5.04
    3.14
    3.43
    3.48
    3.43
   10.48
    3.43
    3.45
    3.51
    2.24
    4.53
    3.26
    3.43
    3.60
    3.37
    3.34
    3.43
    3.20
    3.43
    3.11
    3.31
    3.28
    3.37
    3.20
    3.17
    3.17
    3.40
    3.20
    3.23
    3.14
    3.26
    3.17
    3.23
    1.70
    2.72
    1.61
    3.14
    3.26
    3.62
    3.20
    4.08
    3.11
    3.20
    3.14
    3.11
    3.03
    3.03
    3.23
    3.11
    1.50
    3.28
    3.14
    3.34
    3.40
    3.34
    3.23
    2.46
    2.44
    3.28
    1.84
    1.61
    3.34
    2.86
    3.09
    3.48
    3.26
    3.54
    3.37
    3.54
   12.54
    3.60
    9.00
    3.40
    3.60
   12.37
   10.76
   12.46
    3.57
    3.54
   10.25
    3.31
    8.78
    8.52
   15.09
    3.14
    3.34
   10.11
    3.26
   16.54
   10.17
    9.37
    3.09
   10.22
   10.48
   15.77
    4.56
   14.58
   13.14
   19.51
   20.39
   10.51
   40.97
   19.54
   10.73
   10.82
    3.54
   38.71
   31.55
   20.25
   22.77
   10.59
    8.92
   13.25
   13.65
   18.29
   10.17
   10.45
   13.65
   10.14
    3.26
   10.34
   20.25
   19.77
   20.13
   20.39
   12.23
    1.59
   23.45
   16.71
   10.31
   11.02
   13.82
   10.34
    3.37
   10.31
   10.25
   13.22
   11.81
   21.63
   21.18
   22.14
   29.25
   17.22
   16.14
   12.69
   10.02
   13.76
   16.40
   20.39
   22.48
   21.38
   15.01
   20.11
   10.65
    3.37
   25.03
   23.19
   11.07
   21.01
   22.26
   19.20
    3.43
   10.31
   10.62
   12.54
   11.64
   12.35
   12.23
    3.20
   11.55
   12.23
   10.05
   12.63
   10.53
   10.34
    4.96
    6.65
    4.39
    3.37
    3.54
    3.54
   12.12
    5.27
    3.51
    3.40
   16.74
    3.57
   19.34
   12.29
    3.57
    3.34
    4.87
    7.99
    3.57
    3.57
   12.32
    3.43
    3.57
   42.70
   23.84
   38.43
   37.86
   10.00
    3.28
    3.60
    5.32
    3.17
   20.87
   25.80
    8.04
    3.57
    3.60
    1.53
    3.28
   20.25
    2.75
    1.73
    0.00
   13.96
    8.75
   15.83
   21.18
   14.05
    3.48
    3.60
   17.56
   20.67
    1.73
   14.55
    3.62
    3.57
    3.54
   38.40
   56.15
    4.47
   12.15
    3.34
    3.57
    3.57
    3.60
    3.62
   39.19
   30.33
   29.53
    5.72
    3.65
   20.81
   23.76
   24.07
   23.02
   24.27
   22.46
   21.01
   19.09
   22.46
   22.88
    6.80
    6.71
    8.41
    8.75
   17.92
   22.96
   23.33
   23.98
   34.63
   22.82
   15.89
   34.80
   32.03
   34.29
   34.60
   34.41
   23.76
   20.64
   32.88
   34.91
   37.77
   41.06
   38.34
   21.38
   21.38
   37.77
   38.54
   19.51
   40.32
   39.50
   20.81
   20.73
   25.80
   40.86
   29.96
   35.99
   40.61
   19.20
    6.94
   39.11
   35.99
   40.55
   40.61
   17.16
   14.55
   14.78
   38.37
   36.98
   36.76
   37.46
   37.35
   25.82
   22.09
   26.99
   23.87
   28.03
   45.93
   35.99
    3.14
    4.73
   54.88
   33.22
    3.45
   34.86
    3.40
    3.37
    4.96
    3.48
    3.40
    3.34
    4.42
    3.79
    3.40
    3.43
    3.40
    3.45
    6.74
   18.12
   19.31
    3.57
    3.54
   32.93
   39.50
   41.06
   42.33
   42.67
    3.65
    3.65
   41.17
   62.18
   64.25
   64.34
   25.82
   24.35
   32.31
   25.74
   25.85
   25.74
   25.09
   25.57
    3.23
    1.93
   24.83
   33.70
   25.91
   28.54
   26.79
    3.26
    3.20
   12.71
   13.45
   14.89
   15.21
   14.75
    3.43
    3.57
   58.98
   54.14
   20.73
   27.75
   31.09
    7.08
   21.10
   69.40
   66.15
    3.60
    3.60
    4.84
    3.60
    3.57
    3.60
    3.60
    3.62
    1.84
    3.57
   39.08
   40.01
   28.85
   56.38
   39.98
   26.79
   43.30
   11.98
   10.22
   63.26
   51.11
   44.37
   51.51
   51.54
   37.27
   38.26
   36.73
   34.32
   30.30
   37.07
   37.41
   12.09
    6.37
   33.78
    6.46
    4.76
    4.84
   37.46
   35.99
   39.02
   39.02
   39.13
   39.39
   37.83
   36.19
   23.59
   23.62
   12.23
   14.89
   12.97
   20.22
   16.45
   14.70
    3.74
   10.93
   11.07
   12.49
   12.29
   12.15
   11.16
   12.97
   11.19
   24.69
   19.40
   17.78
   23.62
   12.88
   12.91
   45.36
   34.35
   34.60
   36.73
   35.51
   25.46
   26.19
   41.12
   37.21
   45.28
   53.26
   53.15
   22.80
   23.87
   30.24
   36.64
   31.94
   33.36
   37.38
   11.92
    2.92
   45.99
   29.70
   43.04
   35.08
   40.41
   44.74
   50.66
   49.64
   43.15
   43.81
   35.00
   47.40
   50.49
   46.21
   50.52
   52.67
   45.76
   43.83
   43.95
   29.28
   32.05
   44.49
   31.86
   24.92
   22.12
   22.91
   22.99
   22.17
   32.71
   32.20
   32.03
   27.13
   27.13
   13.56
   23.25
   30.07
   28.88
   33.05
   29.17
   30.21
   24.69
   25.85
   32.31
   33.33
   34.80
   28.20
   36.42
   26.19
   23.53
   40.01
   40.21
   39.36
   39.25
   37.07
   24.49
   24.41
   38.45
   41.46
   37.12
   39.19
   37.24
   23.67
   11.86
   23.59
   37.29
   28.26
   25.03
   31.63
   18.94
   10.19
   31.40
   30.33
   30.33
   18.15
   18.55
   18.94
   25.09
   32.17
   32.14
   32.14
   31.09
   57.43
    3.60
    3.62
   46.04
   26.22
    1.67
    5.80
    1.76
    8.44
   20.36
   65.47
   57.57
    3.20
    4.47
    3.28
    3.31
    3.43
    6.85
   55.67
   56.86
   58.45
   39.13
   32.96
    2.89
   59.21
   52.19
   54.06
   49.21
   50.94
    3.20
    3.37
   41.60
   53.12
   50.55
   49.47
    3.48
    3.43
    3.51
   55.19
   55.53
   37.86
   60.34
   56.75
    3.71
    3.03
   22.91
   34.97
    6.74
    3.40
   15.43
   40.86
   37.15
   36.25
   55.08
    3.62
   21.63
   57.88
    3.43
    3.45
    3.60
    2.80
    0.00
    3.45
   10.79
   28.57
   45.73
   36.67
   63.80
   79.46
    3.60
   56.52
   23.42
    3.40
   55.90
   22.12
   72.26
   79.40
   62.18
   41.97
   13.56
   61.33
    4.93
   13.62
    7.31
    5.64
   54.06
   50.55
   26.31
   63.51
   78.69
   83.62
   81.72
   80.56
   83.51
   71.10
   18.26
   53.55
   37.77
    3.62
    3.57
    4.45
   49.38
   44.97
    2.97
   21.63
    7.08
    3.65
    0.00
   46.13
   83.48
   81.95
   58.36
   37.72
   29.90
    3.57
   24.07
    3.65
    3.57
   28.12
   47.06
    3.54
    4.05
   17.10
   37.21
   42.62
   63.17
   75.86
   14.10
   18.07
    3.48
   41.74
   28.60
   15.94
    5.04
    4.30
    2.83
    5.15
    3.37
    3.31
   30.13
    3.48
   16.45
    7.14
    7.96
   12.26
   11.33
    3.48
    5.35
    3.48
    4.96
    5.18
    3.57
    3.48
    3.48
    3.34
    5.49
    4.30
    3.54
    3.94
    5.38
    3.54
    3.48
    3.48
    3.48
    3.94
    3.20
   20.11
    3.88
    3.23
    3.03
    0.00
   11.47
    1.81
   12.74
   15.94
   12.80
    3.28
    0.00
    3.57
    3.57
   25.49
    2.80
    3.85
    3.37
    4.67
    3.43
   33.44
   42.05
   28.46
    4.02
    4.73
    3.57
    3.57
    7.08
   54.00
   19.06
    4.08
    4.22
    3.65
   10.36
    3.54
    3.40
    3.85
    1.67
    3.43
    3.00
    3.54
    3.37
    3.45
   20.33
    3.77
    3.45
    3.28
   10.34
   14.41
   13.42
   15.18
   12.74
    4.16
    3.28
    5.44
    5.75
   21.10
    3.71
    2.94
    3.51
    2.29
    3.17
    2.69
    2.75
    0.00
   19.71
    3.51
   22.43
   26.70
   21.04
    2.83
    2.69
    3.31
    3.28
    3.57
    3.94
    3.60
    4.11
    5.75
   13.79
    3.88
    3.68
   23.11
    2.41
    9.77
   20.11
   11.27
   18.04
   13.45
   32.45
   25.91
   25.99
   19.23
   19.65
   16.74
    5.32
   15.72
   23.79
   41.14
   22.00
   35.28
   24.35
    6.74
   12.74
    8.58
   13.51
   18.26
   18.83
   20.67
    5.24
   12.18
   13.08
   14.41
   35.68
   31.46
   36.93
   29.14
   16.34
   17.36
   18.60
   15.80
   14.70
   26.33
   24.49
   41.03
   33.64
   31.57
   31.88
   24.61
   18.66
    3.17
   18.60
   22.77
   23.50
   10.11
   20.11
   20.42
    3.20
   11.04
   11.72
   11.84
    9.37
   11.92
   26.11
    3.20
   22.48
   10.93
   11.75
   10.90
   14.10
   20.25
    3.20
   18.12
   15.32
   11.67
   18.94
   10.62
   21.61
    3.60
   27.81
   10.42
   12.74
    9.88
   16.71
   22.60
    3.60
   16.57
   22.23
   43.24
   45.00
   34.66
   22.48
    3.14
   31.40
   32.45
   25.66
   29.31
   31.71
   31.38
    3.45
   39.93
   53.09
   41.60
   15.18
   10.08
   26.45
   23.13
   17.84
    3.48
    2.69
   64.65
   58.53
   43.98
   43.04
   62.86
   89.03
   89.06
   86.76
   30.27
   57.96
   84.53
   84.44
   84.50
   84.72
   84.95
   85.09
   43.66
   70.71
   52.75
   56.24
   58.05
   57.09
   33.64
   28.46
   27.92
   35.65
   28.37
   29.28
   49.67
    9.03
    9.37
    3.65
   14.38
    3.62
    3.65
   61.25
   74.84
   57.51
    6.31
   52.64
   69.04
   51.85
   59.75
    7.22
   10.62
    3.60
   59.75
   56.12
   49.87
   54.28
    4.22
   10.59
    3.65
    3.60
    7.28
    2.21
   14.72
   39.13
    3.60
    5.32
   58.02
   28.91
   15.15
    6.97
    3.57
    3.68
    3.71
   20.33
   10.73
   10.73
   10.70
   12.01
    4.39
    2.97
   21.38
   26.45
   39.73
   21.18
   30.41
   36.33
   27.98
   22.23
   25.15
   33.13
   28.66
   29.31
   34.52
   28.35
   31.46
   42.22
   36.78
   21.15
   38.82
   23.64
   21.92
   58.11
   61.25
   57.65
   44.77
   41.31
   12.29
   10.85
   58.11
    9.71
   16.17
   25.15
   18.21
   19.51
   14.22
   19.51
   20.33
   30.87
   43.81
   14.13
    4.30
   13.54
   49.47
   34.24
   33.05
   41.29
   36.27
    4.08
    3.68
   34.94
   12.40
   13.11
    9.49
   17.13
   14.16
   12.88
   41.82
   61.39
   58.16
   57.00
   59.15
   24.86
   44.57
   68.81
   54.40
    0.99
    3.06
    3.60
   12.29
   10.45
   18.60
   13.11
   20.11
   19.54
   21.72
   13.93
    6.77
   30.70
    4.39
    5.64
   18.04
   13.99
   13.14
    4.47
   18.94
   18.15
   10.59
   28.49
   25.23
    3.99
    2.86
   29.28
   16.34
   17.98
   18.55
   18.38
    3.60
    3.34
   34.80
   67.03
   48.11
   26.22
   20.81
   10.62
    8.75
   28.88
   53.32
   54.51
   30.50
   26.73
    3.17
    3.23
   11.07
   19.88
   58.13
   60.99
   29.02
    5.32
    4.81
   16.71
   18.18
   21.83
   47.57
   49.07
    3.79
    3.23
    1.44
    0.40
    0.00
    1.42
    0.48
   14.89
   39.56
   46.78
   44.60
   66.60
   30.38
   31.23
   20.36
    6.77
   63.51
   65.41
   70.00
   48.51
   12.23
    6.34
    8.72
   13.90
   15.35
   13.08
    4.93
    5.52
    4.05
    4.76
   20.44
   17.81
   24.86
   33.22
   25.15
   25.71
   33.84
   28.52
   36.64
   40.97
   35.14
   28.03
    5.95
   26.48
   32.05
   26.67
   37.10
   22.91
   33.19
    3.65
    4.56
    3.85
   42.73
   41.17
   43.24
   33.07
   28.94
   18.09
    6.40
   10.96
    3.74
    2.24
    4.56
   17.70
    4.53
   10.93
   12.01
   14.36
   12.86
   12.57
   23.08
   16.42
   11.21
   23.11
   13.39
   28.77
   38.68
   20.84
   29.25
   11.86
   22.88
   11.47
   37.41
   15.80
   17.98
    5.44
   11.02
   17.64
   11.21
   18.04
   21.89
   19.48
    9.74
   23.05
   22.31
   13.88
   14.44
   19.03
   21.07
    1.84
   14.07
   17.87
   13.96
   10.99
   12.15
   19.34
    6.71
   13.62
   16.51
   12.26
   14.41
   14.10
   20.87
    4.36
   12.69
   12.69
   12.63
   13.05
   12.69
   20.70
    5.47
   16.11
   12.97
   13.65
   12.69
   12.71
   18.92
    6.77
   21.78
   19.68
   20.39
   16.51
   17.95
   18.92
    3.65
   32.03
   20.25
   13.28
   12.77
   24.07
   17.73
    5.49
   22.99
   22.60
   21.49
   23.16
   17.39
   22.43
    6.94
   20.27
   15.40
   18.07
   15.83
   25.91
   20.61
    7.16
   21.41
   12.74
   18.60
   21.04
   18.52
   23.11
   13.48
   13.25
    7.93
   16.45
   11.16
    7.79
   15.01
    2.80
   13.62
   17.22
   16.20
   16.93
   17.02
   11.95
   10.17
   16.99
   16.14
   23.02
   22.43
   22.48
   10.62
    4.33
   55.13
   35.45
   22.23
    5.15
    5.52
   17.98
    8.52
   23.70
   43.21
   55.44
   50.60
    6.29
   13.08
    5.58
   17.58
   28.66
   21.49
   30.30
    3.60
    9.54
    6.85
    3.26
    3.54
   18.24
    8.81
    5.32
   14.61
    3.54
    9.63
   15.43
    3.40
    6.23
    6.97
   10.85
    3.54
    3.54
    6.37
    3.54
    3.82
    2.78
    4.19
    5.15
    4.33
   32.34
   28.94
    3.51
    4.28
    3.60
    2.94
    4.30
    3.82
    3.51
    3.88
    3.37
    3.11
    4.11
    3.17
    3.06
   11.64
    3.54
    3.51
    3.51
    5.30
    3.88
    3.99
    3.79
    2.69
    3.57
    3.65
    6.34
   55.73
   40.38
   37.94
   54.20
   36.84
    3.54
    3.62
   26.48
    3.54
   43.47
   19.14
    3.45
    3.51
    3.20
   30.84
   58.67
   59.04
   41.85
    3.48
    3.48
    4.28
   22.46
   32.45
    9.20
    5.27
    4.50
    4.50
    6.46
    4.45
    6.71
    4.25
    4.47
    6.29
    3.68
    4.45
    5.66
    4.16
    3.94
   12.57
    8.83
    3.88
    5.66
   14.95
    5.30
   29.19
   46.35
   46.21
   12.43
   12.03
   59.44
   16.54
   15.49
   29.85
   28.66
    8.52
   10.62
   14.61
   13.45
   17.27
    3.54
    3.68
    3.54
   12.20
   42.79
   39.79
   41.06
   29.51
   29.56
   19.54
   18.26
   35.79
   30.13
    8.66
    3.57
    4.08
   26.59
   24.95
   42.39
   18.75
    3.71
   19.09
    3.57
    5.30
    5.21
   38.00
    3.54
    4.13
   22.46
    6.14
    3.57
    3.62
   47.83
   21.89
   15.91
   13.93
   17.53
    6.60
   17.36
   27.47
   20.39
    3.43
   26.87
   13.59
    9.29
   10.05
   10.02
    5.41
    4.47
    3.45
    3.23
    2.44
    3.48
   11.78
    4.90
    3.14
   12.23
   12.86
    5.21
    3.54
   18.09
    5.01
    3.57
    3.57
    5.07
    4.47
    1.81
    8.44
    3.57
    3.57
    2.24
    2.24
    1.93
    2.89
    2.89
    6.43
    7.73
    8.07
    6.77
    4.22
    3.60
   20.44
   37.07
   20.25
   30.10
   32.14
   39.96
   43.64
   48.34
   48.17
   48.05
   48.08
   14.44
    3.06
    5.30
   23.28
   29.85
   30.95
   33.07
   30.78
    3.65
    6.26
   14.89
   10.90
   13.82
   14.05
   14.98
    5.55
    3.65
   20.39
   23.76
   21.78
   22.51
   22.17
   16.40
    2.24
    8.72
   21.55
   21.78
   23.84
   25.32
   17.61
    3.28
   10.65
   11.16
   12.83
   12.20
   11.38
   17.73
   12.46
   14.30
   28.60
   30.04
   26.16
   17.73
   19.17
    3.28
   16.71
   16.14
   12.52
   13.08
   15.77
   17.90
   29.34
   10.73
   28.09
   17.27
   14.19
   29.62
   26.05
   18.63
   22.94
   21.10
   10.14
   21.55
   10.19
   22.54
   22.29
   24.64
   12.37
   12.06
   39.19
   22.20
   38.88
    3.03
   16.93
   30.33
   24.86
   21.66
   13.68
   18.01
    5.72
   24.64
   25.57
   27.10
   30.27
   24.27
   18.83
    3.79
   22.60
   22.40
   20.22
   22.63
   24.07
   16.79
    5.01
   32.93
   31.21
   29.36
   29.68
   31.01
   20.30
    4.64
   28.29
   26.87
   24.52
   25.23
   19.74
   17.25
    8.30
   38.68
   31.83
   31.18
   24.18
   24.83
   17.98
    5.72
   31.18
   31.60
   24.21
   24.41
   28.46
   18.12
    6.77
   20.44
    8.35
   27.10
    5.30
    5.75
   22.12
   23.67
    5.13
    3.54
   23.28
   54.65
   21.92
   19.40
   24.47
   23.56
    4.16
    6.65
    3.31
    3.54
   14.07
    3.51
    4.90
    3.85
    3.51
    3.26
    3.54
   14.05
    3.62
    3.51
    3.54
    4.39
    3.54
    5.47
   13.99
    3.51
    3.48
    3.85
    3.54
    4.47
   12.09
   11.72
    3.62
    3.54
    5.30
    7.62
    5.49
    4.96
   15.01
    6.12
   10.31
   10.87
    6.06
   24.44
   21.04
   20.22
   15.80
   11.53
    3.34
    3.09
    3.06
    4.81
    7.36
    7.36
    7.36
    7.36
    7.36
    5.52
    4.50
    3.00
    5.07
   17.98
   17.95
   30.58
   12.91
   29.96
   21.27
   21.38
   46.47
   41.91
   44.49
   15.89
   17.61
   17.58
   17.58
   49.10
   45.31
   41.63
   20.76
   17.13
   22.00
   29.65
   39.64
   26.73
   31.18
   41.60
   41.20
   38.20
   10.48
   12.80
   11.02
    9.66
   11.89
   18.18
    3.68
    3.48
   20.05
    8.66
   25.17
    5.27
    5.10
    3.54
    9.23
   13.96
   31.97
   15.15
   11.95
   16.06
    5.41
    5.13
   21.58
   53.97
   74.08
   78.78
   74.42
   40.04
   45.90
   62.07
   56.12
   58.70
   60.77
   62.84
    4.96
    5.27
   17.44
   31.15
   21.86
   19.88
   22.06
   10.22
   13.82
   20.67
   15.29
   13.93
   14.72
   14.16
    9.09
    7.96
   13.62
   16.79
   18.77
   23.11
    6.17
    3.37
   13.28
   27.24
   28.40
    8.13
   28.60
   21.24
    9.80
    4.05
    3.51
    3.48
    8.21
    6.40
    8.24
    5.32
    5.15
   14.53
   14.30
    3.26
    3.57
    3.54
    3.54
    3.48
   10.53
   11.30
   10.56
   11.58
   11.21
    3.17
    3.60
   10.51
   11.64
   11.47
   12.01
   11.44
   12.29
   10.22
   11.84
   12.63
    7.02
   14.16
   23.73
   12.37
   14.38
   12.29
   12.37
   12.54
   38.99
   14.13
    8.04
    7.08
    8.98
   15.91
   14.72
    9.85
   10.28
    7.11
    7.05
   15.72
   17.67
   15.97
   13.45
   13.68
   10.90
    9.83
   16.25
   15.89
   17.58
   17.33
   19.48
    3.57
    2.63
    5.27
    4.96
    5.13
    5.24
    6.68
    3.54
    3.68
   19.57
   10.51
   18.32
   19.94
   16.88
    3.09
    3.14
    6.65
    2.24
    3.00
    5.38
    3.09
    2.97
    3.06
    3.43
    0.62
    1.87
    1.61
    1.25
    1.10
    1.36
    1.10
    1.10
    1.39
    4.93
    2.44
    3.00
    3.17
   33.22
   13.45
   16.68
   14.22
   13.99
   16.62
    3.62
   27.55
   26.62
   10.68
   16.96
   28.12
   23.70
    2.69
   21.89
   20.50
   21.15
   33.47
   33.70
   20.47
    0.91
   22.82
   21.83
   21.32
   21.83
   23.64
   18.29
    3.51
   18.01
   18.04
   18.72
   17.47
   17.41
   16.93
    3.48
   17.90
   17.10
   18.83
   18.24
   18.29
   19.09
    3.40
   16.76
   18.55
   16.96
   17.78
   19.00
   27.92
   12.23
   32.14
   20.30
   15.91
   19.11
   17.47
   16.54
    3.45
   18.04
   15.26
   17.39
   13.65
   14.72
   22.12
    3.14
   12.15
   12.18
   12.15
   10.22
   10.70
   17.98
    6.99
   13.90
   17.02
   20.22
   21.15
   26.22
   21.18
    9.54
   18.77
   17.47
   17.90
   18.46
   20.02
   16.54
    3.45
   16.71
   18.26
   16.48
   21.80
   17.61
   17.61
   18.18
   15.86
   13.85
   15.57
   16.71
   18.24
   16.68
   18.21
   18.60
   18.49
   17.70
   19.88
   22.20
   18.32
    3.48
   10.48
    4.13
    3.48
    6.85
    6.88
   11.55
    5.18
    4.93
    5.21
    3.96
    3.71
    3.45
   12.06
    2.72
    3.48
    1.73
    1.61
    1.16
    4.81
    8.64
    3.48
   18.29
   18.97
   11.04
   18.35
   11.47
   15.18
    3.77
    3.60
    5.41
    4.33
    3.48
    3.43
   12.06
    3.45
    3.43
    3.17
    3.43
    3.88
    3.23
   11.21
    3.43
    6.31
    6.40
    4.93
    5.27
    7.11
   11.41
    2.94
    9.49
    3.20
    4.28
    4.81
    4.87
   11.41
    3.96
    4.90
   20.59
   21.41
   24.13
   21.83
   20.70
   25.40
   19.79
   25.09
   22.31
   22.91
   25.09
   23.87
   24.55
   29.82
   27.07
   26.76
   26.87
   14.98
   19.17
   15.69
   12.60
   10.17
   13.22
   12.77
   13.48
   10.53
   10.51
   12.77
   14.53
   13.14
   11.72
   12.69
    6.54
   10.76
   12.35
    8.55
   10.76
    9.09
    8.27
    8.21
    8.47
    8.47
    8.52
    9.77
    8.50
    8.50
    8.92
    8.50
    8.55
    7.36
    6.85
    6.88
    7.08
    6.51
    7.48
    6.60
    5.49
   10.68
   10.36
   10.42
    8.04
    5.21
    2.92
    2.97
    3.54
    3.60
    3.43
    3.40
    3.74
    8.55
    7.11
   11.04
   10.70
   11.36
    4.39
    3.96
    3.48
    3.48
    3.17
    3.11
    3.48
    5.61
    3.45
    2.63
    2.69
    1.73
    1.56
    2.55
    1.70
    3.20
    1.95
    1.70
    1.67
    2.46
    2.58
    2.38
    1.93
    3.26
    1.36
    3.45
    3.45
    3.40
    3.40
    5.75
    3.45
    3.43
    3.37
    3.31
    3.45
    1.56
    2.94
    3.94
    2.92
    1.47
    3.00
    3.37
    4.33
    3.09
    2.75
    3.40
    2.72
    3.45
    4.33
    4.05
    3.37
    2.75
    3.03
    3.11
    3.28
    3.43
    2.10
    2.97
    3.62
    3.28
    3.71
    4.70
    2.69
    3.45
    2.80
    2.97
    3.51
    3.82
    3.54
    2.55
    2.94
    2.89
    3.45
    3.40
    3.00
    3.37
    8.64
    3.48
    3.62
   14.05
   12.57
   13.90
   10.45
    3.45
    3.20
    3.54
    3.28
    2.97
    3.11
    3.48
    3.17
    2.69
    2.92
    8.18
    6.85
   13.65
    8.69
   10.87
    3.54
    2.89
    7.62
   10.39
   11.41
   10.39
   10.42
   10.39
    9.51
   11.92
    8.86
    7.65
    8.64
    7.96
    7.93
    7.70
    7.50
    8.69
    8.41
    8.66
    7.87
    8.61
    8.69
    8.33
    8.50
    8.27
    8.44
    8.61
    7.67
    7.67
   11.64
   11.13
   10.73
   12.32
   12.29
   19.31
    3.06
   11.02
   13.71
   11.44
   12.20
   17.39
   18.26
   15.38
   29.82
   20.47
   20.50
   22.40
   27.10
   17.92
   15.15
   21.89
   18.89
   20.27
   16.85
   28.57
   24.27
   23.53
   10.42
   15.32
   15.80
   12.12
   14.72
   21.78
    3.45
   13.22
    9.29
   17.05
   12.69
   12.29
   18.49
    3.48
   12.12
   15.77
   13.39
   12.01
   11.92
   18.29
    3.48
   12.12
   12.12
   12.49
   17.27
   17.41
   18.35
    8.66
   18.26
   18.94
   18.26
   26.70
   28.06
   25.06
    2.58
   11.89
   12.91
   12.09
   13.03
   15.12
   19.37
    3.43
   12.03
   12.06
   12.12
   12.06
   13.82
   20.87
    3.23
   12.09
   11.61
   13.25
   11.92
   12.06
   18.55
    3.40
   11.81
   12.91
   12.54
   13.71
   11.75
   18.07
    3.45
   12.01
   12.03
   17.10
   13.37
   11.92
   19.20
    3.45
   17.22
   10.96
   12.06
   22.23
   23.53
   26.96
    3.45
   13.62
   14.75
   23.70
   20.36
   18.94
   16.99
    9.71
   25.20
   23.16
   22.06
   23.62
   22.29
   14.55
    3.45
   19.06
   24.66
   26.56
   27.47
   27.35
   13.71
    3.34
   30.87
   35.85
   35.28
   17.19
   32.51
   13.73
    4.53
   31.35
   20.16
   19.60
   20.02
   15.40
   13.45
    2.92
   12.71
   23.22
   21.66
   17.92
   15.21
   14.16
   14.16
   14.16
   14.16
   14.16
   14.16
   12.71
   11.61
    8.33
   14.61
   13.00
   15.94
   14.33
   13.31
   11.24
    3.06
   10.93
    8.81
   11.30
   11.16
   11.38
    3.20
    3.28
   10.62
   11.55
    9.15
    7.59
    5.75
    2.94
    3.37
    8.24
    8.52
    3.09
    3.03
    3.57
    3.40
    2.89
    6.94
    6.43
    7.08
    5.21
    5.13
    3.40
    4.02
    5.13
    4.13
    7.87
    5.01
    5.13
    3.40
    3.37
    5.15
    5.10
    3.43
    1.70
    2.04
    3.20
    3.31
    3.40
    2.49
    6.77
    1.22
    4.16
    3.45
    2.41
    3.31
    3.48
    3.48
    2.01
    3.40
    3.40
    4.62
    3.43
    3.43
    3.14
    3.17
    1.98
    3.45
    3.43
    1.95
    3.40
    3.43
    1.73
    3.20
    3.14
    3.00
    2.80
    2.35
    1.73
    2.86
    3.26
    3.43
    3.11
    2.21
    2.69
    3.11
    2.83
    2.49
    4.05
    3.85
    3.43
    3.34
    3.48
    3.40
    3.06
    3.40
    2.89
    3.74
    3.45
    3.48
    3.40
    3.23
    1.76
    3.31
    3.00
    2.61
    2.61
    2.86
    3.45
    1.73
    3.37
    2.49
    5.35
    3.71
    3.62
    3.06
    3.48
    3.48
    3.26
    3.20
    3.60
    2.69
    3.17
    3.06
    2.52
    2.94
    3.31
    3.48
    3.20
    2.97
    2.86
    2.86
    3.85
    2.94
    3.06
    2.83
    2.24
    1.87
    2.61
    3.09
    3.06
    2.66
    2.72
    2.69
    2.61
    2.66
    2.69
    2.66
    2.63
    2.61
    2.66
    2.63
    2.69
    2.66
    2.69
    3.26
    2.86
    2.66
    2.58
    2.83
    2.07
    4.62
    2.66
    2.41
    2.61
    2.49
    2.66
    8.78
    2.66
    3.54
    2.69
    2.72
    2.66
    2.35
    2.29
    2.12
    2.15
    3.09
    2.04
    2.55
    2.41
    2.10
    2.35
    2.35
    2.07
    2.78
    1.42
    2.78
    8.30
    7.25
    7.25
   10.85
    9.09
    5.47
    2.89
    3.06
    3.03
    3.60
    3.62
   55.50
   22.29
   30.33
   57.26
   67.96
   69.94
   70.62
   66.83
   24.38
   25.15
   63.88
   61.08
   65.41
   67.71
   49.07
   18.75
    3.71
   18.83
   33.87
   35.31
   35.28
   38.91
   20.22
    3.28
   14.47
   18.09
   12.03
   16.79
   18.09
   23.87
    3.31
   16.40
   12.71
   12.26
   16.23
   14.33
   20.02
    3.62
   10.90
   14.50
   12.60
   16.31
   35.40
   42.16
   41.54
   40.72
   41.34
   38.54
   45.28
   43.30
   19.28
    6.00
   14.55
   13.39
   12.63
   12.66
   12.80
   20.27
    3.60
   13.54
   12.66
   13.03
   13.59
   10.82
   20.25
    4.70
   12.46
   14.24
   10.85
   12.23
   12.91
   19.82
    3.91
   13.37
   12.52
   12.63
   12.63
   13.05
   18.60
   14.70
   24.07
   19.23
   19.26
   20.98
   12.37
   18.49
    4.02
   10.99
   12.43
   13.17
   13.93
   12.49
   20.90
    3.20
   20.47
   22.12
   20.08
   19.91
   20.50
   19.74
   13.37
   38.40
   34.46
   33.16
   33.05
   12.40
   20.16
    3.60
   33.87
   33.87
   34.01
   32.65
   32.14
   28.94
    8.33
   33.41
   32.25
   32.08
   31.06
   30.87
   30.27
   26.31
   16.96
    3.06
    2.78
    3.54
    3.54
   12.03
    3.48
    3.43
    9.00
    6.97
    8.72
    8.69
   11.69
    3.51
    8.66
    8.75
    9.09
    9.00
    8.35
   11.98
    1.78
   30.75
   31.15
   27.89
   21.92
   15.46
   11.61
    3.45
   18.24
   17.61
   14.10
    3.06
    1.42
   15.35
    2.21
    1.70
    1.73
    3.48
    2.04
    1.93
    4.28
    2.24
    2.35
    2.07
    1.70
    2.46
   21.21
   42.53
   42.50
   14.33
    2.10
    1.64
   13.65
   42.50
   42.42
   44.06
   11.89
    2.12
    2.07
   12.01
   42.48
   42.39
   42.25
   10.93
    3.06
    0.96
   22.82
   78.92
   79.06
   79.00
   53.32
   42.59
   41.65
   42.31
   42.39
   42.31
   42.16
   13.31
    1.16
   18.60
   42.16
   42.08
   42.02
   41.94
   13.34
    2.66
    1.70
    0.48
   13.71
   43.13
   43.07
   15.01
    1.67
    0.74
    0.00
   29.48
   79.68
   78.92
   18.32
    1.47
   29.28
   31.46
   59.24
    4.67
   15.89
   62.55
   79.03
   66.09
   41.54
    4.30
   43.83
   43.07
   72.07
   83.99
   84.61
   84.19
   86.82
   86.99
   87.24
   46.98
   16.25
   14.84
   14.36
   15.46
    8.92
    5.21
    7.11
    8.24
    6.80
   16.28
    9.51
   16.45
   11.04
   35.17
   45.25
   54.93
   55.30
   52.41
   68.89
   46.84
   38.45
   69.12
   79.12
   79.88
   78.95
   78.98
   79.00
   78.98
   61.96
   45.42
   44.34
   45.17
   41.71
   41.77
   21.10
   36.02
   41.12
   18.86
   19.26
   26.16
   25.97
   24.38
   26.73
   13.65
   23.47
   13.88
   17.53
    8.52
   12.35
   11.55
   12.23
   14.02
   13.79
   42.02
   41.99
   41.17
    9.12
    7.59
   11.78
   14.72
   21.63
   21.04
   19.65
   20.16
   20.22
   29.85
   39.64
   25.06
   30.55
   33.70
   41.06
   48.00
   45.28
   47.09
   24.75
   39.73
   39.05
   59.04
   55.39
   56.38
   57.54
   35.06
   31.88
   38.62
   39.64
   40.55
   41.68
   40.58
   16.88
   11.67
    6.68
    6.97
    7.14
    6.26
    7.16
    7.14
    5.83
    5.49
    7.39
    7.08
    9.17
    6.63
    6.60
    7.19
    7.16
    7.87
    6.06
    6.57
    6.20
    5.95
    6.06
   13.73
   13.85
   10.17
   10.85
   11.55
   10.25
    9.34
   14.19
    7.53
    7.90
   15.21
   11.50
   12.69
   13.08
   11.04
    7.22
    6.99
   12.32
    8.27
    8.72
   16.59
   18.21
   32.71
   21.46
   23.13
   21.29
   11.16
    9.23
    9.23
   11.61
   11.04
   11.07
   11.24
   19.94
   11.24
   19.82
   15.74
   19.45
   15.86
   12.83
   20.95
    9.17
   17.50
   18.24
   13.11
   14.02
   14.75
   21.12
    5.44
   14.16
   15.23
   14.64
   13.68
   17.02
   20.42
    6.94
   17.16
   15.89
   14.55
   14.67
   14.22
   20.73
    7.99
   15.23
   17.16
   13.88
   14.47
   14.84
   20.22
    5.64
   13.56
   13.59
   14.55
   12.63
   13.65
   21.55
    3.74
   11.13
   11.33
   11.64
   12.52
    9.60
   19.60
    5.69
   10.87
   12.80
   11.69
   11.95
   10.73
   17.41
    4.42
    9.83
   12.86
   11.02
   11.86
   10.93
   17.53
    4.25
   10.39
    9.49
    9.97
   10.25
   12.29
   19.40
    3.99
   16.45
   11.19
   11.33
   12.03
   11.04
   17.47
    3.71
   18.69
   18.49
   20.27
   12.52
    9.88
   16.62
    2.83
   23.84
   12.20
   14.33
   11.89
   13.51
   17.95
    3.34
   31.88
   37.58
   35.20
   29.14
   34.15
   21.29
    6.51
   13.00
    7.70
    6.23
    6.29
    6.99
   14.33
    5.27
    8.95
    4.64
    8.01
    7.62
    4.25
   16.11
    6.40
    5.92
    7.14
    3.68
    6.80
    6.60
   14.53
    5.41
    5.55
    4.11
    6.74
    6.09
    6.94
   15.01
    5.41
    5.55
    7.36
    7.90
    6.94
    5.44
   17.36
    5.75
    6.85
    8.61
    6.03
    7.67
    6.71
   15.86
    7.11
    5.41
    6.71
    7.05
    7.16
    5.38
   13.17
    5.38
    7.39
    5.04
    6.60
    5.80
    5.38
   14.19
    6.14
    4.50
    7.53
    5.38
    5.24
    7.16
    3.62
    5.83
    5.38
    5.15
    6.43
    3.96
    5.18
    4.62
    5.83
    5.18
    5.01
    5.27
    5.27
    4.47
    5.69
    5.15
    3.77
    5.27
    5.13
    4.96
    4.45
    5.41
    4.19
    4.76
    4.28
    3.51
    3.68
    4.39
    4.73
    4.19
    4.39
    4.39
    4.53
    3.57
    5.32
    3.65
    4.96
    4.87
    4.50
    5.24
    4.79
    3.77
    5.92
    4.13
    3.77
    4.11
    4.73
    5.89
    4.56
    4.98
    4.45
    3.68
    5.47
    4.47
    4.96
    4.64
    4.76
    4.45
   14.36
   13.20
   16.37
   28.18
   31.12
    8.58
    4.98
   19.17
   13.03
   25.63
   23.02
   15.21
    6.54
    4.76
    5.83
    7.87
    6.85
    7.14
    6.51
   11.69
    6.31
   14.58
   25.40
   24.86
   19.51
   22.40
    7.33
    8.01
   12.71
   14.27
   30.33
   28.15
   28.32
   10.68
   10.39
   28.29
   29.28
   30.02
   27.07
   22.20
    6.26
    6.37
    7.05
    4.93
    4.11
    3.54
    3.37
    3.68
    3.68
   26.62
   28.23
   20.44
   15.01
   14.19
    7.31
    7.19
   29.00
   41.80
   52.07
   52.53
   54.62
   42.48
   42.50
   54.93
   61.62
   58.47
   56.52
   59.58
   42.84
   41.06
   53.72
   56.75
   51.82
   53.12
   42.65
   32.59
   32.03
   42.56
   42.45
   42.42
   31.91
   17.16
    7.28
    8.27
   32.20
   32.37
   28.18
   26.53
   21.41
    9.12
    9.49
   30.44
   30.44
   31.21
   30.04
   32.85
   19.43
   21.41
   27.27
   28.63
   30.47
   32.56
   31.43
   22.71
   59.47
   56.27
   60.00
   59.75
   60.00
   59.86
   34.49
   23.53
   12.91
   15.80
   20.73
   24.49
   22.40
    8.33
    7.31
   14.55
    2.46
    3.82
    6.12
   39.08
    9.54
   10.99
    9.17
   13.25
   12.77
   23.90
   16.59
    9.54
    9.15
   31.86
   32.71
   33.41
   38.06
   38.17
   25.77
   23.67
   33.44
   25.46
   30.47
   26.82
   29.00
   17.08
    3.26
   14.64
   12.94
   13.82
   12.57
   10.99
   18.92
    7.36
   21.83
   22.34
   21.41
   23.30
   20.90
   16.99
    5.32
   21.78
   16.37
   16.31
   16.17
   16.51
   16.28
    5.97
   10.90
   12.71
   12.71
   12.69
   10.90
   17.39
    4.70
   16.40
   12.69
   10.93
   10.90
   13.56
   20.67
    5.18
   10.90
   10.90
   10.90
   13.39
   11.02
   18.72
    3.82
   11.30
   13.22
   12.23
   12.69
   10.87
   17.39
    5.55
   10.85
   11.55
   10.85
   10.85
   11.07
   17.36
    4.73
   10.85
   12.69
   10.85
   11.53
   10.42
   20.93
    3.51
   22.43
   10.39
   12.12
   12.71
   14.19
   16.54
    3.51
   29.99
   30.81
   30.78
   29.36
   33.33
   17.75
    4.70
   31.09
   28.68
   28.77
   28.77
   30.02
   18.21
    7.59
   28.35
   25.00
   31.46
   31.26
   24.86
   16.54
    3.48
   10.82
   10.76
   10.22
   13.73
   10.79
   19.91
    5.15
    8.55
    3.48
    5.21
    3.48
    3.48
   10.70
    3.48
    6.88
   16.45
    5.13
    5.18
    8.58
    8.55
    3.48
    8.58
    8.66
    8.16
   10.25
   10.28
    8.55
    4.28
    5.18
    3.65
    5.04
    5.24
    4.98
   11.86
    4.67
    5.18
    5.21
    5.21
    5.24
    5.24
   10.45
    3.48
    6.99
    6.99
    6.97
    6.99
    6.99
   10.22
    4.79
    8.13
    6.63
    6.97
    7.84
    2.83
   10.45
    3.34
    6.48
    6.97
    8.72
    8.69
    8.69
   10.45
    5.21
    8.92
    8.24
    8.61
    8.64
    8.44
    3.45
    3.45
    7.16
    9.40
   12.20
   20.44
   22.85
    2.94
    3.45
   19.17
   22.63
   21.24
   23.28
   28.43
    3.51
    3.62
   18.66
   18.69
   10.22
   10.79
   10.42
    3.48
    3.45
   19.14
   19.43
   26.22
   27.47
   25.29
   24.49
   25.09
   24.89
   45.53
   54.99
   55.87
   50.94
   32.05
    3.23
    5.83
   42.05
   59.64
   48.96
   53.75
   41.99
   31.55
   47.35
   41.91
   40.69
    3.28
    3.34
    3.65
    3.96
    3.31
   56.69
   49.95
   67.76
   48.25
    3.57
    3.57
   21.44
   31.94
   23.96
   18.04
   22.26
    7.02
    7.02
   20.44
   20.95
    3.62
   22.63
   29.11
   20.61
   24.66
   46.58
   53.26
   56.58
   57.26
   51.03
   18.01
   24.64
   43.47
   52.56
   52.81
   52.67
   51.06
   32.14
   26.33
   42.76
   47.63
   45.90
   47.80
   46.50
   17.56
   15.74
   17.58
   17.53
   20.87
   17.53
   16.88
    7.02
    6.91
   30.75
   36.19
   36.27
   13.05
   12.74
    9.06
    8.35
   27.75
   22.99
   15.29
    7.50
    9.17
    9.60
    9.80
   24.58
   17.44
   14.22
   16.45
   16.76
   14.72
   36.30
   14.92
   16.03
   15.66
   10.90
    8.66
   15.23
   36.27
   15.06
   16.25
   16.17
   16.82
    8.01
   15.35
   36.27
   15.12
   14.98
   15.43
   15.43
   15.12
   15.77
   36.27
   15.55
   14.36
   13.48
    4.59
    3.65
    6.20
    2.72
    4.53
    7.45
    9.54
   36.44
   32.11
   27.35
   27.33
   36.44
   36.53
   36.50
   36.47
   35.85
    9.15
    9.09
   15.18
   15.38
   15.15
   27.50
   16.71
    4.50
    3.54
    5.21
    6.26
   11.67
   18.69
   19.43
   23.25
   17.53
   24.07
   39.70
   38.54
   35.99
   35.99
   16.76
   18.66
   16.68
   22.31
   16.68
   18.18
   17.81
   12.06
   18.94
   24.38
   22.71
   26.79
   37.15
   37.83
   27.18
   27.13
   23.36
   22.57
   31.04
   36.44
   36.39
   18.89
    6.03
   10.59
   18.60
   16.45
   15.86
   16.57
   17.33
    3.48
   18.66
   16.65
   19.31
   19.57
   19.65
   18.43
    4.76
   22.88
   16.25
   16.08
   15.12
   15.18
   17.53
   10.51
   15.12
   14.19
   13.76
   16.79
   24.10
   22.37
    9.60
   19.57
   25.74
   23.67
   24.27
   22.99
   20.44
    3.57
   25.37
   20.30
   21.72
   19.45
   21.66
   21.92
    7.45
   21.63
   14.22
   14.38
   10.76
   14.50
   18.49
    5.10
   10.28
   15.97
   13.39
   11.64
   13.37
   20.50
    3.48
   14.07
   13.71
   11.61
   14.07
    9.06
   22.20
    5.61
   15.26
   12.32
   12.18
   13.88
   12.06
   17.67
    4.76
   17.61
   28.09
   30.61
   21.66
   13.31
   19.14
    4.90
   22.91
   26.45
   26.93
   22.06
   19.57
   19.40
    4.33
   31.35
   33.24
   33.95
   33.92
   33.67
   18.55
    4.39
   35.91
   37.92
   37.15
   36.70
   37.80
   27.10
    3.00
   11.84
   18.94
   18.15
   16.37
   17.05
   19.14
    1.16
    2.69
    3.60
    3.82
    3.57
    9.57
   17.64
    8.35
    4.33
    5.41
    8.16
    7.73
    7.82
   13.48
    3.03
   10.87
   16.51
   14.36
   15.09
   13.96
   11.10
    1.08
    3.40
    3.99
    3.79
    3.85
    8.86
   11.61
    4.64
    9.23
   17.58
   18.77
   16.82
   24.01
   14.07
    3.71
   24.61
   25.17
   25.37
   25.57
   23.08
   13.56
    3.20
   12.83
   18.55
   20.53
   20.93
   27.72
   11.04
    5.30
   13.42
   18.60
   19.62
   18.21
   18.18
   10.73
    3.09
   31.86
   36.44
   36.39
   36.50
   32.45
   23.53
    9.80
   30.72
   31.60
   34.15
   33.05
   34.43
   23.47
    9.15
   32.62
   32.85
   38.85
   30.27
   29.31
   28.15
   28.23
   39.76
   41.20
   47.09
   46.81
   46.81
   30.47
   29.79
    9.77
    9.60
    9.63
    8.75
   11.89
    6.37
    7.73
   21.63
   22.12
    3.28
    6.06
    3.43
    3.40
    3.62
    3.62
    3.85
    3.91
    4.81
    3.48
    3.31
    3.26
    3.23
    3.34
    3.57
    3.34
    3.34
    3.26
    3.17
    3.23
    2.72
   17.78
   10.87
   10.36
    2.89
    3.34
   14.07
   15.60
   16.31
   15.60
   15.23
    3.34
    4.28
   12.74
    2.21
    0.00
    0.00
    3.48
   34.77
   43.95
   44.80
   58.76
   71.56
   79.80
   79.80
   80.67
   82.09
   86.28
   81.24
   25.23
   60.03
   85.04
   84.36
   84.24
   85.06
   84.98
   80.14
   85.66
   82.77
   79.66
   79.57
   79.68
   80.22
   80.36
   80.45
   79.77
   85.09
   82.63
   84.13
   29.14
   41.43
   47.18
   80.05
   79.97
   80.05
   78.78
   61.45
   42.42
   42.39
   44.46
   20.47
   19.99
   13.71
    4.11
    3.11
    3.54
    4.33
    4.16
    3.91
   21.07
   31.04
   23.50
   17.61
   17.08
   15.04
   42.42
   17.64
   16.82
   16.08
   14.41
   15.43
   14.72
   44.91
   14.67
   15.55
   16.34
   14.30
   16.03
   15.63
   44.49
   16.25
   15.12
   16.40
   17.19
   17.56
   15.15
   42.14
   16.20
   16.59
   18.38
   16.42
   44.03
   44.17
   44.17
   44.17
   43.95
   43.69
   44.15
   44.17
   44.17
   44.17
   44.15
   44.17
   44.12
   44.12
   44.15
   25.57
   32.82
   32.25
   44.37
   34.89
   38.20
   14.38
   32.90
   23.93
   34.35
   83.08
   87.05
   87.16
   83.53
   81.98
   85.23
   85.35
   85.49
   85.35
   85.77
   85.80
   79.85
   79.80
   85.40
   86.56
   75.95
   83.65
   65.75
   50.97
   35.51
   27.18
   43.95
   39.67
   40.24
   36.95
   22.43
   22.09
   30.78
   31.40
   36.30
   39.47
   29.68
   32.03
   28.43
   32.48
   32.93
   43.89
   43.61
   42.14
   24.61
   13.65
   16.62
   23.64
   23.16
   24.04
   29.76
   27.24
   14.64
   21.78
   16.40
   18.26
   24.78
   25.71
   17.92
   16.93
   12.80
   25.60
   34.49
   44.15
   71.02
   83.05
   82.97
   86.96
   90.64
   83.59
   72.52
   89.65
   90.44
   90.16
   90.13
   89.85
   84.84
   90.36
   90.39
   90.53
   90.59
   90.67
   90.76
   90.61
   90.67
   64.70
   24.75
   22.31
   31.06
   32.65
   38.88
   39.50
   36.13
   33.16
   25.23
   27.98
   27.41
   27.95
   29.19
   20.30
   21.55
    9.40
   31.52
   33.41
   32.85
   40.24
   44.00
   46.04
   44.00
   27.64
   27.64
   26.42
   25.60
   28.80
   22.54
    3.74
   22.20
   23.28
   19.51
   20.44
   19.45
   22.60
   14.67
   26.02
   28.71
   43.78
   44.97
   44.71
   33.44
    2.78
    3.40
    8.86
    6.46
    3.68
   30.19
   33.87
    3.68
    3.54
    6.14
    5.78
   32.34
   47.63
   34.83
    3.62
    3.68
    1.87
    3.60
   34.91
   43.01
   34.83
    3.71
    2.04
    3.43
    1.93
   22.40
   28.68
   48.22
   42.70
   42.73
   42.93
   43.58
   43.13
   44.15
   46.01
   46.07
   46.30
   46.98
   47.15
   47.12
   47.20
   46.18
   43.18
   44.06
   46.78
   46.98
   46.98
   47.15
   47.06
   47.03
   46.35
   46.72
   46.98
   24.24
    3.91
    3.62
    3.40
    3.60
    3.37
    3.62
    3.62
    3.94
    3.31
    3.31
    3.62
    3.06
    3.03
    3.60
    3.60
    2.83
    3.51
    3.45
    3.09
    3.20
    3.40
    3.62
    3.60
    3.60
   23.33
    1.81
   33.27
   40.49
   36.53
    6.20
    8.44
   32.62
   32.48
   23.62
   33.22
   32.82
   30.75
   20.78
   42.62
   46.98
   31.26
   35.57
   31.43
   23.73
   23.96
   15.40
   22.51
   21.15
   19.71
   20.05
    3.09
   14.75
   28.40
   29.02
   43.32
   43.32
   46.89
   47.23
   47.29
   47.71
